0.051026 1 1 0
0.022522 1 -1 0
-0.069388 2 0 0
0.000463 2 2 0
0.034223 2 -2 0
0.001643 3 1 0
-0.106827 3 -1 0
-0.013302 3 3 0
0.002414 3 -3 0
0.063805 4 0 0
-0.012084 4 2 0
-0.055787 4 -2 0
0.003767 4 4 0
-0.015946 4 -4 0
0.017447 5 1 0
0.144703 5 -1 0
-0.004969 5 3 0
-0.009062 5 -3 0
0.004337 5 5 0
-0.007802 5 -5 0
-0.025423 6 0 0
0.031807 6 2 0
0.080978 6 -2 0
-0.008866 6 4 0
0.001229 6 -4 0
-0.004124 6 6 0
-0.002634 6 -6 0
-0.015875 7 1 0
-0.107374 7 -1 0
0.015457 7 3 0
0.037664 7 -3 0
-0.001648 7 5 0
-0.011470 7 -5 0
0.014670 7 7 0
-0.003748 7 -7 0
-0.009975 8 0 0
-0.033681 8 2 0
-0.081508 8 -2 0
0.009621 8 4 0
0.014011 8 -4 0
-0.006703 8 6 0
0.011362 8 -6 0
-0.017637 8 8 0
-0.000222 8 -8 0
0.006655 9 1 0
0.078430 9 -1 0
-0.021563 9 3 0
-0.037003 9 -3 0
0.003453 9 5 0
-0.006392 9 -5 0
0.013192 9 7 0
-0.005980 9 -7 0
0.006506 9 9 0
0.002333 9 -9 0
0.016634 10 0 0
0.026728 10 2 0
0.053921 10 -2 0
-0.013975 10 4 0
-0.017423 10 -4 0
-0.006353 10 6 0
0.001536 10 -6 0
-0.004964 10 8 0
0.006218 10 -8 0
-0.008058 10 10 0
-0.007522 10 -10 0
-0.002001 11 1 0
-0.018315 11 -1 0
0.017925 11 3 0
0.039754 11 -3 0
-0.008624 11 5 0
-0.008212 11 -5 0
0.010041 11 7 0
-0.004530 11 -7 0
0.006179 11 9 0
0.001653 11 -9 0
0.003220 11 11 0
0.002979 11 -11 0
-0.019024 12 0 0
-0.016426 12 2 0
-0.031925 12 -2 0
0.013399 12 4 0
0.017975 12 -4 0
-0.002121 12 6 0
0.010754 12 -6 0
-0.011080 12 8 0
0.001056 12 -8 0
-0.002002 12 10 0
-0.000440 12 -10 0
0.003876 12 12 0
-0.002651 12 -12 0
-0.004428 13 1 0
0.017110 13 -1 0
-0.013661 13 3 0
-0.018151 13 -3 0
0.004799 13 5 0
0.001023 13 -5 0
0.008228 13 7 0
0.000981 13 -7 0
0.001615 13 9 0
0.002491 13 -9 0
0.001761 13 11 0
0.002601 13 -11 0
-0.005090 13 13 0
0.004598 13 -13 0
0.010557 14 0 0
0.008026 14 2 0
0.009768 14 -2 0
-0.012662 14 4 0
-0.013895 14 -4 0
-0.001989 14 6 0
0.000736 14 -6 0
-0.001680 14 8 0
0.004897 14 -8 0
-0.001833 14 10 0
-0.001800 14 -10 0
0.003881 14 12 0
-0.000964 14 -12 0
0.003451 14 14 0
-0.001011 14 -14 0
0.003152 15 1 0
0.011057 15 -1 0
0.008946 15 3 0
0.017939 15 -3 0
-0.008221 15 5 0
-0.010059 15 -5 0
0.006463 15 7 0
-0.004102 15 -7 0
0.002818 15 9 0
0.002560 15 -9 0
0.001542 15 11 0
0.002606 15 -11 0
-0.003538 15 13 0
0.004679 15 -13 0
0.000928 15 15 0
0.005578 15 -15 0
-0.006952 16 0 0
-0.001769 16 2 0
-0.004092 16 -2 0
0.007778 16 4 0
0.009197 16 -4 0
-0.002748 16 6 0
0.002082 16 -6 0
-0.006469 16 8 0
0.001567 16 -8 0
0.000397 16 10 0
-0.001212 16 -10 0
0.002709 16 12 0
-0.000892 16 -12 0
0.002545 16 14 0
0.000367 16 -14 0
0.005638 16 16 0
0.001984 16 -16 0
-0.001801 17 1 0
-0.001153 17 -1 0
-0.003674 17 3 0
-0.001950 17 -3 0
0.005046 17 5 0
0.003417 17 -5 0
0.002684 17 7 0
-0.001116 17 -7 0
0.001346 17 9 0
0.000981 17 -9 0
0.000401 17 11 0
0.000090 17 -11 0
-0.000849 17 13 0
0.003771 17 -13 0
-0.000136 17 15 0
0.001116 17 -15 0
0.001533 17 17 0
0.001985 17 -17 0
0.001963 18 0 0
0.000116 18 2 0
-0.001029 18 -2 0
-0.003020 18 4 0
-0.004744 18 -4 0
0.001924 18 6 0
0.002129 18 -6 0
0.000273 18 8 0
0.000762 18 -8 0
-0.000663 18 10 0
-0.000572 18 -10 0
0.002146 18 12 0
0.001403 18 -12 0
0.001465 18 14 0
0.002464 18 -14 0
0.002699 18 16 0
0.003110 18 -16 0
-0.000650 18 18 0
0.001113 18 -18 0
0.001967 19 1 0
0.009404 19 -1 0
0.000923 19 3 0
0.002621 19 -3 0
-0.004821 19 5 0
-0.006965 19 -5 0
0.004433 19 7 0
-0.001578 19 -7 0
0.000978 19 9 0
-0.000996 19 -9 0
-0.000265 19 11 0
