0.292213 1 1 0
0.374575 1 -1 0
0.117401 2 0 0
0.085514 2 2 0
0.065235 2 -2 0
-0.330788 3 1 0
0.119612 3 -1 0
-0.058740 3 3 0
0.103775 3 -3 0
0.156419 4 0 0
-0.293794 4 2 0
-0.215554 4 -2 0
-0.089223 4 4 0
0.018064 4 -4 0
-0.082297 5 1 0
-0.066218 5 -1 0
0.033140 5 3 0
-0.320828 5 -3 0
-0.023113 5 5 0
-0.097435 5 -5 0
-0.065024 6 0 0
0.127923 6 2 0
0.071347 6 -2 0
0.288272 6 4 0
-0.045231 6 -4 0
0.024260 6 6 0
-0.035067 6 -6 0
0.145065 7 1 0
-0.201500 7 -1 0
-0.067055 7 3 0
0.260653 7 -3 0
0.169683 7 5 0
0.120647 7 -5 0
0.023655 7 7 0
-0.074355 7 -7 0
0.027486 8 0 0
0.080286 8 2 0
0.056445 8 -2 0
-0.194495 8 4 0
0.085596 8 -4 0
-0.071778 8 6 0
0.181828 8 -6 0
0.165117 8 8 0
-0.074120 8 -8 0
-0.092661 9 1 0
-0.046089 9 -1 0
-0.007292 9 3 0
0.011443 9 -3 0
-0.083936 9 5 0
-0.136878 9 -5 0
-0.149062 9 7 0
-0.003746 9 -7 0
-0.022567 9 9 0
0.072250 9 -9 0
0.069758 10 0 0
-0.083389 10 2 0
-0.038880 10 -2 0
0.120061 10 4 0
-0.007284 10 -4 0
0.057797 10 6 0
-0.065491 10 -6 0
0.057592 10 8 0
-0.152067 10 -8 0
-0.109380 10 10 0
-0.077958 10 -10 0
-0.019335 11 1 0
-0.077638 11 -1 0
-0.011889 11 3 0
-0.018583 11 -3 0
0.120426 11 5 0
0.096471 11 -5 0
0.049574 11 7 0
0.011539 11 -7 0
0.003276 11 9 0
-0.003695 11 -9 0
0.104126 11 11 0
0.137181 11 -11 0
0.003836 12 0 0
0.026032 12 2 0
0.016038 12 -2 0
0.024356 12 4 0
0.002406 12 -4 0
-0.031296 12 6 0
0.140642 12 -6 0
0.102585 12 8 0
-0.006293 12 -8 0
-0.040337 12 10 0
-0.078659 12 -10 0
-0.227484 12 12 0
0.013906 12 -12 0
0.034538 13 1 0
-0.077917 13 -1 0
0.014354 13 3 0
0.080769 13 -3 0
0.015728 13 5 0
-0.003371 13 -5 0
-0.113898 13 7 0
0.020920 13 -7 0
-0.029896 13 9 0
0.062013 13 -9 0
0.113565 13 11 0
0.108872 13 -11 0
0.002973 13 13 0
-0.049526 13 -13 0
0.012578 14 0 0
0.006987 14 2 0
0.016679 14 -2 0
-0.012574 14 4 0
0.032015 14 -4 0
0.032945 14 6 0
-0.000806 14 -6 0
0.035386 14 8 0
-0.090641 14 -8 0
-0.076775 14 10 0
-0.040506 14 -10 0
-0.138340 14 12 0
0.034332 14 -12 0
-0.052274 14 14 0
0.008705 14 -14 0
-0.001113 15 1 0
-0.030001 15 -1 0
-0.005081 15 3 0
0.022009 15 -3 0
0.015139 15 5 0
0.024972 15 -5 0
0.012858 15 7 0
0.030793 15 -7 0
0.026461 15 9 0
0.000052 15 -9 0
0.050107 15 11 0
0.047252 15 -11 0
0.002418 15 13 0
-0.013224 15 -13 0
-0.018870 15 15 0
-0.074920 15 -15 0
0.014524 16 0 0
-0.028470 16 2 0
-0.005923 16 -2 0
0.022181 16 4 0
-0.017409 16 -4 0
0.011544 16 6 0
0.025270 16 -6 0
0.038261 16 8 0
0.010294 16 -8 0
-0.009331 16 10 0
-0.016653 16 -10 0
-0.066438 16 12 0
0.002781 16 -12 0
-0.027338 16 14 0
0.012856 16 -14 0
0.060905 16 16 0
-0.017324 16 -16 0
-0.001584 17 1 0
-0.016203 17 -1 0
0.006473 17 3 0
0.006343 17 -3 0
0.035701 17 5 0
0.015054 17 -5 0
-0.029008 17 7 0
0.022282 17 -7 0
-0.014654 17 9 0
0.029281 17 -9 0
0.040748 17 11 0
0.042159 17 -11 0
0.017405 17 13 0
-0.012430 17 -13 0
-0.007050 17 15 0
-0.035067 17 -15 0
-0.004247 17 17 0
-0.014942 17 -17 0
-0.000249 18 0 0
-0.001377 18 2 0
-0.004003 18 -2 0
0.008376 18 4 0
0.004717 18 -4 0
0.017644 18 6 0
0.026137 18 -6 0
0.005170 18 8 0
-0.022391 18 -8 0
-0.033062 18 10 0
-0.017202 18 -10 0
-0.034199 18 12 0
0.016419 18 -12 0
0.002328 18 14 0
0.016360 18 -14 0
0.027247 18 16 0
-0.001879 18 -16 0
0.005130 18 18 0
-0.000820 18 -18 0
0.010681 19 1 0
-0.017917 19 -1 0
0.010393 19 3 0
0.012777 19 -3 0
0.001984 19 5 0
0.013522 19 -5 0
-0.012257 19 7 0
0.022065 19 -7 0
0.012232 19 9 0
-0.001647 19 -9 0
0.012464 19 11 0
