0.208586 1 1 0
0.351030 1 -1 0
0.109102 2 0 0
0.080133 2 2 0
0.096037 2 -2 0
-0.320183 3 1 0
0.100550 3 -1 0
-0.078136 3 3 0
0.110906 3 -3 0
0.163206 4 0 0
-0.284604 4 2 0
-0.236383 4 -2 0
-0.086995 4 4 0
0.004377 4 -4 0
-0.074987 5 1 0
-0.058455 5 -1 0
0.051982 5 3 0
-0.324600 5 -3 0
-0.008128 5 5 0
-0.103980 5 -5 0
-0.073660 6 0 0
0.131986 6 2 0
0.065039 6 -2 0
0.264303 6 4 0
-0.036968 6 -4 0
0.027069 6 6 0
-0.032874 6 -6 0
0.146400 7 1 0
-0.192906 7 -1 0
-0.060693 7 3 0
0.268233 7 -3 0
0.167839 7 5 0
0.116440 7 -5 0
0.016292 7 7 0
-0.087444 7 -7 0
0.022338 8 0 0
0.084689 8 2 0
0.043719 8 -2 0
-0.215128 8 4 0
0.085430 8 -4 0
-0.062851 8 6 0
0.182156 8 -6 0
0.160026 8 8 0
-0.070486 8 -8 0
-0.084232 9 1 0
-0.035659 9 -1 0
0.003052 9 3 0
0.012108 9 -3 0
-0.079593 9 5 0
-0.139132 9 -5 0
-0.157783 9 7 0
-0.018576 9 -7 0
-0.024236 9 9 0
0.092871 9 -9 0
0.067810 10 0 0
-0.077104 10 2 0
-0.042310 10 -2 0
0.099922 10 4 0
0.000345 10 -4 0
0.062986 10 6 0
-0.051093 10 -6 0
0.053457 10 8 0
-0.144334 10 -8 0
-0.103984 10 10 0
-0.072395 10 -10 0
-0.017704 11 1 0
-0.070007 11 -1 0
-0.005508 11 3 0
-0.009426 11 -3 0
0.121511 11 5 0
0.098880 11 -5 0
0.040692 11 7 0
-0.001405 11 -7 0
0.001401 11 9 0
0.018371 11 -9 0
0.102929 11 11 0
0.118211 11 -11 0
0.002751 12 0 0
0.030248 12 2 0
0.009378 12 -2 0
0.009397 12 4 0
0.009740 12 -4 0
-0.029238 12 6 0
0.147592 12 -6 0
0.099583 12 8 0
-0.001983 12 -8 0
-0.034430 12 10 0
-0.074459 12 -10 0
-0.210012 12 12 0
0.001711 12 -12 0
0.034616 13 1 0
-0.071977 13 -1 0
0.017410 13 3 0
0.088480 13 -3 0
0.016248 13 5 0
-0.000214 13 -5 0
-0.123883 13 7 0
0.012843 13 -7 0
-0.031487 13 9 0
0.079194 13 -9 0
0.113022 13 11 0
0.098742 13 -11 0
0.017180 13 13 0
-0.061943 13 -13 0
0.012686 14 0 0
0.011913 14 2 0
0.014491 14 -2 0
-0.025290 14 4 0
0.039246 14 -4 0
0.030549 14 6 0
0.007991 14 -6 0
0.031986 14 8 0
-0.084030 14 -8 0
-0.075357 14 10 0
-0.037413 14 -10 0
-0.129101 14 12 0
0.027283 14 -12 0
-0.037622 14 14 0
0.007161 14 -14 0
-0.002612 15 1 0
-0.024990 15 -1 0
-0.002088 15 3 0
0.027621 15 -3 0
0.013802 15 5 0
0.029173 15 -5 0
0.006771 15 7 0
0.024346 15 -7 0
0.026917 15 9 0
0.012930 15 -9 0
0.048538 15 11 0
0.040532 15 -11 0
0.009798 15 13 0
-0.016727 15 -13 0
-0.012472 15 15 0
-0.076048 15 -15 0
0.015999 16 0 0
-0.026072 16 2 0
-0.007661 16 -2 0
0.013870 16 4 0
-0.012280 16 -4 0
0.010629 16 6 0
0.031827 16 -6 0
0.036347 16 8 0
0.014698 16 -8 0
-0.008227 16 10 0
-0.012790 16 -10 0
-0.062595 16 12 0
0.000256 16 -12 0
-0.019696 16 14 0
0.013503 16 -14 0
0.056192 16 16 0
-0.026550 16 -16 0
-0.003408 17 1 0
-0.014422 17 -1 0
0.008153 17 3 0
0.010486 17 -3 0
0.035945 17 5 0
0.017439 17 -5 0
-0.032638 17 7 0
0.018461 17 -7 0
-0.016296 17 9 0
0.036641 17 -9 0
0.038174 17 11 0
0.041581 17 -11 0
0.018445 17 13 0
-0.014285 17 -13 0
-0.005695 17 15 0
-0.036543 17 -15 0
-0.000200 17 17 0
-0.005239 17 -17 0
0.000087 18 0 0
-0.000555 18 2 0
-0.006060 18 -2 0
0.004462 18 4 0
0.008294 18 -4 0
0.016103 18 6 0
0.028147 18 -6 0
0.004350 18 8 0
-0.019355 18 -8 0
-0.033525 18 10 0
-0.017937 18 -10 0
-0.031317 18 12 0
0.013307 18 -12 0
0.004252 18 14 0
0.017503 18 -14 0
0.025281 18 16 0
-0.006291 18 -16 0
0.010244 18 18 0
-0.005070 18 -18 0
0.009153 19 1 0
-0.017001 19 -1 0
0.009893 19 3 0
0.015232 19 -3 0
0.001466 19 5 0
0.014321 19 -5 0
-0.014520 19 7 0
0.021161 19 -7 0
0.012360 19 9 0
0.000874 19 -9 0
0.012569 19 11 0
