0.305017 1 1 0
0.410170 1 -1 0
0.127346 2 0 0
0.092881 2 2 0
0.030263 2 -2 0
-0.348456 3 1 0
0.094369 3 -1 0
-0.052246 3 3 0
0.069403 3 -3 0
0.150727 4 0 0
-0.291228 4 2 0
-0.241353 4 -2 0
-0.100861 4 4 0
0.002293 4 -4 0
-0.083082 5 1 0
-0.057306 5 -1 0
0.045706 5 3 0
-0.312205 5 -3 0
-0.020685 5 5 0
-0.090355 5 -5 0
-0.069346 6 0 0
0.120176 6 2 0
0.066470 6 -2 0
0.255319 6 4 0
-0.045312 6 -4 0
0.017524 6 6 0
-0.009277 6 -6 0
0.141769 7 1 0
-0.189676 7 -1 0
-0.043708 7 3 0
0.256313 7 -3 0
0.173411 7 5 0
0.116295 7 -5 0
0.013589 7 7 0
-0.089868 7 -7 0
0.017603 8 0 0
0.077628 8 2 0
0.038390 8 -2 0
-0.221657 8 4 0
0.078999 8 -4 0
-0.068386 8 6 0
0.203156 8 -6 0
0.171980 8 8 0
-0.069219 8 -8 0
-0.094923 9 1 0
-0.028901 9 -1 0
0.006642 9 3 0
0.011857 9 -3 0
-0.080024 9 5 0
-0.137075 9 -5 0
-0.161488 9 7 0
-0.023588 9 -7 0
-0.017611 9 9 0
0.086542 9 -9 0
0.065873 10 0 0
-0.082613 10 2 0
-0.045967 10 -2 0
0.097132 10 4 0
-0.007412 10 -4 0
0.060859 10 6 0
-0.036683 10 -6 0
0.067379 10 8 0
-0.138177 10 -8 0
-0.087745 10 10 0
-0.080423 10 -10 0
-0.024567 11 1 0
-0.058935 11 -1 0
-0.001358 11 3 0
-0.012489 11 -3 0
0.126620 11 5 0
0.100611 11 -5 0
0.041232 11 7 0
-0.004449 11 -7 0
0.010952 11 9 0
0.007252 11 -9 0
0.072134 11 11 0
0.127367 11 -11 0
0.000622 12 0 0
0.029384 12 2 0
0.007492 12 -2 0
0.007271 12 4 0
0.004288 12 -4 0
-0.032983 12 6 0
0.162574 12 -6 0
0.109399 12 8 0
0.001915 12 -8 0
-0.029283 12 10 0
-0.081808 12 -10 0
-0.200914 12 12 0
0.032729 12 -12 0
0.029958 13 1 0
-0.061312 13 -1 0
0.020627 13 3 0
0.085051 13 -3 0
0.019665 13 5 0
-0.000279 13 -5 0
-0.119379 13 7 0
0.009837 13 -7 0
-0.021304 13 9 0
0.072438 13 -9 0
0.094902 13 11 0
0.104903 13 -11 0
-0.013386 13 13 0
-0.069685 13 -13 0
0.011241 14 0 0
0.012120 14 2 0
0.012036 14 -2 0
-0.024822 14 4 0
0.034314 14 -4 0
0.033369 14 6 0
0.016089 14 -6 0
0.041141 14 8 0
-0.082095 14 -8 0
-0.068089 14 10 0
-0.040209 14 -10 0
-0.123077 14 12 0
0.046545 14 -12 0
-0.036266 14 14 0
0.021193 14 -14 0
-0.008109 15 1 0
-0.016182 15 -1 0
-0.001711 15 3 0
0.026141 15 -3 0
0.019376 15 5 0
0.027107 15 -5 0
0.010032 15 7 0
0.025155 15 -7 0
0.030914 15 9 0
0.006723 15 -9 0
0.039290 15 11 0
0.045607 15 -11 0
-0.005772 15 13 0
-0.022905 15 -13 0
-0.027683 15 15 0
-0.073897 15 -15 0
0.014438 16 0 0
-0.024513 16 2 0
-0.008874 16 -2 0
0.015393 16 4 0
-0.015253 16 -4 0
0.009714 16 6 0
0.034849 16 -6 0
0.040779 16 8 0
0.015680 16 -8 0
-0.004331 16 10 0
-0.015655 16 -10 0
-0.058792 16 12 0
0.011532 16 -12 0
-0.019798 16 14 0
0.018664 16 -14 0
0.050508 16 16 0
-0.018477 16 -16 0
-0.004960 17 1 0
-0.006804 17 -1 0
0.008308 17 3 0
0.009603 17 -3 0
0.037949 17 5 0
0.016575 17 -5 0
-0.029823 17 7 0
0.018730 17 -7 0
-0.011949 17 9 0
0.031994 17 -9 0
0.034830 17 11 0
0.043238 17 -11 0
0.013714 17 13 0
-0.016546 17 -13 0
-0.011708 17 15 0
-0.034861 17 -15 0
0.001198 17 17 0
-0.011530 17 -17 0
0.000576 18 0 0
0.002151 18 2 0
-0.006266 18 -2 0
0.004879 18 4 0
0.005916 18 -4 0
0.016518 18 6 0
0.029741 18 -6 0
0.007452 18 8 0
-0.018668 18 -8 0
-0.031761 18 10 0
-0.017922 18 -10 0
-0.031143 18 12 0
0.018762 18 -12 0
0.005448 18 14 0
0.018085 18 -14 0
0.023700 18 16 0
-0.002211 18 -16 0
0.009311 18 18 0
-0.002111 18 -18 0
0.008852 19 1 0
-0.012972 19 -1 0
0.010485 19 3 0
0.013187 19 -3 0
0.003133 19 5 0
0.014162 19 -5 0
-0.012975 19 7 0
0.021022 19 -7 0
0.013663 19 9 0
-0.001184 19 -9 0
0.011253 19 11 0
