0.147488 1 1 0
0.187520 1 -1 0
0.023081 2 0 0
0.024576 2 2 0
-0.046658 2 -2 0
-0.042693 3 1 0
0.087502 3 -1 0
0.034814 3 3 0
-0.003387 3 -3 0
0.020549 4 0 0
-0.070645 4 2 0
0.076479 4 -2 0
-0.004227 4 4 0
0.003070 4 -4 0
-0.011672 5 1 0
0.013855 5 -1 0
-0.088734 5 3 0
0.015173 5 -3 0
0.025765 5 5 0
0.028430 5 -5 0
-0.044741 6 0 0
0.033166 6 2 0
-0.042673 6 -2 0
-0.105384 6 4 0
0.007989 6 -4 0
0.027956 6 6 0
0.045461 6 -6 0
0.024184 7 1 0
-0.062178 7 -1 0
0.060502 7 3 0
-0.010867 7 -3 0
-0.029969 7 5 0
-0.031728 7 -5 0
0.003184 7 7 0
0.006366 7 -7 0
-0.026471 8 0 0
0.029397 8 2 0
-0.020700 8 -2 0
0.028175 8 4 0
0.018787 8 -4 0
-0.009663 8 6 0
-0.018897 8 -6 0
-0.012165 8 8 0
0.030294 8 -8 0
0.001469 9 1 0
-0.005083 9 -1 0
0.000407 9 3 0
-0.001455 9 -3 0
0.036457 9 5 0
0.028980 9 -5 0
0.005914 9 7 0
-0.043111 9 -7 0
-0.037746 9 9 0
0.016659 9 -9 0
-0.015365 10 0 0
-0.008044 10 2 0
-0.006288 10 -2 0
-0.061767 10 4 0
0.003088 10 -4 0
0.030618 10 6 0
0.032625 10 -6 0
0.004954 10 8 0
-0.011543 10 -8 0
0.021990 10 10 0
-0.018624 10 -10 0
0.012787 11 1 0
-0.035185 11 -1 0
0.002353 11 3 0
-0.009697 11 -3 0
-0.022204 11 5 0
-0.024023 11 -5 0
0.007364 11 7 0
-0.010943 11 -7 0
-0.007545 11 9 0
0.008134 11 -9 0
-0.012057 11 11 0
-0.044205 11 -11 0
-0.025470 12 0 0
0.017914 12 2 0
-0.019257 12 -2 0
-0.019579 12 4 0
-0.000930 12 -4 0
-0.007609 12 6 0
-0.019993 12 -6 0
-0.002136 12 8 0
0.021816 12 -8 0
0.033523 12 10 0
-0.003203 12 -10 0
0.007133 12 12 0
-0.051274 12 -12 0
0.025319 13 1 0
-0.044466 13 -1 0
0.027421 13 3 0
-0.006827 13 -3 0
0.001496 13 5 0
-0.002940 13 -5 0
-0.009530 13 7 0
-0.055336 13 -7 0
-0.015750 13 9 0
0.002466 13 -9 0
0.003004 13 11 0
-0.022075 13 -11 0
-0.016838 13 13 0
-0.002706 13 -13 0
-0.016052 14 0 0
0.011574 14 2 0
-0.010934 14 -2 0
-0.016493 14 4 0
0.007654 14 -4 0
0.012063 14 6 0
0.004022 14 -6 0
-0.000941 14 8 0
-0.013264 14 -8 0
0.011606 14 10 0
-0.000669 14 -10 0
0.000675 14 12 0
-0.028061 14 -12 0
0.019725 14 14 0
-0.031568 14 -14 0
0.015634 15 1 0
-0.029799 15 -1 0
0.011414 15 3 0
-0.007610 15 -3 0
-0.000681 15 5 0
-0.002123 15 -5 0
-0.002571 15 7 0
-0.023529 15 -7 0
0.002024 15 9 0
-0.013260 15 -9 0
-0.001652 15 11 0
-0.019164 15 -11 0
-0.009159 15 13 0
0.001302 15 -13 0
-0.010629 15 15 0
0.012011 15 -15 0
-0.007594 16 0 0
-0.001515 16 2 0
-0.005260 16 -2 0
-0.016585 16 4 0
-0.002628 16 -4 0
0.001824 16 6 0
-0.005365 16 -6 0
-0.001318 16 8 0
0.008259 16 -8 0
0.011769 16 10 0
-0.004016 16 -10 0
0.003900 16 12 0
-0.018156 16 -12 0
0.011322 16 14 0
-0.012363 16 -14 0
-0.013395 16 16 0
-0.009288 16 -16 0
0.011035 17 1 0
-0.017164 17 -1 0
0.008353 17 3 0
-0.000971 17 -3 0
-0.003170 17 5 0
-0.010571 17 -5 0
-0.005222 17 7 0
-0.025882 17 -7 0
-0.001505 17 9 0
-0.000154 17 -9 0
0.008727 17 11 0
-0.008435 17 -11 0
-0.001750 17 13 0
-0.004637 17 -13 0
-0.008337 17 15 0
0.003388 17 -15 0
-0.005957 17 17 0
0.005942 17 -17 0
-0.006067 18 0 0
0.003232 18 2 0
-0.000227 18 -2 0
-0.005875 18 4 0
0.003682 18 -4 0
0.003424 18 6 0
-0.003909 18 -6 0
-0.001375 18 8 0
-0.002895 18 -8 0
-0.000208 18 10 0
0.005256 18 -10 0
0.001420 18 12 0
-0.005785 18 -12 0
0.006568 18 14 0
-0.005236 18 -14 0
-0.009344 18 16 0
0.002137 18 -16 0
0.001737 18 18 0
-0.003230 18 -18 0
0.009615 19 1 0
-0.010714 19 -1 0
0.010341 19 3 0
-0.002439 19 -3 0
0.001774 19 5 0
0.002704 19 -5 0
-0.004116 19 7 0
-0.010295 19 -7 0
0.002363 19 9 0
-0.005800 19 -9 0
-0.000289 19 11 0
