0.093105 1 1 0
0.163098 1 -1 0
0.025241 2 0 0
0.019447 2 2 0
-0.029487 2 -2 0
-0.035790 3 1 0
0.106106 3 -1 0
0.031749 3 3 0
0.003270 3 -3 0
0.023438 4 0 0
-0.067011 4 2 0
0.056065 4 -2 0
-0.003909 4 4 0
0.004892 4 -4 0
-0.012301 5 1 0
0.015341 5 -1 0
-0.088856 5 3 0
0.022528 5 -3 0
0.033863 5 5 0
0.026605 5 -5 0
-0.044231 6 0 0
0.032830 6 2 0
-0.049607 6 -2 0
-0.110622 6 4 0
0.010632 6 -4 0
0.041514 6 6 0
0.048448 6 -6 0
0.023680 7 1 0
-0.065964 7 -1 0
0.062982 7 3 0
-0.011372 7 -3 0
-0.031541 7 5 0
-0.033388 7 -5 0
0.005226 7 7 0
0.003641 7 -7 0
-0.021378 8 0 0
0.025906 8 2 0
-0.027839 8 -2 0
0.019791 8 4 0
0.024142 8 -4 0
0.002276 8 6 0
-0.013905 8 -6 0
-0.022222 8 8 0
0.018880 8 -8 0
0.000603 9 1 0
-0.008135 9 -1 0
0.000084 9 3 0
0.000093 9 -3 0
0.038890 9 5 0
0.029252 9 -5 0
0.007291 9 7 0
-0.040008 9 -7 0
-0.040276 9 9 0
0.008141 9 -9 0
-0.013259 10 0 0
-0.009430 10 2 0
-0.014554 10 -2 0
-0.068104 10 4 0
0.004959 10 -4 0
0.040615 10 6 0
0.035832 10 -6 0
-0.003752 10 8 0
-0.020481 10 -8 0
0.024872 10 10 0
-0.007006 10 -10 0
0.010710 11 1 0
-0.039608 11 -1 0
0.002364 11 3 0
-0.011554 11 -3 0
-0.022847 11 5 0
-0.026575 11 -5 0
0.007392 11 7 0
-0.006678 11 -7 0
-0.006965 11 9 0
-0.006211 11 -9 0
-0.016714 11 11 0
-0.015300 11 -11 0
-0.022745 12 0 0
0.014798 12 2 0
-0.024368 12 -2 0
-0.027422 12 4 0
0.000700 12 -4 0
0.001582 12 6 0
-0.021099 12 -6 0
-0.009180 12 8 0
0.011071 12 -8 0
0.035508 12 10 0
0.003667 12 -10 0
0.010198 12 12 0
-0.034070 12 -12 0
0.023497 13 1 0
-0.051441 13 -1 0
0.025503 13 3 0
-0.008997 13 -3 0
0.003588 13 5 0
-0.005783 13 -5 0
-0.008077 13 7 0
-0.050485 13 -7 0
-0.016674 13 9 0
-0.007456 13 -9 0
-0.000173 13 11 0
-0.004325 13 -11 0
-0.017752 13 13 0
-0.007445 13 -13 0
-0.013614 14 0 0
0.011287 14 2 0
-0.015409 14 -2 0
-0.023415 14 4 0
0.007786 14 -4 0
0.015432 14 6 0
0.003637 14 -6 0
-0.004275 14 8 0
-0.020593 14 -8 0
0.013465 14 10 0
0.001694 14 -10 0
-0.000400 14 12 0
-0.016887 14 -12 0
0.022470 14 14 0
-0.022370 14 -14 0
0.014190 15 1 0
-0.034264 15 -1 0
0.011154 15 3 0
-0.009272 15 -3 0
-0.000498 15 5 0
-0.003026 15 -5 0
-0.001371 15 7 0
-0.018991 15 -7 0
0.000744 15 9 0
-0.022002 15 -9 0
-0.001741 15 11 0
-0.010263 15 -11 0
-0.009482 15 13 0
-0.003452 15 -13 0
-0.002894 15 15 0
0.019217 15 -15 0
-0.006751 16 0 0
-0.001662 16 2 0
-0.007681 16 -2 0
-0.019656 16 4 0
-0.002779 16 -4 0
0.003878 16 6 0
-0.005463 16 -6 0
-0.003163 16 8 0
0.003842 16 -8 0
0.015228 16 10 0
-0.002513 16 -10 0
0.003267 16 12 0
-0.013772 16 -12 0
0.011829 16 14 0
-0.006818 16 -14 0
-0.009946 16 16 0
-0.009846 16 -16 0
0.009267 17 1 0
-0.019249 17 -1 0
0.006543 17 3 0
-0.003010 17 -3 0
-0.002688 17 5 0
-0.012201 17 -5 0
-0.003745 17 7 0
-0.022900 17 -7 0
-0.002530 17 9 0
-0.006087 17 -9 0
0.008319 17 11 0
-0.003856 17 -11 0
-0.002014 17 13 0
-0.007242 17 -13 0
-0.004678 17 15 0
0.005447 17 -15 0
-0.004238 17 17 0
0.005891 17 -17 0
-0.005088 18 0 0
0.004702 18 2 0
-0.001310 18 -2 0
-0.009647 18 4 0
0.003900 18 -4 0
0.002672 18 6 0
-0.003137 18 -6 0
-0.002920 18 8 0
-0.006027 18 -8 0
0.001167 18 10 0
0.005256 18 -10 0
0.002186 18 12 0
-0.003267 18 -12 0
0.006810 18 14 0
-0.004297 18 -14 0
-0.011125 18 16 0
-0.001663 18 -16 0
0.010233 18 18 0
-0.003420 18 -18 0
0.009418 19 1 0
-0.013564 19 -1 0
0.008862 19 3 0
-0.001109 19 -3 0
0.001767 19 5 0
0.002447 19 -5 0
-0.003241 19 7 0
-0.007532 19 -7 0
0.001746 19 9 0
-0.008737 19 -9 0
-0.000371 19 11 0
