0.130941 1 1 0
0.196308 1 -1 0
0.020199 2 0 0
-0.001812 2 2 0
-0.051880 2 -2 0
-0.044838 3 1 0
0.094374 3 -1 0
0.023359 3 3 0
-0.000545 3 -3 0
0.029720 4 0 0
-0.070725 4 2 0
0.073697 4 -2 0
0.009742 4 4 0
0.007739 4 -4 0
-0.010647 5 1 0
0.012360 5 -1 0
-0.095299 5 3 0
0.017150 5 -3 0
0.026104 5 5 0
0.031845 5 -5 0
-0.033741 6 0 0
0.040125 6 2 0
-0.037803 6 -2 0
-0.097345 6 4 0
0.006139 6 -4 0
0.024949 6 6 0
0.045386 6 -6 0
0.026606 7 1 0
-0.065733 7 -1 0
0.060297 7 3 0
-0.011771 7 -3 0
-0.037260 7 5 0
-0.030317 7 -5 0
0.012109 7 7 0
0.023541 7 -7 0
-0.016571 8 0 0
0.031470 8 2 0
-0.016230 8 -2 0
0.038121 8 4 0
0.021123 8 -4 0
-0.014298 8 6 0
-0.021480 8 -6 0
-0.010565 8 8 0
0.022304 8 -8 0
0.003827 9 1 0
-0.012093 9 -1 0
-0.003231 9 3 0
-0.003327 9 -3 0
0.030721 9 5 0
0.026189 9 -5 0
0.013697 9 7 0
-0.021854 9 -7 0
-0.039413 9 9 0
-0.004300 9 -9 0
-0.005957 10 0 0
-0.007704 10 2 0
-0.002375 10 -2 0
-0.053952 10 4 0
0.001099 10 -4 0
0.031497 10 6 0
0.030621 10 -6 0
0.007687 10 8 0
-0.022811 10 -8 0
0.015399 10 10 0
-0.021715 10 -10 0
0.018087 11 1 0
-0.044923 11 -1 0
0.005434 11 3 0
-0.018368 11 -3 0
-0.030233 11 5 0
-0.030576 11 -5 0
0.012982 11 7 0
0.001966 11 -7 0
-0.004307 11 9 0
-0.019655 11 -9 0
-0.015674 11 11 0
-0.011175 11 -11 0
-0.021273 12 0 0
0.017668 12 2 0
-0.017946 12 -2 0
-0.014105 12 4 0
-0.002311 12 -4 0
-0.002955 12 6 0
-0.025537 12 -6 0
0.000256 12 8 0
0.009565 12 -8 0
0.026537 12 10 0
-0.007192 12 -10 0
-0.008296 12 12 0
-0.048100 12 -12 0
0.026373 13 1 0
-0.054057 13 -1 0
0.029938 13 3 0
-0.012976 13 -3 0
-0.003493 13 5 0
-0.012925 13 -5 0
-0.003560 13 7 0
-0.047100 13 -7 0
-0.012335 13 9 0
-0.019596 13 -9 0
0.001102 13 11 0
-0.005141 13 -11 0
-0.010659 13 13 0
-0.001299 13 -13 0
-0.013145 14 0 0
0.012391 14 2 0
-0.009265 14 -2 0
-0.012653 14 4 0
0.004904 14 -4 0
0.015175 14 6 0
-0.000341 14 -6 0
0.004502 14 8 0
-0.021927 14 -8 0
0.008121 14 10 0
-0.004790 14 -10 0
-0.009721 14 12 0
-0.024639 14 -12 0
0.013155 14 14 0
-0.032342 14 -14 0
0.017981 15 1 0
-0.036706 15 -1 0
0.015622 15 3 0
-0.013880 15 -3 0
-0.006364 15 5 0
-0.009570 15 -5 0
0.001683 15 7 0
-0.018468 15 -7 0
0.005272 15 9 0
-0.034186 15 -9 0
-0.000804 15 11 0
-0.011822 15 -11 0
-0.006911 15 13 0
0.001141 15 -13 0
-0.014676 15 15 0
0.022399 15 -15 0
-0.006431 16 0 0
-0.001091 16 2 0
-0.004769 16 -2 0
-0.014128 16 4 0
-0.005754 16 -4 0
0.005141 16 6 0
-0.007044 16 -6 0
0.002246 16 8 0
0.002616 16 -8 0
0.012441 16 10 0
-0.004917 16 -10 0
-0.001263 16 12 0
-0.017071 16 -12 0
0.007573 16 14 0
-0.011697 16 -14 0
-0.009486 16 16 0
-0.002061 16 -16 0
0.012284 17 1 0
-0.022266 17 -1 0
0.010165 17 3 0
-0.004004 17 -3 0
-0.007642 17 5 0
-0.015832 17 -5 0
-0.002163 17 7 0
-0.024914 17 -7 0
0.000373 17 9 0
-0.013113 17 -9 0
0.009867 17 11 0
-0.005908 17 -11 0
-0.002123 17 13 0
-0.006733 17 -13 0
-0.009614 17 15 0
0.007684 17 -15 0
-0.009647 17 17 0
0.005570 17 -17 0
-0.005673 18 0 0
0.004886 18 2 0
0.001139 18 -2 0
-0.005973 18 4 0
0.002467 18 -4 0
0.004937 18 6 0
-0.003230 18 -6 0
0.001155 18 8 0
-0.005025 18 -8 0
0.000645 18 10 0
0.003290 18 -10 0
-0.000854 18 12 0
-0.004584 18 -12 0
0.006033 18 14 0
-0.006243 18 -14 0
-0.008473 18 16 0
0.003388 18 -16 0
0.007530 18 18 0
-0.004415 18 -18 0
0.010772 19 1 0
-0.014265 19 -1 0
0.012580 19 3 0
-0.003161 19 -3 0
-0.000922 19 5 0
-0.000428 19 -5 0
-0.002852 19 7 0
-0.009219 19 -7 0
0.003775 19 9 0
-0.012378 19 -9 0
0.000735 19 11 0
