-0.067688 1 1 0
0.098061 1 -1 0
-0.152436 2 0 0
-0.017822 2 2 0
-0.016446 2 -2 0
0.228460 3 1 0
-0.249282 3 -1 0
-0.049590 3 3 0
-0.016598 3 -3 0
0.043132 4 0 0
0.264345 4 2 0
-0.015071 4 -2 0
0.008805 4 4 0
0.005901 4 -4 0
-0.210903 5 1 0
0.239471 5 -1 0
0.140409 5 3 0
0.110898 5 -3 0
-0.010603 5 5 0
-0.002858 5 -5 0
0.074321 6 0 0
-0.336395 6 2 0
0.017856 6 -2 0
0.008044 6 4 0
0.086422 6 -4 0
0.003346 6 6 0
-0.005581 6 -6 0
0.093055 7 1 0
-0.102386 7 -1 0
-0.179079 7 3 0
-0.145155 7 -3 0
-0.032520 7 5 0
0.043600 7 -5 0
0.000412 7 7 0
-0.008570 7 -7 0
-0.098184 8 0 0
0.244206 8 2 0
-0.014290 8 -2 0
-0.016615 8 4 0
-0.128340 8 -4 0
-0.029712 8 6 0
0.003176 8 -6 0
-0.003820 8 8 0
0.001741 8 -8 0
0.017805 9 1 0
-0.026034 9 -1 0
0.158975 9 3 0
0.125313 9 -3 0
0.040624 9 5 0
-0.056706 9 -5 0
-0.020143 9 7 0
-0.017463 9 -7 0
-0.000703 9 9 0
0.000609 9 -9 0
0.052172 10 0 0
-0.105146 10 2 0
0.001874 10 -2 0
0.020317 10 4 0
0.119876 10 -4 0
0.042660 10 6 0
-0.005045 10 -6 0
-0.002541 10 8 0
-0.012153 10 -8 0
-0.007287 10 10 0
0.001134 10 -10 0
-0.051531 11 1 0
0.053621 11 -1 0
-0.102240 11 3 0
-0.086962 11 -3 0
-0.036788 11 5 0
0.051494 11 -5 0
0.024754 11 7 0
0.017129 11 -7 0
0.011447 11 9 0
-0.012741 11 -9 0
0.003362 11 11 0
-0.001581 11 -11 0
-0.001505 12 0 0
0.003257 12 2 0
0.002885 12 -2 0
-0.011574 12 4 0
-0.093543 12 -4 0
-0.034341 12 6 0
0.005902 12 -6 0
0.000233 12 8 0
0.020515 12 -8 0
0.003994 12 10 0
-0.003274 12 -10 0
-0.001533 12 12 0
-0.005348 12 -12 0
0.033630 13 1 0
-0.032604 13 -1 0
0.044214 13 3 0
0.042518 13 -3 0
0.026973 13 5 0
-0.043419 13 -5 0
-0.023232 13 7 0
-0.016875 13 -7 0
-0.007966 13 9 0
0.012371 13 -9 0
0.006909 13 11 0
0.004672 13 -11 0
0.003203 13 13 0
0.001324 13 -13 0
-0.017574 14 0 0
0.023511 14 2 0
-0.000955 14 -2 0
0.004131 14 4 0
0.055209 14 -4 0
0.032573 14 6 0
-0.005707 14 -6 0
-0.004547 14 8 0
-0.017778 14 -8 0
-0.017202 14 10 0
0.001396 14 -10 0
-0.000361 14 12 0
0.000644 14 -12 0
0.004372 14 14 0
-0.001077 14 -14 0
-0.007635 15 1 0
0.002140 15 -1 0
-0.010766 15 3 0
-0.010792 15 -3 0
-0.022888 15 5 0
0.029860 15 -5 0
0.017769 15 7 0
0.011329 15 -7 0
0.011324 15 9 0
-0.013301 15 -9 0
-0.002358 15 11 0
-0.002430 15 -11 0
-0.000136 15 13 0
0.004531 15 -13 0
0.001653 15 15 0
0.003706 15 -15 0
0.014573 16 0 0
-0.022201 16 2 0
-0.000916 16 -2 0
0.000610 16 4 0
-0.027521 16 -4 0
-0.017388 16 6 0
0.005065 16 -6 0
0.003113 16 8 0
0.014607 16 -8 0
0.010591 16 10 0
-0.001192 16 -10 0
-0.000741 16 12 0
-0.001122 16 -12 0
0.000545 16 14 0
-0.000639 16 -14 0
0.000741 16 16 0
0.001167 16 -16 0
-0.007952 17 1 0
0.008894 17 -1 0
-0.001392 17 3 0
0.001061 17 -3 0
0.014480 17 5 0
-0.017108 17 -5 0
-0.009342 17 7 0
-0.007077 17 -7 0
-0.005216 17 9 0
0.010122 17 -9 0
0.008249 17 11 0
0.006578 17 -11 0
0.000933 17 13 0
0.002489 17 -13 0
0.000049 17 15 0
0.002496 17 -15 0
-0.001159 17 17 0
0.001426 17 -17 0
-0.004892 18 0 0
0.005213 18 2 0
0.002266 18 -2 0
0.002436 18 4 0
0.011897 18 -4 0
0.010619 18 6 0
-0.001549 18 -6 0
-0.003116 18 8 0
-0.005668 18 -8 0
-0.011825 18 10 0
0.000925 18 -10 0
0.001557 18 12 0
0.005550 18 -12 0
-0.000303 18 14 0
0.002669 18 -14 0
0.000624 18 16 0
-0.003600 18 -16 0
0.000314 18 18 0
0.001996 18 -18 0
0.007331 19 1 0
-0.005828 19 -1 0
0.000756 19 3 0
0.005257 19 -3 0
-0.006572 19 5 0
0.010159 19 -5 0
0.001328 19 7 0
0.003011 19 -7 0
0.003975 19 9 0
-0.003750 19 -9 0
-0.003970 19 11 0
