-0.004075 1 1 0
0.050656 1 -1 0
-0.167616 2 0 0
-0.050352 2 2 0
0.016482 2 -2 0
0.228753 3 1 0
-0.249629 3 -1 0
-0.035419 3 3 0
-0.024479 3 -3 0
0.052619 4 0 0
0.277034 4 2 0
-0.020111 4 -2 0
-0.010247 4 4 0
-0.000569 4 -4 0
-0.221629 5 1 0
0.237052 5 -1 0
0.135058 5 3 0
0.108152 5 -3 0
-0.012505 5 5 0
-0.011434 5 -5 0
0.067896 6 0 0
-0.335421 6 2 0
0.016724 6 -2 0
0.018978 6 4 0
0.086248 6 -4 0
0.007930 6 6 0
0.003480 6 -6 0
0.094444 7 1 0
-0.097946 7 -1 0
-0.182575 7 3 0
-0.144629 7 -3 0
-0.033085 7 5 0
0.046051 7 -5 0
-0.001707 7 7 0
-0.008122 7 -7 0
-0.098214 8 0 0
0.246000 8 2 0
-0.016291 8 -2 0
-0.021276 8 4 0
-0.129391 8 -4 0
-0.031053 8 6 0
0.000037 8 -6 0
-0.001156 8 8 0
-0.000789 8 -8 0
0.018311 9 1 0
-0.027589 9 -1 0
0.160288 9 3 0
0.125148 9 -3 0
0.041433 9 5 0
-0.059999 9 -5 0
-0.019378 9 7 0
-0.016099 9 -7 0
-0.001701 9 9 0
0.000674 9 -9 0
0.049404 10 0 0
-0.104650 10 2 0
0.001809 10 -2 0
0.025298 10 4 0
0.120199 10 -4 0
0.041978 10 6 0
-0.007495 10 -6 0
-0.003958 10 8 0
-0.015505 10 -8 0
-0.007155 10 10 0
-0.000917 10 -10 0
-0.055232 11 1 0
0.056196 11 -1 0
-0.104628 11 3 0
-0.087399 11 -3 0
-0.039749 11 5 0
0.052111 11 -5 0
0.023197 11 7 0
0.017352 11 -7 0
0.009074 11 9 0
-0.013419 11 -9 0
0.001026 11 11 0
0.000023 11 -11 0
-0.001769 12 0 0
0.005523 12 2 0
0.002320 12 -2 0
-0.011555 12 4 0
-0.093802 12 -4 0
-0.034768 12 6 0
0.007059 12 -6 0
0.002295 12 8 0
0.021064 12 -8 0
0.005781 12 10 0
-0.003966 12 -10 0
0.000901 12 12 0
-0.006197 12 -12 0
0.033969 13 1 0
-0.031667 13 -1 0
0.042885 13 3 0
0.042350 13 -3 0
0.027281 13 5 0
-0.044064 13 -5 0
-0.023428 13 7 0
-0.015983 13 -7 0
-0.009032 13 9 0
0.013067 13 -9 0
0.004656 13 11 0
0.002847 13 -11 0
0.003007 13 13 0
-0.000503 13 -13 0
-0.018157 14 0 0
0.025239 14 2 0
-0.001919 14 -2 0
0.005088 14 4 0
0.055732 14 -4 0
0.032882 14 6 0
-0.005830 14 -6 0
-0.004522 14 8 0
-0.019431 14 -8 0
-0.014334 14 10 0
0.001862 14 -10 0
0.000680 14 12 0
0.004196 14 -12 0
0.003600 14 14 0
0.000231 14 -14 0
-0.007589 15 1 0
0.004107 15 -1 0
-0.013176 15 3 0
-0.009524 15 -3 0
-0.022415 15 5 0
0.029448 15 -5 0
0.016841 15 7 0
0.011916 15 -7 0
0.010655 15 9 0
-0.011225 15 -9 0
-0.003452 15 11 0
-0.002994 15 -11 0
-0.003166 15 13 0
0.002230 15 -13 0
0.001649 15 15 0
0.002222 15 -15 0
0.013762 16 0 0
-0.020868 16 2 0
-0.001000 16 -2 0
0.001283 16 4 0
-0.025968 16 -4 0
-0.016532 16 6 0
0.004877 16 -6 0
0.002603 16 8 0
0.014754 16 -8 0
0.010944 16 10 0
-0.000884 16 -10 0
-0.000470 16 12 0
-0.000641 16 -12 0
0.000406 16 14 0
0.001195 16 -14 0
-0.000498 16 16 0
0.002517 16 -16 0
-0.009118 17 1 0
0.009315 17 -1 0
-0.001040 17 3 0
-0.000788 17 -3 0
0.012927 17 5 0
-0.014953 17 -5 0
-0.009887 17 7 0
-0.006442 17 -7 0
-0.005490 17 9 0
0.010661 17 -9 0
0.007645 17 11 0
0.006409 17 -11 0
0.001931 17 13 0
0.002667 17 -13 0
-0.000283 17 15 0
0.002179 17 -15 0
-0.001974 17 17 0
0.001554 17 -17 0
-0.003904 18 0 0
0.006164 18 2 0
0.003094 18 -2 0
0.002950 18 4 0
0.012143 18 -4 0
0.010581 18 6 0
-0.000607 18 -6 0
-0.001779 18 8 0
-0.005595 18 -8 0
-0.010183 18 10 0
0.000611 18 -10 0
0.001823 18 12 0
0.006370 18 -12 0
0.000397 18 14 0
0.004199 18 -14 0
0.001306 18 16 0
-0.001761 18 -16 0
0.000308 18 18 0
0.001030 18 -18 0
0.007127 19 1 0
-0.004654 19 -1 0
0.000960 19 3 0
0.006066 19 -3 0
-0.006564 19 5 0
0.009476 19 -5 0
0.002559 19 7 0
0.003954 19 -7 0
0.003400 19 9 0
-0.002470 19 -9 0
-0.004188 19 11 0
