-0.066572 1 1 0
0.069582 1 -1 0
-0.145288 2 0 0
-0.058985 2 2 0
-0.004943 2 -2 0
0.234827 3 1 0
-0.246596 3 -1 0
-0.039840 3 3 0
-0.006485 3 -3 0
0.046502 4 0 0
0.261231 4 2 0
-0.016181 4 -2 0
0.000754 4 4 0
0.005202 4 -4 0
-0.209004 5 1 0
0.237480 5 -1 0
0.138061 5 3 0
0.110938 5 -3 0
-0.014726 5 5 0
-0.007662 5 -5 0
0.070651 6 0 0
-0.325127 6 2 0
0.015263 6 -2 0
0.012167 6 4 0
0.085042 6 -4 0
-0.001630 6 6 0
0.004469 6 -6 0
0.089397 7 1 0
-0.099225 7 -1 0
-0.182123 7 3 0
-0.143634 7 -3 0
-0.036870 7 5 0
0.042823 7 -5 0
0.001477 7 7 0
-0.007080 7 -7 0
-0.097759 8 0 0
0.239116 8 2 0
-0.017857 8 -2 0
-0.013752 8 4 0
-0.126921 8 -4 0
-0.028164 8 6 0
0.002555 8 -6 0
-0.004640 8 8 0
-0.000044 8 -8 0
0.020194 9 1 0
-0.026560 9 -1 0
0.159943 9 3 0
0.127353 9 -3 0
0.041738 9 5 0
-0.059437 9 -5 0
-0.017857 9 7 0
-0.020019 9 -7 0
-0.002647 9 9 0
0.002684 9 -9 0
0.051523 10 0 0
-0.103756 10 2 0
0.000571 10 -2 0
0.023581 10 4 0
0.117660 10 -4 0
0.042938 10 6 0
-0.001394 10 -6 0
-0.003631 10 8 0
-0.013538 10 -8 0
-0.005992 10 10 0
-0.000878 10 -10 0
-0.052568 11 1 0
0.055769 11 -1 0
-0.105186 11 3 0
-0.085291 11 -3 0
-0.041206 11 5 0
0.051347 11 -5 0
0.024617 11 7 0
0.015448 11 -7 0
0.012715 11 9 0
-0.013157 11 -9 0
-0.001596 11 11 0
-0.003228 11 -11 0
-0.001999 12 0 0
0.003806 12 2 0
0.000912 12 -2 0
-0.009119 12 4 0
-0.094159 12 -4 0
-0.033967 12 6 0
0.007145 12 -6 0
-0.000605 12 8 0
0.021909 12 -8 0
0.004965 12 10 0
-0.003744 12 -10 0
-0.000341 12 12 0
-0.003443 12 -12 0
0.033526 13 1 0
-0.032165 13 -1 0
0.043059 13 3 0
0.044236 13 -3 0
0.026920 13 5 0
-0.045118 13 -5 0
-0.022243 13 7 0
-0.019092 13 -7 0
-0.008140 13 9 0
0.013514 13 -9 0
0.007005 13 11 0
0.005193 13 -11 0
0.003787 13 13 0
-0.000771 13 -13 0
-0.017522 14 0 0
0.023524 14 2 0
-0.002781 14 -2 0
0.006028 14 4 0
0.055676 14 -4 0
0.033949 14 6 0
-0.003973 14 -6 0
-0.005480 14 8 0
-0.017525 14 -8 0
-0.015658 14 10 0
0.000820 14 -10 0
0.000823 14 12 0
0.002081 14 -12 0
0.004238 14 14 0
-0.001675 14 -14 0
-0.005061 15 1 0
0.004138 15 -1 0
-0.012003 15 3 0
-0.009924 15 -3 0
-0.025178 15 5 0
0.030188 15 -5 0
0.015955 15 7 0
0.010190 15 -7 0
0.011996 15 9 0
-0.013145 15 -9 0
-0.003898 15 11 0
-0.003565 15 -11 0
-0.001511 15 13 0
0.005115 15 -13 0
0.001605 15 15 0
0.004838 15 -15 0
0.014490 16 0 0
-0.021564 16 2 0
-0.001662 16 -2 0
0.002470 16 4 0
-0.027127 16 -4 0
-0.014805 16 6 0
0.005738 16 -6 0
0.002264 16 8 0
0.016378 16 -8 0
0.010260 16 10 0
-0.000923 16 -10 0
-0.000296 16 12 0
-0.000878 16 -12 0
-0.000104 16 14 0
0.000356 16 -14 0
0.001677 16 16 0
0.000454 16 -16 0
-0.009030 17 1 0
0.009277 17 -1 0
-0.001742 17 3 0
0.001174 17 -3 0
0.013943 17 5 0
-0.015475 17 -5 0
-0.010684 17 7 0
-0.007835 17 -7 0
-0.006646 17 9 0
0.009874 17 -9 0
0.008009 17 11 0
0.006566 17 -11 0
0.001692 17 13 0
0.002826 17 -13 0
-0.001659 17 15 0
0.002740 17 -15 0
-0.003229 17 17 0
0.000540 17 -17 0
-0.005147 18 0 0
0.005046 18 2 0
0.001893 18 -2 0
0.003377 18 4 0
0.011740 18 -4 0
0.010113 18 6 0
-0.000013 18 -6 0
-0.002043 18 8 0
-0.005525 18 -8 0
-0.010264 18 10 0
0.001278 18 -10 0
0.001426 18 12 0
0.005473 18 -12 0
0.000988 18 14 0
0.002420 18 -14 0
0.000826 18 16 0
-0.002555 18 -16 0
-0.000336 18 18 0
0.001802 18 -18 0
0.008181 19 1 0
-0.004905 19 -1 0
0.000519 19 3 0
0.006548 19 -3 0
-0.007205 19 5 0
0.008772 19 -5 0
0.002655 19 7 0
0.003055 19 -7 0
0.004230 19 9 0
-0.004240 19 -9 0
-0.004399 19 11 0
