0.045961 1 1 0
0.076959 1 -1 0
0.114414 2 0 0
0.016956 2 2 0
-0.042402 2 -2 0
0.045524 3 1 0
-0.220940 3 -1 0
-0.001284 3 3 0
0.015811 3 -3 0
-0.076022 4 0 0
-0.069466 4 2 0
0.178161 4 -2 0
-0.000610 4 4 0
-0.015911 4 -4 0
-0.069645 5 1 0
0.357842 5 -1 0
0.067638 5 3 0
-0.097348 5 -3 0
0.055184 5 5 0
-0.011541 5 -5 0
0.018319 6 0 0
0.042490 6 2 0
-0.184932 6 -2 0
-0.045533 6 4 0
0.019652 6 -4 0
0.060623 6 6 0
-0.066982 6 -6 0
0.019368 7 1 0
-0.184472 7 -1 0
-0.038295 7 3 0
0.120662 7 -3 0
0.073593 7 5 0
-0.039674 7 -5 0
0.009160 7 7 0
0.015397 7 -7 0
0.087644 8 0 0
-0.109451 8 2 0
0.267877 8 -2 0
0.019461 8 4 0
-0.074878 8 -4 0
0.053593 8 6 0
-0.067401 8 -6 0
0.014741 8 8 0
-0.000936 8 -8 0
-0.025529 9 1 0
0.116279 9 -1 0
0.106624 9 3 0
-0.167797 9 -3 0
0.036818 9 5 0
0.000371 9 -5 0
0.017970 9 7 0
0.016614 9 -7 0
-0.046995 9 9 0
-0.002023 9 -9 0
-0.048842 10 0 0
0.016812 10 2 0
-0.087959 10 -2 0
-0.074906 10 4 0
0.069752 10 -4 0
0.060619 10 6 0
-0.063445 10 -6 0
0.022265 10 8 0
-0.001171 10 -8 0
-0.043018 10 10 0
0.009402 10 -10 0
-0.027331 11 1 0
0.039722 11 -1 0
-0.027129 11 3 0
0.085619 11 -3 0
0.086174 11 5 0
-0.056485 11 -5 0
0.009788 11 7 0
0.010454 11 -7 0
-0.041617 11 9 0
-0.002177 11 -9 0
0.005350 11 11 0
-0.005309 11 -11 0
0.063064 12 0 0
-0.047189 12 2 0
0.089917 12 -2 0
0.025727 12 4 0
-0.081696 12 -4 0
0.034731 12 6 0
-0.047347 12 -6 0
0.010557 12 8 0
0.007729 12 -8 0
-0.033341 12 10 0
0.007122 12 -10 0
0.010715 12 12 0
-0.002061 12 -12 0
0.002576 13 1 0
-0.009441 13 -1 0
0.054563 13 3 0
-0.073047 13 -3 0
0.012452 13 5 0
0.017792 13 -5 0
0.009174 13 7 0
0.019665 13 -7 0
-0.026022 13 9 0
-0.007514 13 -9 0
0.002890 13 11 0
-0.003331 13 -11 0
0.004226 13 13 0
-0.002178 13 -13 0
-0.011769 14 0 0
-0.017170 14 2 0
0.017667 14 -2 0
-0.045924 14 4 0
0.043617 14 -4 0
0.049547 14 6 0
-0.054108 14 -6 0
0.016688 14 8 0
-0.005994 14 -8 0
-0.027776 14 10 0
0.012516 14 -10 0
0.009008 14 12 0
-0.001568 14 -12 0
0.017315 14 14 0
0.005166 14 -14 0
-0.024077 15 1 0
0.050345 15 -1 0
0.003426 15 3 0
0.006314 15 -3 0
0.056068 15 5 0
-0.048639 15 -5 0
0.001073 15 7 0
0.007074 15 -7 0
-0.026890 15 9 0
0.003044 15 -9 0
0.009368 15 11 0
-0.000341 15 -11 0
0.004674 15 13 0
-0.001309 15 -13 0
0.008922 15 15 0
0.007238 15 -15 0
0.014548 16 0 0
-0.005339 16 2 0
0.008871 16 -2 0
0.007222 16 4 0
-0.027224 16 -4 0
0.005399 16 6 0
-0.010184 16 -6 0
0.004226 16 8 0
0.005165 16 -8 0
-0.010709 16 10 0
0.000440 16 -10 0
0.004775 16 12 0
0.001203 16 -12 0
0.009831 16 14 0
0.003533 16 -14 0
0.000677 16 16 0
0.005080 16 -16 0
0.004206 17 1 0
-0.007596 17 -1 0
0.011092 17 3 0
-0.010938 17 -3 0
0.005082 17 5 0
0.012250 17 -5 0
0.007341 17 7 0
0.005304 17 -7 0
-0.006367 17 9 0
-0.004827 17 -9 0
0.000728 17 11 0
0.000158 17 -11 0
0.002309 17 13 0
0.000779 17 -13 0
0.003753 17 15 0
0.002473 17 -15 0
-0.003012 17 17 0
0.008474 17 -17 0
0.002991 18 0 0
-0.015402 18 2 0
0.019208 18 -2 0
-0.013781 18 4 0
0.005670 18 -4 0
0.021655 18 6 0
-0.031191 18 -6 0
0.003451 18 8 0
-0.002169 18 -8 0
-0.010115 18 10 0
0.005102 18 -10 0
0.003990 18 12 0
-0.002026 18 -12 0
0.004625 18 14 0
0.003452 18 -14 0
-0.001427 18 16 0
0.001277 18 -16 0
0.001461 18 18 0
0.001138 18 -18 0
-0.007038 19 1 0
0.015634 19 -1 0
0.004560 19 3 0
-0.010767 19 -3 0
0.020113 19 5 0
-0.015920 19 -5 0
-0.005758 19 7 0
0.009188 19 -7 0
-0.009399 19 9 0
0.001976 19 -9 0
0.002750 19 11 0
