-0.026013 1 1 0
0.091855 1 -1 0
0.129995 2 0 0
0.013613 2 2 0
0.005626 2 -2 0
0.026416 3 1 0
-0.229211 3 -1 0
0.028612 3 3 0
0.020375 3 -3 0
-0.071101 4 0 0
-0.051069 4 2 0
0.181019 4 -2 0
-0.003055 4 4 0
-0.027236 4 -4 0
-0.046296 5 1 0
0.362909 5 -1 0
0.085997 5 3 0
-0.110048 5 -3 0
0.055286 5 5 0
-0.005149 5 -5 0
0.017385 6 0 0
0.044745 6 2 0
-0.193199 6 -2 0
-0.039517 6 4 0
0.014803 6 -4 0
0.051987 6 6 0
-0.067417 6 -6 0
0.031346 7 1 0
-0.183169 7 -1 0
-0.015288 7 3 0
0.117442 7 -3 0
0.077533 7 5 0
-0.039649 7 -5 0
-0.005920 7 7 0
0.032438 7 -7 0
0.087252 8 0 0
-0.092576 8 2 0
0.264967 8 -2 0
0.023838 8 4 0
-0.076011 8 -4 0
0.054750 8 6 0
-0.067877 8 -6 0
0.013111 8 8 0
0.000559 8 -8 0
-0.010856 9 1 0
0.116833 9 -1 0
0.122199 9 3 0
-0.175031 9 -3 0
0.039811 9 5 0
0.003417 9 -5 0
-0.010033 9 7 0
0.029686 9 -7 0
-0.035926 9 9 0
-0.007291 9 -9 0
-0.046937 10 0 0
0.024308 10 2 0
-0.092051 10 -2 0
-0.067344 10 4 0
0.067137 10 -4 0
0.057992 10 6 0
-0.065313 10 -6 0
0.019278 10 8 0
0.000532 10 -8 0
-0.035992 10 10 0
-0.001740 10 -10 0
-0.012067 11 1 0
0.041770 11 -1 0
-0.010952 11 3 0
0.080567 11 -3 0
0.088494 11 5 0
-0.053817 11 -5 0
-0.009764 11 7 0
0.021143 11 -7 0
-0.035447 11 9 0
-0.006259 11 -9 0
0.019356 11 11 0
-0.000447 11 -11 0
0.063015 12 0 0
-0.039429 12 2 0
0.087853 12 -2 0
0.028037 12 4 0
-0.082927 12 -4 0
0.034050 12 6 0
-0.048043 12 -6 0
0.006985 12 8 0
0.008823 12 -8 0
-0.023667 12 10 0
-0.004099 12 -10 0
0.016311 12 12 0
-0.006934 12 -12 0
0.013160 13 1 0
-0.007517 13 -1 0
0.065909 13 3 0
-0.076033 13 -3 0
0.012989 13 5 0
0.019328 13 -5 0
-0.008504 13 7 0
0.028772 13 -7 0
-0.023712 13 9 0
-0.009584 13 -9 0
0.016859 13 11 0
-0.001213 13 -11 0
-0.001828 13 13 0
-0.004455 13 -13 0
-0.011546 14 0 0
-0.012953 14 2 0
0.015076 14 -2 0
-0.042034 14 4 0
0.040453 14 -4 0
0.048569 14 6 0
-0.053384 14 -6 0
0.014659 14 8 0
-0.004632 14 -8 0
-0.021523 14 10 0
0.004846 14 -10 0
0.014917 14 12 0
-0.007224 14 -12 0
0.022904 14 14 0
0.000179 14 -14 0
-0.017641 15 1 0
0.051101 15 -1 0
0.010736 15 3 0
0.003574 15 -3 0
0.057237 15 5 0
-0.046414 15 -5 0
-0.012227 15 7 0
0.013684 15 -7 0
-0.025725 15 9 0
0.001097 15 -9 0
0.017051 15 11 0
-0.000983 15 -11 0
-0.000441 15 13 0
-0.003142 15 -13 0
0.003338 15 15 0
0.010524 15 -15 0
0.014910 16 0 0
-0.003620 16 2 0
0.007953 16 -2 0
0.007482 16 4 0
-0.027807 16 -4 0
0.006248 16 6 0
-0.010340 16 -6 0
0.001562 16 8 0
0.007130 16 -8 0
-0.007088 16 10 0
-0.005058 16 -10 0
0.007880 16 12 0
-0.001620 16 -12 0
0.011830 16 14 0
-0.001134 16 -14 0
-0.004768 16 16 0
0.005773 16 -16 0
0.007451 17 1 0
-0.007223 17 -1 0
0.016183 17 3 0
-0.011367 17 -3 0
0.003459 17 5 0
0.012655 17 -5 0
0.000435 17 7 0
0.008802 17 -7 0
-0.008667 17 9 0
-0.006170 17 -9 0
0.006995 17 11 0
0.000644 17 -11 0
0.000444 17 13 0
-0.001512 17 -13 0
0.000381 17 15 0
0.002339 17 -15 0
-0.002250 17 17 0
0.008210 17 -17 0
0.002773 18 0 0
-0.013888 18 2 0
0.018233 18 -2 0
-0.013479 18 4 0
0.005224 18 -4 0
0.022080 18 6 0
-0.030234 18 -6 0
0.003481 18 8 0
-0.002888 18 -8 0
-0.007793 18 10 0
0.002222 18 -10 0
0.005902 18 12 0
-0.002570 18 -12 0
0.006970 18 14 0
0.002461 18 -14 0
-0.006154 18 16 0
0.002644 18 -16 0
-0.002920 18 18 0
0.001689 18 -18 0
-0.005655 19 1 0
0.016445 19 -1 0
0.007330 19 3 0
-0.010109 19 -3 0
0.019349 19 5 0
-0.016833 19 -5 0
-0.011033 19 7 0
0.011308 19 -7 0
-0.009341 19 9 0
0.000947 19 -9 0
0.005911 19 11 0
