0.057873 1 1 0
0.081576 1 -1 0
0.148071 2 0 0
-0.002176 2 2 0
0.012362 2 -2 0
0.027850 3 1 0
-0.243219 3 -1 0
0.020500 3 3 0
-0.015209 3 -3 0
-0.067696 4 0 0
-0.043156 4 2 0
0.165847 4 -2 0
0.004102 4 4 0
-0.028753 4 -4 0
-0.046763 5 1 0
0.365641 5 -1 0
0.079979 5 3 0
-0.081915 5 -3 0
0.064167 5 5 0
-0.018551 5 -5 0
0.004234 6 0 0
0.049734 6 2 0
-0.195273 6 -2 0
-0.040830 6 4 0
0.014858 6 -4 0
0.063063 6 6 0
-0.078270 6 -6 0
0.034781 7 1 0
-0.182183 7 -1 0
-0.022603 7 3 0
0.121023 7 -3 0
0.059455 7 5 0
-0.044389 7 -5 0
-0.004354 7 7 0
0.032258 7 -7 0
0.086160 8 0 0
-0.089308 8 2 0
0.260167 8 -2 0
0.028285 8 4 0
-0.079435 8 -4 0
0.052255 8 6 0
-0.067217 8 -6 0
0.015575 8 8 0
0.003943 8 -8 0
-0.009395 9 1 0
0.119428 9 -1 0
0.111665 9 3 0
-0.168221 9 -3 0
0.033372 9 5 0
-0.006557 9 -5 0
0.003627 9 7 0
0.025894 9 -7 0
-0.057470 9 9 0
-0.000755 9 -9 0
-0.052758 10 0 0
0.031336 10 2 0
-0.091471 10 -2 0
-0.065568 10 4 0
0.062202 10 -4 0
0.058823 10 6 0
-0.062615 10 -6 0
0.018499 10 8 0
0.004864 10 -8 0
-0.032907 10 10 0
0.015305 10 -10 0
-0.012652 11 1 0
0.041889 11 -1 0
-0.017339 11 3 0
0.090407 11 -3 0
0.075217 11 5 0
-0.061903 11 -5 0
-0.003004 11 7 0
0.015012 11 -7 0
-0.050981 11 9 0
0.001345 11 -9 0
-0.002657 11 11 0
-0.010810 11 -11 0
0.060111 12 0 0
-0.035370 12 2 0
0.085758 12 -2 0
0.029901 12 4 0
-0.082341 12 -4 0
0.033928 12 6 0
-0.047872 12 -6 0
0.008449 12 8 0
0.009596 12 -8 0
-0.025530 12 10 0
0.011366 12 -10 0
0.008672 12 12 0
0.015788 12 -12 0
0.013354 13 1 0
-0.005923 13 -1 0
0.061739 13 3 0
-0.071008 13 -3 0
0.007499 13 5 0
0.012614 13 -5 0
-0.003008 13 7 0
0.025304 13 -7 0
-0.036875 13 9 0
-0.004323 13 -9 0
-0.001370 13 11 0
-0.007346 13 -11 0
-0.007375 13 13 0
-0.006739 13 -13 0
-0.013064 14 0 0
-0.010293 14 2 0
0.016202 14 -2 0
-0.042397 14 4 0
0.040490 14 -4 0
0.048870 14 6 0
-0.052490 14 -6 0
0.014449 14 8 0
-0.003498 14 -8 0
-0.023150 14 10 0
0.012125 14 -10 0
0.007987 14 12 0
0.004956 14 -12 0
0.016233 14 14 0
0.008730 14 -14 0
-0.015776 15 1 0
0.052391 15 -1 0
0.006938 15 3 0
0.007254 15 -3 0
0.050730 15 5 0
-0.050005 15 -5 0
-0.006610 15 7 0
0.011134 15 -7 0
-0.034871 15 9 0
0.003507 15 -9 0
0.005137 15 11 0
-0.003544 15 -11 0
-0.005058 15 13 0
-0.000856 15 -13 0
0.000670 15 15 0
0.006258 15 -15 0
0.013747 16 0 0
0.000028 16 2 0
0.009411 16 -2 0
0.009280 16 4 0
-0.027944 16 -4 0
0.005228 16 6 0
-0.010735 16 -6 0
0.002806 16 8 0
0.007126 16 -8 0
-0.007077 16 10 0
0.001419 16 -10 0
0.002153 16 12 0
0.005401 16 -12 0
0.007600 16 14 0
0.003933 16 -14 0
-0.001542 16 16 0
0.005062 16 -16 0
0.007609 17 1 0
-0.006306 17 -1 0
0.012947 17 3 0
-0.008283 17 -3 0
0.000246 17 5 0
0.009691 17 -5 0
0.001965 17 7 0
0.007076 17 -7 0
-0.013031 17 9 0
-0.003570 17 -9 0
-0.001638 17 11 0
-0.001383 17 -11 0
-0.001869 17 13 0
-0.002459 17 -13 0
-0.001264 17 15 0
0.003128 17 -15 0
-0.005337 17 17 0
0.007455 17 -17 0
0.002083 18 0 0
-0.012638 18 2 0
0.018110 18 -2 0
-0.012974 18 4 0
0.007227 18 -4 0
0.022979 18 6 0
-0.029310 18 -6 0
0.004337 18 8 0
-0.001810 18 -8 0
-0.009283 18 10 0
0.003817 18 -10 0
0.004596 18 12 0
0.000854 18 -12 0
0.005149 18 14 0
0.003193 18 -14 0
-0.004156 18 16 0
0.003875 18 -16 0
-0.000806 18 18 0
0.000879 18 -18 0
-0.005440 19 1 0
0.017168 19 -1 0
0.008075 19 3 0
-0.008776 19 -3 0
0.018026 19 5 0
-0.018511 19 -5 0
-0.008228 19 7 0
0.008360 19 -7 0
-0.010557 19 9 0
0.002425 19 -9 0
0.003074 19 11 0
