-0.097431 1 1 0
0.042873 1 -1 0
0.124550 2 0 0
-0.006936 2 2 0
-0.049451 2 -2 0
0.054020 3 1 0
0.188417 3 -1 0
-0.026045 3 3 0
-0.005027 3 -3 0
-0.146041 4 0 0
0.063422 4 2 0
0.113678 4 -2 0
-0.010317 4 4 0
0.012554 4 -4 0
-0.079676 5 1 0
-0.332063 5 -1 0
0.025275 5 3 0
0.033837 5 -3 0
0.011784 5 5 0
0.012631 5 -5 0
0.057815 6 0 0
-0.060269 6 2 0
-0.193127 6 -2 0
0.011326 6 4 0
0.021073 6 -4 0
-0.004280 6 6 0
-0.008201 6 -6 0
0.037538 7 1 0
0.294012 7 -1 0
-0.059966 7 3 0
-0.090207 7 -3 0
0.011225 7 5 0
0.001910 7 -5 0
0.009335 7 7 0
0.007103 7 -7 0
0.007138 8 0 0
0.094829 8 2 0
0.214081 8 -2 0
-0.017266 8 4 0
-0.013717 8 -4 0
-0.009937 8 6 0
-0.007552 8 -6 0
-0.000895 8 8 0
-0.013969 8 -8 0
-0.052677 9 1 0
-0.181797 9 -1 0
0.051709 9 3 0
0.106202 9 -3 0
-0.000897 9 5 0
0.011848 9 -5 0
0.004339 9 7 0
-0.001808 9 -7 0
-0.011645 9 9 0
-0.005021 9 -9 0
-0.051700 10 0 0
-0.048007 10 2 0
-0.148495 10 -2 0
0.033476 10 4 0
0.063089 10 -4 0
-0.008684 10 6 0
0.005566 10 -6 0
-0.000038 10 8 0
-0.008354 10 -8 0
0.004107 10 10 0
0.009113 10 -10 0
-0.013995 11 1 0
0.069062 11 -1 0
-0.059513 11 3 0
-0.100554 11 -3 0
0.019211 11 5 0
0.022593 11 -5 0
0.011884 11 7 0
0.017367 11 -7 0
-0.014721 11 9 0
-0.004942 11 -9 0
-0.001513 11 11 0
0.004660 11 -11 0
0.042641 12 0 0
0.056665 12 2 0
0.092927 12 -2 0
-0.028986 12 4 0
-0.033393 12 -4 0
-0.004267 12 6 0
-0.014019 12 -6 0
0.007790 12 8 0
-0.005481 12 -8 0
0.002560 12 10 0
0.005215 12 -10 0
0.002480 12 12 0
0.016147 12 -12 0
-0.010130 13 1 0
-0.015431 13 -1 0
0.037162 13 3 0
0.063297 13 -3 0
-0.009268 13 5 0
-0.005527 13 -5 0
0.001477 13 7 0
-0.006359 13 -7 0
-0.010073 13 9 0
-0.002020 13 -9 0
-0.001935 13 11 0
-0.002727 13 -11 0
-0.002077 13 13 0
0.002344 13 -13 0
-0.037749 14 0 0
-0.008106 14 2 0
-0.034014 14 -2 0
0.029086 14 4 0
0.056474 14 -4 0
-0.010235 14 6 0
0.003442 14 -6 0
-0.002415 14 8 0
-0.013656 14 -8 0
0.004868 14 10 0
0.009145 14 -10 0
0.000308 14 12 0
0.011258 14 -12 0
-0.005506 14 14 0
0.002289 14 -14 0
-0.027949 15 1 0
-0.016497 15 -1 0
-0.029251 15 3 0
-0.038587 15 -3 0
0.019348 15 5 0
0.028273 15 -5 0
0.008744 15 7 0
0.014014 15 -7 0
-0.012713 15 9 0
-0.007922 15 -9 0
0.003856 15 11 0
0.003038 15 -11 0
0.000405 15 13 0
0.001195 15 -13 0
0.007109 15 15 0
-0.006095 15 -15 0
0.015706 16 0 0
0.014365 16 2 0
0.012190 16 -2 0
-0.017847 16 4 0
-0.017453 16 -4 0
-0.000023 16 6 0
-0.001927 16 -6 0
0.006091 16 8 0
0.000595 16 -8 0
0.000332 16 10 0
0.001363 16 -10 0
0.001981 16 12 0
0.010451 16 -12 0
-0.001454 16 14 0
0.003457 16 -14 0
-0.000812 16 16 0
-0.000583 16 -16 0
0.003561 17 1 0
0.011848 17 -1 0
0.011801 17 3 0
0.014353 17 -3 0
-0.010010 17 5 0
-0.008247 17 -5 0
0.001208 17 7 0
-0.004997 17 -7 0
-0.002923 17 9 0
0.002007 17 -9 0
-0.000332 17 11 0
0.000517 17 -11 0
-0.000280 17 13 0
0.004616 17 -13 0
0.004340 17 15 0
-0.004059 17 -15 0
-0.003905 17 17 0
-0.003497 17 -17 0
-0.009552 18 0 0
0.007343 18 2 0
0.001869 18 -2 0
0.014083 18 4 0
0.024247 18 -4 0
-0.008820 18 6 0
-0.005822 18 -6 0
-0.002322 18 8 0
-0.007959 18 -8 0
0.002442 18 10 0
0.006814 18 -10 0
-0.000775 18 12 0
0.006555 18 -12 0
-0.002042 18 14 0
0.000992 18 -14 0
-0.001912 18 16 0
-0.000798 18 -16 0
-0.000024 18 18 0
-0.000069 18 -18 0
-0.014006 19 1 0
-0.012431 19 -1 0
-0.008148 19 3 0
-0.006695 19 -3 0
0.010761 19 5 0
0.016194 19 -5 0
0.000266 19 7 0
0.006548 19 -7 0
-0.006316 19 9 0
-0.007080 19 -9 0
0.001083 19 11 0
