0.002648 1 1 0
0.038701 1 -1 0
0.056192 2 0 0
-0.006734 2 2 0
-0.004870 2 -2 0
0.021462 3 1 0
-0.133252 3 -1 0
0.039839 3 3 0
0.024696 3 -3 0
-0.036166 4 0 0
-0.007204 4 2 0
0.064050 4 -2 0
0.001655 4 4 0
-0.007467 4 -4 0
0.000624 5 1 0
0.128536 5 -1 0
0.037235 5 3 0
-0.028557 5 -3 0
0.055518 5 5 0
0.018148 5 -5 0
-0.001324 6 0 0
0.026430 6 2 0
-0.064127 6 -2 0
-0.020132 6 4 0
0.006811 6 -4 0
0.010438 6 6 0
-0.024937 6 -6 0
0.016834 7 1 0
-0.080738 7 -1 0
0.019434 7 3 0
0.050541 7 -3 0
0.056388 7 5 0
-0.005069 7 -5 0
0.035121 7 7 0
0.015268 7 -7 0
0.018792 8 0 0
-0.020296 8 2 0
0.080730 8 -2 0
0.015217 8 4 0
-0.028437 8 -4 0
0.017718 8 6 0
-0.027277 8 -6 0
0.000239 8 8 0
-0.006516 8 -8 0
0.003420 9 1 0
0.023504 9 -1 0
0.060895 9 3 0
-0.053322 9 -3 0
0.048942 9 5 0
0.016107 9 -5 0
0.039827 9 7 0
0.007991 9 -7 0
0.009407 9 9 0
0.009826 9 -9 0
-0.024044 10 0 0
0.018860 10 2 0
-0.033651 10 -2 0
-0.025909 10 4 0
0.020608 10 -4 0
0.018945 10 6 0
-0.028287 10 -6 0
0.009392 10 8 0
-0.008214 10 -8 0
-0.010328 10 10 0
-0.006800 10 -10 0
0.004052 11 1 0
0.005786 11 -1 0
0.014632 11 3 0
0.037655 11 -3 0
0.057024 11 5 0
-0.004329 11 -5 0
0.032459 11 7 0
0.009218 11 -7 0
0.004340 11 9 0
0.007209 11 -9 0
0.003312 11 11 0
0.016519 11 -11 0
0.014383 12 0 0
-0.007455 12 2 0
0.024412 12 -2 0
0.008490 12 4 0
-0.031644 12 -4 0
0.010708 12 6 0
-0.019439 12 -6 0
0.003556 12 8 0
-0.005654 12 -8 0
-0.005529 12 10 0
-0.003436 12 -10 0
0.002365 12 12 0
-0.000253 12 -12 0
0.010029 13 1 0
-0.013073 13 -1 0
0.036568 13 3 0
-0.019329 13 -3 0
0.027187 13 5 0
0.017859 13 -5 0
0.022007 13 7 0
0.011000 13 -7 0
0.003997 13 9 0
0.005494 13 -9 0
0.002998 13 11 0
0.009080 13 -11 0
-0.001802 13 13 0
0.018320 13 -13 0
-0.008047 14 0 0
0.002362 14 2 0
0.002550 14 -2 0
-0.015539 14 4 0
0.011445 14 -4 0
0.013777 14 6 0
-0.023567 14 -6 0
0.007063 14 8 0
-0.007427 14 -8 0
-0.005021 14 10 0
-0.002391 14 -10 0
0.004109 14 12 0
-0.002209 14 -12 0
0.016433 14 14 0
0.003945 14 -14 0
-0.002555 15 1 0
0.012847 15 -1 0
0.011293 15 3 0
0.006872 15 -3 0
0.033008 15 5 0
-0.007405 15 -5 0
0.014156 15 7 0
0.005198 15 -7 0
-0.002014 15 9 0
0.003828 15 -9 0
0.005395 15 11 0
0.008462 15 -11 0
-0.001221 15 13 0
0.012141 15 -13 0
-0.004588 15 15 0
0.010374 15 -15 0
0.002470 16 0 0
0.001936 16 2 0
0.001201 16 -2 0
0.001911 16 4 0
-0.010882 16 -4 0
0.002408 16 6 0
-0.006703 16 -6 0
0.002009 16 8 0
-0.002223 16 -8 0
0.001155 16 10 0
-0.004413 16 -10 0
0.001964 16 12 0
-0.001256 16 -12 0
0.008718 16 14 0
0.002569 16 -14 0
0.004131 16 16 0
0.001546 16 -16 0
0.006031 17 1 0
-0.008342 17 -1 0
0.011668 17 3 0
-0.002764 17 -3 0
0.010183 17 5 0
0.007350 17 -5 0
0.008713 17 7 0
0.002543 17 -7 0
0.003449 17 9 0
0.000562 17 -9 0
-0.000304 17 11 0
0.002367 17 -11 0
-0.000197 17 13 0
0.005050 17 -13 0
-0.002403 17 15 0
0.003097 17 -15 0
-0.006183 17 17 0
0.005658 17 -17 0
-0.000524 18 0 0
-0.005171 18 2 0
0.004747 18 -2 0
-0.006053 18 4 0
0.001028 18 -4 0
0.006306 18 6 0
-0.012058 18 -6 0
0.003645 18 8 0
-0.002421 18 -8 0
-0.002523 18 10 0
0.000869 18 -10 0
0.001381 18 12 0
-0.000762 18 -12 0
0.006150 18 14 0
0.002574 18 -14 0
0.000826 18 16 0
0.002701 18 -16 0
0.001926 18 18 0
-0.000657 18 -18 0
-0.001996 19 1 0
0.004069 19 -1 0
0.003848 19 3 0
-0.002493 19 -3 0
0.010428 19 5 0
-0.001995 19 -5 0
0.001212 19 7 0
0.005089 19 -7 0
-0.002545 19 9 0
-0.000939 19 -9 0
0.001409 19 11 0
