-0.004381 1 1 0
-0.031362 1 -1 0
0.031038 2 0 0
0.015703 2 2 0
0.006818 2 -2 0
0.020551 3 1 0
-0.115550 3 -1 0
0.012718 3 3 0
0.006313 3 -3 0
-0.022288 4 0 0
-0.021300 4 2 0
0.054805 4 -2 0
-0.012643 4 4 0
-0.001998 4 -4 0
-0.014519 5 1 0
0.124614 5 -1 0
0.029471 5 3 0
-0.027311 5 -3 0
0.039064 5 5 0
0.008390 5 -5 0
0.000125 6 0 0
0.014777 6 2 0
-0.060297 6 -2 0
-0.020060 6 4 0
0.007797 6 -4 0
0.012539 6 6 0
-0.020798 6 -6 0
0.011997 7 1 0
-0.075803 7 -1 0
-0.006874 7 3 0
0.058889 7 -3 0
0.041605 7 5 0
-0.008328 7 -5 0
0.027637 7 7 0
0.004051 7 -7 0
0.026242 8 0 0
-0.034853 8 2 0
0.091962 8 -2 0
0.000019 8 4 0
-0.030167 8 -4 0
0.019239 8 6 0
-0.029388 8 -6 0
-0.001117 8 8 0
-0.002251 8 -8 0
-0.008036 9 1 0
0.028769 9 -1 0
0.041190 9 3 0
-0.048451 9 -3 0
0.032318 9 5 0
0.013283 9 -5 0
0.019943 9 7 0
0.005566 9 -7 0
-0.013232 9 9 0
-0.000748 9 -9 0
-0.019533 10 0 0
0.009058 10 2 0
-0.034935 10 -2 0
-0.030069 10 4 0
0.025686 10 -4 0
0.020970 10 6 0
-0.023216 10 -6 0
0.003141 10 8 0
0.001009 10 -8 0
-0.018566 10 10 0
-0.001106 10 -10 0
-0.004938 11 1 0
0.006912 11 -1 0
-0.003888 11 3 0
0.040212 11 -3 0
0.042393 11 5 0
-0.008568 11 -5 0
0.017224 11 7 0
0.007545 11 -7 0
-0.017754 11 9 0
-0.001446 11 -9 0
0.000084 11 11 0
0.011872 11 -11 0
0.017164 12 0 0
-0.014697 12 2 0
0.028357 12 -2 0
0.003324 12 4 0
-0.030599 12 -4 0
0.013816 12 6 0
-0.019358 12 -6 0
0.002461 12 8 0
0.001371 12 -8 0
-0.011923 12 10 0
0.000008 12 -10 0
-0.000425 12 12 0
0.000127 12 -12 0
0.003341 13 1 0
-0.009776 13 -1 0
0.020921 13 3 0
-0.014587 13 -3 0
0.017383 13 5 0
0.012418 13 -5 0
0.011541 13 7 0
0.007194 13 -7 0
-0.011721 13 9 0
-0.002310 13 -9 0
0.003066 13 11 0
0.005575 13 -11 0
0.004657 13 13 0
0.014675 13 -13 0
-0.006066 14 0 0
-0.000936 14 2 0
0.002930 14 -2 0
-0.017186 14 4 0
0.012560 14 -4 0
0.017399 14 6 0
-0.021741 14 -6 0
0.005793 14 8 0
-0.003039 14 -8 0
-0.005146 14 10 0
0.000991 14 -10 0
0.002948 14 12 0
-0.001842 14 -12 0
0.012467 14 14 0
-0.002291 14 -14 0
-0.006908 15 1 0
0.014432 15 -1 0
0.002449 15 3 0
0.009653 15 -3 0
0.024847 15 5 0
-0.009448 15 -5 0
0.006999 15 7 0
0.002532 15 -7 0
-0.013167 15 9 0
-0.000625 15 -9 0
0.005333 15 11 0
0.008453 15 -11 0
0.002250 15 13 0
0.009755 15 -13 0
0.002474 15 15 0
0.006567 15 -15 0
0.002916 16 0 0
-0.000450 16 2 0
0.000908 16 -2 0
0.002232 16 4 0
-0.010765 16 -4 0
0.004887 16 6 0
-0.005385 16 -6 0
0.002433 16 8 0
0.001783 16 -8 0
-0.001849 16 10 0
-0.002285 16 -10 0
0.001870 16 12 0
0.000147 16 -12 0
0.008049 16 14 0
-0.000487 16 -14 0
0.004166 16 16 0
0.000254 16 -16 0
0.001944 17 1 0
-0.005455 17 -1 0
0.005138 17 3 0
-0.000616 17 -3 0
0.005227 17 5 0
0.004848 17 -5 0
0.004396 17 7 0
0.002051 17 -7 0
-0.003676 17 9 0
-0.001494 17 -9 0
-0.000649 17 11 0
0.003797 17 -11 0
-0.000420 17 13 0
0.006512 17 -13 0
0.000085 17 15 0
0.000558 17 -15 0
-0.002147 17 17 0
0.002988 17 -17 0
-0.000620 18 0 0
-0.004621 18 2 0
0.004939 18 -2 0
-0.007828 18 4 0
0.001064 18 -4 0
0.006542 18 6 0
-0.009590 18 -6 0
0.002269 18 8 0
-0.000734 18 -8 0
-0.001519 18 10 0
0.001506 18 -10 0
0.002034 18 12 0
-0.001807 18 -12 0
0.005986 18 14 0
0.000899 18 -14 0
0.000568 18 16 0
0.001009 18 -16 0
0.001186 18 18 0
-0.002815 18 -18 0
-0.003287 19 1 0
0.004921 19 -1 0
0.000541 19 3 0
-0.000557 19 -3 0
0.009121 19 5 0
-0.002701 19 -5 0
0.001103 19 7 0
0.003316 19 -7 0
-0.005384 19 9 0
-0.001545 19 -9 0
0.002293 19 11 0
