0.078075 1 1 0
-0.029901 1 -1 0
0.046093 2 0 0
-0.022603 2 2 0
-0.012268 2 -2 0
-0.001809 3 1 0
-0.105029 3 -1 0
-0.014711 3 3 0
-0.000647 3 -3 0
-0.020657 4 0 0
-0.006525 4 2 0
0.053706 4 -2 0
-0.006410 4 4 0
-0.009406 4 -4 0
-0.011176 5 1 0
0.116459 5 -1 0
0.027891 5 3 0
-0.025113 5 -3 0
0.037248 5 5 0
0.004805 5 -5 0
-0.005899 6 0 0
0.012809 6 2 0
-0.068692 6 -2 0
-0.018558 6 4 0
0.004395 6 -4 0
0.013894 6 6 0
-0.017049 6 -6 0
0.007281 7 1 0
-0.070332 7 -1 0
-0.005701 7 3 0
0.057691 7 -3 0
0.036675 7 5 0
0.001292 7 -5 0
0.020761 7 7 0
0.002536 7 -7 0
0.026310 8 0 0
-0.036080 8 2 0
0.086357 8 -2 0
0.007200 8 4 0
-0.025859 8 -4 0
0.006203 8 6 0
-0.014876 8 -6 0
-0.008527 8 8 0
0.001513 8 -8 0
-0.011050 9 1 0
0.027930 9 -1 0
0.039974 9 3 0
-0.049074 9 -3 0
0.021315 9 5 0
0.022032 9 -5 0
0.017091 9 7 0
0.005494 9 -7 0
-0.002210 9 9 0
-0.007323 9 -9 0
-0.023103 10 0 0
0.010502 10 2 0
-0.037365 10 -2 0
-0.028144 10 4 0
0.024493 10 -4 0
0.009156 10 6 0
-0.012373 10 -6 0
-0.002751 10 8 0
-0.001026 10 -8 0
-0.015305 10 10 0
-0.005687 10 -10 0
-0.008564 11 1 0
0.005298 11 -1 0
-0.001634 11 3 0
0.039787 11 -3 0
0.038644 11 5 0
-0.003942 11 -5 0
0.017561 11 7 0
0.005957 11 -7 0
-0.001686 11 9 0
-0.006264 11 -9 0
0.016406 11 11 0
0.010584 11 -11 0
0.017211 12 0 0
-0.015122 12 2 0
0.026111 12 -2 0
0.005593 12 4 0
-0.031267 12 -4 0
0.006858 12 6 0
-0.013675 12 -6 0
-0.002456 12 8 0
0.001978 12 -8 0
-0.008059 12 10 0
-0.001533 12 -10 0
0.010011 12 12 0
-0.005608 12 -12 0
0.001025 13 1 0
-0.008256 13 -1 0
0.021517 13 3 0
-0.015013 13 -3 0
0.012555 13 5 0
0.020271 13 -5 0
0.010984 13 7 0
0.005150 13 -7 0
-0.000039 13 9 0
-0.006086 13 -9 0
0.011566 13 11 0
0.007189 13 -11 0
-0.001295 13 13 0
0.014056 13 -13 0
-0.006463 14 0 0
-0.003530 14 2 0
0.001551 14 -2 0
-0.013730 14 4 0
0.012811 14 -4 0
0.009722 14 6 0
-0.014698 14 -6 0
0.001632 14 8 0
-0.002059 14 -8 0
-0.007073 14 10 0
-0.000165 14 -10 0
0.010376 14 12 0
-0.005255 14 -12 0
0.012826 14 14 0
-0.003818 14 -14 0
-0.009017 15 1 0
0.014614 15 -1 0
0.002308 15 3 0
0.009275 15 -3 0
0.022283 15 5 0
-0.007225 15 -5 0
0.006190 15 7 0
0.004258 15 -7 0
-0.005695 15 9 0
-0.003439 15 -9 0
0.011139 15 11 0
0.007063 15 -11 0
0.001587 15 13 0
0.009862 15 -13 0
0.001933 15 15 0
0.007404 15 -15 0
0.004028 16 0 0
-0.000327 16 2 0
0.000370 16 -2 0
0.001415 16 4 0
-0.009930 16 -4 0
0.001618 16 6 0
-0.000465 16 -6 0
-0.002581 16 8 0
0.001833 16 -8 0
-0.002318 16 10 0
-0.004111 16 -10 0
0.005603 16 12 0
-0.004159 16 -12 0
0.006245 16 14 0
-0.002257 16 -14 0
0.006070 16 16 0
0.001446 16 -16 0
0.002426 17 1 0
-0.004500 17 -1 0
0.006130 17 3 0
-0.000247 17 -3 0
0.006082 17 5 0
0.007544 17 -5 0
0.005125 17 7 0
0.000234 17 -7 0
0.001495 17 9 0
-0.004281 17 -9 0
0.003318 17 11 0
0.001470 17 -11 0
0.001102 17 13 0
0.006950 17 -13 0
0.001628 17 15 0
0.000975 17 -15 0
-0.000727 17 17 0
0.004239 17 -17 0
0.000272 18 0 0
-0.005839 18 2 0
0.005512 18 -2 0
-0.005783 18 4 0
0.001129 18 -4 0
0.004216 18 6 0
-0.009166 18 -6 0
0.001970 18 8 0
0.000252 18 -8 0
-0.002327 18 10 0
0.001044 18 -10 0
0.004277 18 12 0
-0.002359 18 -12 0
0.004426 18 14 0
0.000442 18 -14 0
0.001568 18 16 0
0.002171 18 -16 0
0.000479 18 18 0
-0.000518 18 -18 0
-0.002994 19 1 0
0.005724 19 -1 0
0.000492 19 3 0
-0.000175 19 -3 0
0.008419 19 5 0
-0.001651 19 -5 0
0.000622 19 7 0
0.003850 19 -7 0
-0.002604 19 9 0
-0.001607 19 -9 0
0.003047 19 11 0
