-0.106854 1 1 0
0.094045 1 -1 0
-0.216212 2 0 0
-0.051171 2 2 0
0.019726 2 -2 0
0.311590 3 1 0
-0.337626 3 -1 0
-0.033316 3 3 0
-0.006254 3 -3 0
0.058720 4 0 0
0.355970 4 2 0
-0.029632 4 -2 0
0.001975 4 4 0
-0.000783 4 -4 0
-0.300459 5 1 0
0.321899 5 -1 0
0.179859 5 3 0
0.132743 5 -3 0
-0.010981 5 5 0
-0.011603 5 -5 0
0.096323 6 0 0
-0.441898 6 2 0
0.026542 6 -2 0
0.013120 6 4 0
0.118231 6 -4 0
0.006893 6 6 0
-0.001306 6 -6 0
0.125174 7 1 0
-0.135963 7 -1 0
-0.240194 7 3 0
-0.190234 7 -3 0
-0.044786 7 5 0
0.061964 7 -5 0
-0.000863 7 7 0
-0.014575 7 -7 0
-0.130425 8 0 0
0.324915 8 2 0
-0.024199 8 -2 0
-0.021748 8 4 0
-0.174133 8 -4 0
-0.042515 8 6 0
0.004775 8 -6 0
0.003132 8 8 0
-0.001657 8 -8 0
0.028947 9 1 0
-0.035490 9 -1 0
0.213710 9 3 0
0.166560 9 -3 0
0.055287 9 5 0
-0.079532 9 -5 0
-0.023269 9 7 0
-0.017631 9 -7 0
-0.001345 9 9 0
0.000539 9 -9 0
0.067355 10 0 0
-0.138667 10 2 0
0.007426 10 -2 0
0.029801 10 4 0
0.160866 10 -4 0
0.056737 10 6 0
-0.010103 10 -6 0
-0.008798 10 8 0
-0.017495 10 -8 0
-0.007555 10 10 0
-0.001829 10 -10 0
-0.073688 11 1 0
0.072624 11 -1 0
-0.138577 11 3 0
-0.113899 11 -3 0
-0.049834 11 5 0
0.071781 11 -5 0
0.029682 11 7 0
0.017893 11 -7 0
0.013996 11 9 0
-0.015464 11 -9 0
-0.002939 11 11 0
-0.000591 11 -11 0
-0.002752 12 0 0
0.005735 12 2 0
-0.000101 12 -2 0
-0.019214 12 4 0
-0.124924 12 -4 0
-0.044946 12 6 0
0.011638 12 -6 0
0.003047 12 8 0
0.026448 12 -8 0
0.006808 12 10 0
-0.005094 12 -10 0
0.001805 12 12 0
-0.008063 12 -12 0
0.043813 13 1 0
-0.042158 13 -1 0
0.058964 13 3 0
0.053476 13 -3 0
0.034739 13 5 0
-0.058015 13 -5 0
-0.031056 13 7 0
-0.019759 13 -7 0
-0.008549 13 9 0
0.017790 13 -9 0
0.008447 13 11 0
0.005995 13 -11 0
0.002811 13 13 0
0.000202 13 -13 0
-0.021424 14 0 0
0.030534 14 2 0
0.002157 14 -2 0
0.008450 14 4 0
0.072758 14 -4 0
0.041921 14 6 0
-0.011205 14 -6 0
-0.008631 14 8 0
-0.024236 14 -8 0
-0.021067 14 10 0
0.000912 14 -10 0
0.003260 14 12 0
0.002859 14 -12 0
0.005887 14 14 0
0.001647 14 -14 0
-0.009026 15 1 0
0.004562 15 -1 0
-0.015153 15 3 0
-0.012520 15 -3 0
-0.027782 15 5 0
0.040781 15 -5 0
0.022860 15 7 0
0.014805 15 -7 0
0.013101 15 9 0
-0.019396 15 -9 0
-0.008004 15 11 0
-0.001956 15 -11 0
-0.001825 15 13 0
0.002158 15 -13 0
0.003428 15 15 0
0.003289 15 -15 0
0.016448 16 0 0
-0.027077 16 2 0
-0.002267 16 -2 0
-0.001929 16 4 0
-0.035547 16 -4 0
-0.020183 16 6 0
0.006836 16 -6 0
0.005415 16 8 0
0.020555 16 -8 0
0.015094 16 10 0
-0.003538 16 -10 0
-0.000038 16 12 0
-0.001495 16 -12 0
0.000378 16 14 0
0.002238 16 -14 0
-0.000690 16 16 0
0.003534 16 -16 0
-0.010108 17 1 0
0.009481 17 -1 0
0.000055 17 3 0
-0.000325 17 -3 0
0.016877 17 5 0
-0.018636 17 -5 0
-0.012908 17 7 0
-0.008883 17 -7 0
-0.006569 17 9 0
0.015488 17 -9 0
0.014027 17 11 0
0.008507 17 -11 0
-0.001025 17 13 0
0.004166 17 -13 0
-0.000555 17 15 0
0.000351 17 -15 0
-0.000023 17 17 0
0.000196 17 -17 0
-0.004533 18 0 0
0.006692 18 2 0
0.004554 18 -2 0
0.002968 18 4 0
0.014273 18 -4 0
0.012644 18 6 0
-0.002896 18 -6 0
-0.004251 18 8 0
-0.007085 18 -8 0
-0.014457 18 10 0
0.002796 18 -10 0
0.002420 18 12 0
0.007773 18 -12 0
0.002332 18 14 0
0.004465 18 -14 0
0.000155 18 16 0
-0.001602 18 -16 0
-0.001173 18 18 0
0.001612 18 -18 0
0.007705 19 1 0
-0.006213 19 -1 0
0.001267 19 3 0
0.007580 19 -3 0
-0.007340 19 5 0
0.014034 19 -5 0
0.002433 19 7 0
0.003955 19 -7 0
0.005028 19 9 0
-0.004942 19 -9 0
-0.007726 19 11 0
