-0.113941 1 1 0
0.088215 1 -1 0
-0.219694 2 0 0
-0.055239 2 2 0
0.037498 2 -2 0
0.323603 3 1 0
-0.340646 3 -1 0
-0.031156 3 3 0
-0.001569 3 -3 0
0.057693 4 0 0
0.358774 4 2 0
-0.019989 4 -2 0
-0.008272 4 4 0
-0.006236 4 -4 0
-0.298360 5 1 0
0.325528 5 -1 0
0.180613 5 3 0
0.136569 5 -3 0
-0.018596 5 5 0
-0.006517 5 -5 0
0.097282 6 0 0
-0.444407 6 2 0
0.025518 6 -2 0
0.023192 6 4 0
0.116164 6 -4 0
0.008036 6 6 0
-0.005370 6 -6 0
0.120252 7 1 0
-0.135524 7 -1 0
-0.244213 7 3 0
-0.196334 7 -3 0
-0.041579 7 5 0
0.056347 7 -5 0
-0.004380 7 7 0
-0.009204 7 -7 0
-0.131801 8 0 0
0.330923 8 2 0
-0.025279 8 -2 0
-0.025696 8 4 0
-0.169809 8 -4 0
-0.040522 8 6 0
0.007517 8 -6 0
0.000309 8 8 0
-0.000916 8 -8 0
0.029876 9 1 0
-0.036772 9 -1 0
0.212927 9 3 0
0.171035 9 -3 0
0.052697 9 5 0
-0.079796 9 -5 0
-0.023452 9 7 0
-0.020974 9 -7 0
0.002184 9 9 0
0.002689 9 -9 0
0.068032 10 0 0
-0.140731 10 2 0
0.006552 10 -2 0
0.033001 10 4 0
0.159538 10 -4 0
0.058155 10 6 0
-0.008841 10 -6 0
-0.010196 10 8 0
-0.017413 10 -8 0
-0.008638 10 10 0
-0.002835 10 -10 0
-0.074167 11 1 0
0.074572 11 -1 0
-0.139783 11 3 0
-0.116743 11 -3 0
-0.052060 11 5 0
0.072233 11 -5 0
0.030637 11 7 0
0.018812 11 -7 0
0.013225 11 9 0
-0.017597 11 -9 0
-0.001529 11 11 0
0.000055 11 -11 0
-0.002404 12 0 0
0.008215 12 2 0
0.000309 12 -2 0
-0.016788 12 4 0
-0.124148 12 -4 0
-0.045261 12 6 0
0.011712 12 -6 0
0.004845 12 8 0
0.026823 12 -8 0
0.005899 12 10 0
-0.007058 12 -10 0
0.001283 12 12 0
-0.008300 12 -12 0
0.043562 13 1 0
-0.042181 13 -1 0
0.057430 13 3 0
0.055482 13 -3 0
0.033015 13 5 0
-0.059331 13 -5 0
-0.032700 13 7 0
-0.021572 13 -7 0
-0.008135 13 9 0
0.018768 13 -9 0
0.007794 13 11 0
0.008815 13 -11 0
0.001567 13 13 0
-0.000142 13 -13 0
-0.022342 14 0 0
0.030519 14 2 0
0.001959 14 -2 0
0.009320 14 4 0
0.072839 14 -4 0
0.043124 14 6 0
-0.008686 14 -6 0
-0.008973 14 8 0
-0.024576 14 -8 0
-0.019662 14 10 0
0.000591 14 -10 0
0.003133 14 12 0
0.002920 14 -12 0
0.007291 14 14 0
0.002293 14 -14 0
-0.008951 15 1 0
0.003335 15 -1 0
-0.016496 15 3 0
-0.013620 15 -3 0
-0.028931 15 5 0
0.039809 15 -5 0
0.022770 15 7 0
0.013960 15 -7 0
0.013285 15 9 0
-0.018167 15 -9 0
-0.006194 15 11 0
-0.002131 15 -11 0
-0.003617 15 13 0
0.001225 15 -13 0
0.003353 15 15 0
0.002863 15 -15 0
0.016732 16 0 0
-0.026485 16 2 0
-0.002710 16 -2 0
0.000808 16 4 0
-0.034930 16 -4 0
-0.018569 16 6 0
0.006280 16 -6 0
0.005935 16 8 0
0.021193 16 -8 0
0.014205 16 10 0
-0.003525 16 -10 0
0.001422 16 12 0
-0.001459 16 -12 0
0.000622 16 14 0
0.002020 16 -14 0
-0.000889 16 16 0
0.001915 16 -16 0
-0.010732 17 1 0
0.010307 17 -1 0
0.000042 17 3 0
0.001179 17 -3 0
0.015769 17 5 0
-0.018891 17 -5 0
-0.014149 17 7 0
-0.008623 17 -7 0
-0.006322 17 9 0
0.015370 17 -9 0
0.011997 17 11 0
0.008442 17 -11 0
-0.000695 17 13 0
0.003786 17 -13 0
0.000171 17 15 0
0.000200 17 -15 0
0.000919 17 17 0
0.000914 17 -17 0
-0.003976 18 0 0
0.007112 18 2 0
0.004635 18 -2 0
0.003986 18 4 0
0.014560 18 -4 0
0.014355 18 6 0
-0.001810 18 -6 0
-0.003590 18 8 0
-0.007736 18 -8 0
-0.013672 18 10 0
0.002060 18 -10 0
0.003162 18 12 0
0.006857 18 -12 0
0.001178 18 14 0
0.004869 18 -14 0
-0.000483 18 16 0
-0.001485 18 -16 0
-0.002050 18 18 0
0.001239 18 -18 0
0.008453 19 1 0
-0.006993 19 -1 0
0.000594 19 3 0
0.006073 19 -3 0
-0.009442 19 5 0
0.012326 19 -5 0
0.001958 19 7 0
0.004434 19 -7 0
0.004368 19 9 0
-0.004322 19 -9 0
-0.007730 19 11 0
