-0.157460 1 1 0
0.046294 1 -1 0
-0.180546 2 0 0
-0.052069 2 2 0
0.011418 2 -2 0
0.335733 3 1 0
-0.348563 3 -1 0
-0.052976 3 3 0
-0.006894 3 -3 0
0.057077 4 0 0
0.355183 4 2 0
-0.023648 4 -2 0
-0.018308 4 4 0
0.000998 4 -4 0
-0.303403 5 1 0
0.332232 5 -1 0
0.187337 5 3 0
0.134178 5 -3 0
-0.023290 5 5 0
-0.009656 5 -5 0
0.094859 6 0 0
-0.441922 6 2 0
0.025616 6 -2 0
0.026904 6 4 0
0.121994 6 -4 0
0.003464 6 6 0
-0.003747 6 -6 0
0.128258 7 1 0
-0.143567 7 -1 0
-0.243279 7 3 0
-0.191986 7 -3 0
-0.041465 7 5 0
0.059446 7 -5 0
-0.003324 7 7 0
-0.011546 7 -7 0
-0.127760 8 0 0
0.323360 8 2 0
-0.028763 8 -2 0
-0.028023 8 4 0
-0.175397 8 -4 0
-0.040145 8 6 0
0.006971 8 -6 0
-0.001932 8 8 0
0.003224 8 -8 0
0.026012 9 1 0
-0.032204 9 -1 0
0.215533 9 3 0
0.168609 9 -3 0
0.054180 9 5 0
-0.079932 9 -5 0
-0.023221 9 7 0
-0.018718 9 -7 0
-0.000505 9 9 0
0.002183 9 -9 0
0.066535 10 0 0
-0.139870 10 2 0
0.007574 10 -2 0
0.032396 10 4 0
0.160645 10 -4 0
0.055340 10 6 0
-0.009267 10 -6 0
-0.009415 10 8 0
-0.022709 10 -8 0
-0.007203 10 10 0
-0.001648 10 -10 0
-0.071247 11 1 0
0.072964 11 -1 0
-0.138709 11 3 0
-0.112576 11 -3 0
-0.050541 11 5 0
0.071418 11 -5 0
0.033748 11 7 0
0.019414 11 -7 0
0.012534 11 9 0
-0.015775 11 -9 0
-0.004767 11 11 0
-0.001091 11 -11 0
-0.002186 12 0 0
0.006741 12 2 0
-0.001572 12 -2 0
-0.018700 12 4 0
-0.125700 12 -4 0
-0.045764 12 6 0
0.010240 12 -6 0
0.003859 12 8 0
0.027704 12 -8 0
0.008037 12 10 0
-0.006691 12 -10 0
0.003101 12 12 0
-0.006483 12 -12 0
0.044054 13 1 0
-0.042494 13 -1 0
0.058284 13 3 0
0.054734 13 -3 0
0.033933 13 5 0
-0.058823 13 -5 0
-0.032524 13 7 0
-0.020299 13 -7 0
-0.010044 13 9 0
0.019622 13 -9 0
0.006425 13 11 0
0.005486 13 -11 0
0.002794 13 13 0
-0.003082 13 -13 0
-0.021309 14 0 0
0.029796 14 2 0
0.001181 14 -2 0
0.009774 14 4 0
0.073164 14 -4 0
0.040833 14 6 0
-0.010358 14 -6 0
-0.009659 14 8 0
-0.026517 14 -8 0
-0.018828 14 10 0
0.001848 14 -10 0
0.001497 14 12 0
0.005098 14 -12 0
0.007951 14 14 0
0.001235 14 -14 0
-0.009172 15 1 0
0.004261 15 -1 0
-0.015889 15 3 0
-0.012219 15 -3 0
-0.027509 15 5 0
0.041051 15 -5 0
0.024688 15 7 0
0.015340 15 -7 0
0.011817 15 9 0
-0.018047 15 -9 0
-0.006998 15 11 0
-0.003137 15 -11 0
-0.002982 15 13 0
0.002600 15 -13 0
0.000278 15 15 0
0.004557 15 -15 0
0.017046 16 0 0
-0.027062 16 2 0
-0.001620 16 -2 0
-0.000845 16 4 0
-0.035853 16 -4 0
-0.018947 16 6 0
0.008352 16 -6 0
0.005430 16 8 0
0.020624 16 -8 0
0.015712 16 10 0
-0.003711 16 -10 0
0.000656 16 12 0
-0.000736 16 -12 0
0.000953 16 14 0
0.002002 16 -14 0
0.002549 16 16 0
0.000804 16 -16 0
-0.010104 17 1 0
0.010771 17 -1 0
-0.000107 17 3 0
0.000645 17 -3 0
0.016696 17 5 0
-0.018724 17 -5 0
-0.013327 17 7 0
-0.007844 17 -7 0
-0.006265 17 9 0
0.015713 17 -9 0
0.012181 17 11 0
0.007231 17 -11 0
0.001043 17 13 0
0.003424 17 -13 0
-0.001104 17 15 0
0.001253 17 -15 0
-0.002866 17 17 0
0.000210 17 -17 0
-0.004729 18 0 0
0.006661 18 2 0
0.004591 18 -2 0
0.003863 18 4 0
0.014162 18 -4 0
0.012534 18 6 0
-0.003233 18 -6 0
-0.003575 18 8 0
-0.008165 18 -8 0
-0.013421 18 10 0
0.003908 18 -10 0
0.003403 18 12 0
0.008890 18 -12 0
0.001214 18 14 0
0.004235 18 -14 0
0.000591 18 16 0
-0.001461 18 -16 0
0.000389 18 18 0
0.002581 18 -18 0
0.009141 19 1 0
-0.006986 19 -1 0
0.000336 19 3 0
0.007264 19 -3 0
-0.007530 19 5 0
0.013374 19 -5 0
0.002085 19 7 0
0.004056 19 -7 0
0.005250 19 9 0
-0.004806 19 -9 0
-0.007807 19 11 0
