-0.032566 1 1 0
0.100918 1 -1 0
0.048899 2 0 0
-0.014479 2 2 0
-0.104110 2 -2 0
0.052874 3 1 0
0.141740 3 -1 0
0.014809 3 3 0
-0.033902 3 -3 0
0.052735 4 0 0
0.024464 4 2 0
0.183515 4 -2 0
-0.020431 4 4 0
-0.037962 4 -4 0
0.002441 5 1 0
-0.018179 5 -1 0
0.047317 5 3 0
0.149927 5 -3 0
-0.018437 5 5 0
-0.031776 5 -5 0
-0.054906 6 0 0
-0.026476 6 2 0
-0.118166 6 -2 0
0.029963 6 4 0
0.103936 6 -4 0
-0.017874 6 6 0
0.012337 6 -6 0
0.005660 7 1 0
-0.089960 7 -1 0
-0.011413 7 3 0
-0.117905 7 -3 0
0.038838 7 5 0
0.046925 7 -5 0
-0.006893 7 7 0
-0.036175 7 -7 0
0.013547 8 0 0
-0.003728 8 2 0
-0.026747 8 -2 0
-0.038493 8 4 0
-0.114443 8 -4 0
0.012459 8 6 0
0.073622 8 -6 0
-0.003815 8 8 0
0.009836 8 -8 0
0.025851 9 1 0
0.046878 9 -1 0
0.028704 9 3 0
0.033225 9 -3 0
-0.034875 9 5 0
-0.104888 9 -5 0
0.015092 9 7 0
0.005622 9 -7 0
-0.034366 9 9 0
0.024844 9 -9 0
0.008213 10 0 0
0.004659 10 2 0
0.022903 10 -2 0
0.013417 10 4 0
0.046925 10 -4 0
-0.036972 10 6 0
-0.035765 10 -6 0
-0.000949 10 8 0
-0.002179 10 -8 0
0.015976 10 10 0
-0.029638 10 -10 0
0.011591 11 1 0
-0.029832 11 -1 0
0.021836 11 3 0
0.006673 11 -3 0
0.026269 11 5 0
0.025288 11 -5 0
-0.019875 11 7 0
-0.058773 11 -7 0
-0.022762 11 9 0
0.016784 11 -9 0
-0.029686 11 11 0
0.044886 11 -11 0
-0.017096 12 0 0
-0.012518 12 2 0
-0.046984 12 -2 0
-0.000616 12 4 0
-0.007926 12 -4 0
0.018377 12 6 0
0.062113 12 -6 0
-0.017220 12 8 0
-0.021268 12 -8 0
0.010914 12 10 0
-0.038989 12 -10 0
0.025852 12 12 0
0.001695 12 -12 0
0.007081 13 1 0
-0.021614 13 -1 0
0.001364 13 3 0
-0.032222 13 -3 0
-0.009513 13 5 0
-0.035293 13 -5 0
0.019176 13 7 0
0.014869 13 -7 0
-0.026578 13 9 0
0.001130 13 -9 0
-0.021924 13 11 0
0.022810 13 -11 0
-0.014919 13 13 0
0.024005 13 -13 0
0.003750 14 0 0
-0.002884 14 2 0
-0.005717 14 -2 0
-0.011899 14 4 0
-0.019134 14 -4 0
-0.010096 14 6 0
-0.005724 14 -6 0
0.011779 14 8 0
0.018198 14 -8 0
0.001441 14 10 0
-0.025889 14 -10 0
0.014944 14 12 0
-0.007052 14 -12 0
0.018572 14 14 0
0.027775 14 -14 0
0.012625 15 1 0
0.000478 15 -1 0
0.013068 15 3 0
0.000536 15 -3 0
-0.001676 15 5 0
-0.025321 15 -5 0
-0.008846 15 7 0
-0.031013 15 -7 0
-0.003018 15 9 0
0.018786 15 -9 0
-0.014744 15 11 0
0.015759 15 -11 0
-0.011048 15 13 0
0.009415 15 -13 0
-0.011750 15 15 0
-0.001323 15 -15 0
-0.001521 16 0 0
-0.001963 16 2 0
-0.005506 16 -2 0
0.003353 16 4 0
0.005176 16 -4 0
0.001949 16 6 0
0.005081 16 -6 0
-0.009309 16 8 0
-0.014460 16 -8 0
0.006585 16 10 0
-0.009787 16 -10 0
0.011327 16 12 0
0.001522 16 -12 0
0.010003 16 14 0
0.014757 16 -14 0
0.002149 16 16 0
0.012791 16 -16 0
0.004688 17 1 0
-0.008675 17 -1 0
0.002811 17 3 0
-0.007791 17 -3 0
0.005203 17 5 0
-0.007581 17 -5 0
0.005964 17 7 0
-0.005686 17 -7 0
-0.011780 17 9 0
-0.006880 17 -9 0
-0.004139 17 11 0
0.009167 17 -11 0
-0.000073 17 13 0
0.005683 17 -13 0
-0.007121 17 15 0
-0.003771 17 -15 0
0.000748 17 17 0
0.001132 17 -17 0
-0.002997 18 0 0
-0.002948 18 2 0
-0.004815 18 -2 0
-0.005857 18 4 0
-0.001217 18 -4 0
0.005588 18 6 0
0.009437 18 -6 0
0.003180 18 8 0
0.007363 18 -8 0
-0.008471 18 10 0
-0.012681 18 -10 0
0.004461 18 12 0
-0.000604 18 -12 0
0.006075 18 14 0
0.009303 18 -14 0
0.000366 18 16 0
0.004664 18 -16 0
0.000327 18 18 0
-0.003024 18 -18 0
0.006306 19 1 0
-0.003697 19 -1 0
-0.000128 19 3 0
-0.007481 19 -3 0
-0.002708 19 5 0
-0.009071 19 -5 0
-0.000453 19 7 0
-0.000026 19 -7 0
0.004015 19 9 0
0.007100 19 -9 0
-0.010566 19 11 0
