0.015991 1 1 0
0.069908 1 -1 0
0.050893 2 0 0
-0.033395 2 2 0
-0.091382 2 -2 0
0.031833 3 1 0
0.151483 3 -1 0
-0.007035 3 3 0
-0.020120 3 -3 0
0.037913 4 0 0
0.030933 4 2 0
0.176666 4 -2 0
-0.031761 4 4 0
-0.053447 4 -4 0
0.006217 5 1 0
-0.019599 5 -1 0
0.041316 5 3 0
0.140575 5 -3 0
-0.018352 5 5 0
-0.024021 5 -5 0
-0.049504 6 0 0
-0.024394 6 2 0
-0.111727 6 -2 0
0.023825 6 4 0
0.112579 6 -4 0
-0.021813 6 6 0
0.007504 6 -6 0
-0.008123 7 1 0
-0.092186 7 -1 0
-0.019561 7 3 0
-0.118643 7 -3 0
0.027879 7 5 0
0.049800 7 -5 0
-0.009799 7 7 0
-0.032249 7 -7 0
0.014155 8 0 0
-0.005286 8 2 0
-0.019267 8 -2 0
-0.048104 8 4 0
-0.117355 8 -4 0
0.015141 8 6 0
0.059882 8 -6 0
0.005044 8 8 0
0.007376 8 -8 0
0.014837 9 1 0
0.043003 9 -1 0
0.019799 9 3 0
0.031817 9 -3 0
-0.041754 9 5 0
-0.103584 9 -5 0
0.018906 9 7 0
0.003736 9 -7 0
-0.017028 9 9 0
0.029468 9 -9 0
0.008501 10 0 0
0.007883 10 2 0
0.030172 10 -2 0
0.004969 10 4 0
0.049206 10 -4 0
-0.036886 10 6 0
-0.041817 10 -6 0
0.005185 10 8 0
-0.006247 10 -8 0
0.014494 10 10 0
-0.024487 10 -10 0
0.004464 11 1 0
-0.029852 11 -1 0
0.015049 11 3 0
0.005901 11 -3 0
0.020729 11 5 0
0.028391 11 -5 0
-0.017743 11 7 0
-0.056987 11 -7 0
-0.006917 11 9 0
0.017018 11 -9 0
-0.023059 11 11 0
0.038733 11 -11 0
-0.014878 12 0 0
-0.011586 12 2 0
-0.042478 12 -2 0
-0.007217 12 4 0
-0.008506 12 -4 0
0.017759 12 6 0
0.056056 12 -6 0
-0.013554 12 8 0
-0.020322 12 -8 0
0.006930 12 10 0
-0.032880 12 -10 0
0.031102 12 12 0
0.012466 12 -12 0
-0.000282 13 1 0
-0.025602 13 -1 0
-0.003827 13 3 0
-0.030372 13 -3 0
-0.015091 13 5 0
-0.031679 13 -5 0
0.022660 13 7 0
0.013598 13 -7 0
-0.016491 13 9 0
0.002814 13 -9 0
-0.017307 13 11 0
0.017241 13 -11 0
-0.015114 13 13 0
0.015177 13 -13 0
0.005718 14 0 0
-0.001412 14 2 0
-0.001808 14 -2 0
-0.015879 14 4 0
-0.017943 14 -4 0
-0.011509 14 6 0
-0.007746 14 -6 0
0.015117 14 8 0
0.016170 14 -8 0
-0.000256 14 10 0
-0.020938 14 -10 0
0.015047 14 12 0
-0.003163 14 -12 0
0.015909 14 14 0
0.027135 14 -14 0
0.006268 15 1 0
-0.000077 15 -1 0
0.009208 15 3 0
0.001875 15 -3 0
-0.005895 15 5 0
-0.021606 15 -5 0
-0.009198 15 7 0
-0.031788 15 -7 0
0.007178 15 9 0
0.018475 15 -9 0
-0.012725 15 11 0
0.012844 15 -11 0
-0.010056 15 13 0
0.005271 15 -13 0
-0.010228 15 15 0
-0.004085 15 -15 0
-0.000654 16 0 0
-0.000102 16 2 0
-0.002583 16 -2 0
0.001522 16 4 0
0.005495 16 -4 0
0.000442 16 6 0
0.004440 16 -6 0
-0.007909 16 8 0
-0.014474 16 -8 0
0.004014 16 10 0
-0.006889 16 -10 0
0.013691 16 12 0
0.004557 16 -12 0
0.006317 16 14 0
0.013863 16 -14 0
0.007386 16 16 0
0.011988 16 -16 0
0.001078 17 1 0
-0.009694 17 -1 0
-0.000181 17 3 0
-0.005858 17 -3 0
0.002134 17 5 0
-0.005142 17 -5 0
0.006398 17 7 0
-0.006757 17 -7 0
-0.008138 17 9 0
-0.006752 17 -9 0
-0.001334 17 11 0
0.007077 17 -11 0
-0.000073 17 13 0
0.006691 17 -13 0
-0.007689 17 15 0
-0.005773 17 -15 0
-0.002157 17 17 0
0.001051 17 -17 0
-0.001623 18 0 0
-0.002552 18 2 0
-0.004526 18 -2 0
-0.005918 18 4 0
-0.003091 18 -4 0
0.004377 18 6 0
0.009821 18 -6 0
0.004001 18 8 0
0.007836 18 -8 0
-0.009293 18 10 0
-0.010484 18 -10 0
0.003868 18 12 0
0.001353 18 -12 0
0.005851 18 14 0
0.009585 18 -14 0
0.002438 18 16 0
0.006854 18 -16 0
0.003198 18 18 0
0.000216 18 -18 0
0.003967 19 1 0
-0.004544 19 -1 0
-0.000158 19 3 0
-0.004581 19 -3 0
-0.004229 19 5 0
-0.006851 19 -5 0
0.000775 19 7 0
0.000236 19 -7 0
0.004281 19 9 0
0.006545 19 -9 0
-0.010188 19 11 0
