0.135225 1 1 0
-0.087089 1 -1 0
0.048773 2 0 0
-0.036632 2 2 0
-0.081828 2 -2 0
0.000986 3 1 0
0.158123 3 -1 0
-0.015160 3 3 0
-0.040115 3 -3 0
0.052142 4 0 0
0.041686 4 2 0
0.163693 4 -2 0
-0.001819 4 4 0
-0.047654 4 -4 0
-0.005521 5 1 0
-0.021695 5 -1 0
0.027843 5 3 0
0.133852 5 -3 0
-0.017982 5 5 0
-0.011565 5 -5 0
-0.049302 6 0 0
-0.014102 6 2 0
-0.104700 6 -2 0
0.026898 6 4 0
0.107453 6 -4 0
-0.011408 6 6 0
0.010260 6 -6 0
-0.012916 7 1 0
-0.097513 7 -1 0
-0.024404 7 3 0
-0.126073 7 -3 0
0.027728 7 5 0
0.068219 7 -5 0
0.002055 7 7 0
-0.016666 7 -7 0
0.015576 8 0 0
0.003519 8 2 0
-0.015601 8 -2 0
-0.027757 8 4 0
-0.120058 8 -4 0
0.018765 8 6 0
0.068716 8 -6 0
-0.006764 8 8 0
0.001608 8 -8 0
0.004330 9 1 0
0.043549 9 -1 0
0.010614 9 3 0
0.021485 9 -3 0
-0.046584 9 5 0
-0.087559 9 -5 0
0.015277 9 7 0
0.022188 9 -7 0
-0.005291 9 9 0
0.038234 9 -9 0
0.009856 10 0 0
0.013399 10 2 0
0.028333 10 -2 0
0.016843 10 4 0
0.046514 10 -4 0
-0.027399 10 6 0
-0.040801 10 -6 0
0.000237 10 8 0
-0.002739 10 -8 0
0.003158 10 10 0
-0.032700 10 -10 0
-0.004377 11 1 0
-0.035069 11 -1 0
0.011995 11 3 0
0.000903 11 -3 0
0.020504 11 5 0
0.040624 11 -5 0
-0.019423 11 7 0
-0.042927 11 -7 0
-0.003333 11 9 0
0.025382 11 -9 0
-0.009442 11 11 0
0.043942 11 -11 0
-0.013700 12 0 0
-0.004709 12 2 0
-0.040868 12 -2 0
0.002591 12 4 0
-0.013362 12 -4 0
0.023582 12 6 0
0.056621 12 -6 0
-0.016540 12 8 0
-0.022474 12 -8 0
-0.001571 12 10 0
-0.040877 12 -10 0
0.014075 12 12 0
0.013398 12 -12 0
-0.005997 13 1 0
-0.027968 13 -1 0
-0.009657 13 3 0
-0.037257 13 -3 0
-0.016584 13 5 0
-0.020023 13 -5 0
0.020067 13 7 0
0.025202 13 -7 0
-0.012899 13 9 0
0.011240 13 -9 0
-0.009353 13 11 0
0.017760 13 -11 0
0.004341 13 13 0
0.008838 13 -13 0
0.004819 14 0 0
0.001824 14 2 0
-0.002098 14 -2 0
-0.009649 14 4 0
-0.020736 14 -4 0
-0.007043 14 6 0
-0.005871 14 -6 0
0.014127 14 8 0
0.016485 14 -8 0
-0.005369 14 10 0
-0.025278 14 -10 0
0.008002 14 12 0
-0.001419 14 -12 0
-0.004398 14 14 0
0.023193 14 -14 0
0.004018 15 1 0
-0.000717 15 -1 0
0.008469 15 3 0
-0.005014 15 -3 0
-0.005419 15 5 0
-0.014201 15 -5 0
-0.010810 15 7 0
-0.023595 15 -7 0
0.008291 15 9 0
0.023106 15 -9 0
-0.008164 15 11 0
0.013214 15 -11 0
0.000802 15 13 0
0.000873 15 -13 0
-0.000076 15 15 0
-0.005729 15 -15 0
0.000461 16 0 0
0.002133 16 2 0
-0.002963 16 -2 0
0.005359 16 4 0
0.003664 16 -4 0
0.005052 16 6 0
0.003926 16 -6 0
-0.009109 16 8 0
-0.016197 16 -8 0
0.000909 16 10 0
-0.009304 16 -10 0
0.010218 16 12 0
0.006197 16 -12 0
-0.007601 16 14 0
0.013113 16 -14 0
0.002873 16 16 0
0.010678 16 -16 0
-0.000879 17 1 0
-0.012542 17 -1 0
0.000289 17 3 0
-0.008236 17 -3 0
-0.000235 17 5 0
-0.000515 17 -5 0
0.005558 17 7 0
-0.001449 17 -7 0
-0.008762 17 9 0
-0.002556 17 -9 0
-0.000979 17 11 0
0.007387 17 -11 0
0.005458 17 13 0
0.004855 17 -13 0
-0.004104 17 15 0
-0.005161 17 -15 0
-0.004699 17 17 0
-0.000797 17 -17 0
-0.002549 18 0 0
-0.001065 18 2 0
-0.004786 18 -2 0
-0.004989 18 4 0
-0.003548 18 -4 0
0.004811 18 6 0
0.008986 18 -6 0
0.003814 18 8 0
0.006213 18 -8 0
-0.011695 18 10 0
-0.011456 18 -10 0
0.002404 18 12 0
0.001067 18 -12 0
0.000771 18 14 0
0.006737 18 -14 0
0.001380 18 16 0
0.007577 18 -16 0
0.001203 18 18 0
0.002292 18 -18 0
0.003208 19 1 0
-0.006364 19 -1 0
-0.001133 19 3 0
-0.008297 19 -3 0
-0.004105 19 5 0
-0.004925 19 -5 0
0.001000 19 7 0
0.002058 19 -7 0
0.004047 19 9 0
0.008063 19 -9 0
-0.009727 19 11 0
