-0.041373 1 1 0
-0.042332 1 -1 0
0.083677 2 0 0
0.018925 2 2 0
-0.019901 2 -2 0
0.047604 3 1 0
0.135313 3 -1 0
-0.027685 3 3 0
-0.021974 3 -3 0
-0.100330 4 0 0
0.032223 4 2 0
0.080243 4 -2 0
-0.001658 4 4 0
-0.022522 4 -4 0
-0.055671 5 1 0
-0.227228 5 -1 0
0.017191 5 3 0
0.032451 5 -3 0
0.002183 5 5 0
0.000098 5 -5 0
0.044229 6 0 0
-0.038703 6 2 0
-0.140616 6 -2 0
0.004705 6 4 0
0.023658 6 -4 0
-0.006576 6 6 0
-0.007427 6 -6 0
0.020055 7 1 0
0.196950 7 -1 0
-0.042387 7 3 0
-0.059163 7 -3 0
0.016475 7 5 0
-0.003036 7 -5 0
0.012435 7 7 0
0.001065 7 -7 0
0.002672 8 0 0
0.065947 8 2 0
0.147568 8 -2 0
-0.011755 8 4 0
-0.014553 8 -4 0
-0.015138 8 6 0
-0.003214 8 -6 0
-0.007241 8 8 0
-0.010982 8 -8 0
-0.029756 9 1 0
-0.120112 9 -1 0
0.038685 9 3 0
0.071783 9 -3 0
-0.004124 9 5 0
0.003767 9 -5 0
0.010868 9 7 0
-0.002719 9 -7 0
-0.003460 9 9 0
-0.001190 9 -9 0
-0.031599 10 0 0
-0.032865 10 2 0
-0.103046 10 -2 0
0.019247 10 4 0
0.044730 10 -4 0
-0.011319 10 6 0
0.002887 10 -6 0
-0.005596 10 8 0
-0.005297 10 -8 0
-0.001442 10 10 0
-0.001603 10 -10 0
-0.012091 11 1 0
0.045539 11 -1 0
-0.042212 11 3 0
-0.067384 11 -3 0
0.017220 11 5 0
0.013608 11 -5 0
0.012455 11 7 0
0.007517 11 -7 0
-0.009390 11 9 0
-0.007066 11 -9 0
0.001695 11 11 0
0.006547 11 -11 0
0.027049 12 0 0
0.038817 12 2 0
0.059734 12 -2 0
-0.018299 12 4 0
-0.030599 12 -4 0
-0.007245 12 6 0
-0.007505 12 -6 0
0.003056 12 8 0
-0.001625 12 -8 0
0.000738 12 10 0
0.001542 12 -10 0
-0.004232 12 12 0
0.005858 12 -12 0
-0.007153 13 1 0
-0.009111 13 -1 0
0.023966 13 3 0
0.043373 13 -3 0
-0.005895 13 5 0
-0.007822 13 -5 0
0.006678 13 7 0
-0.009241 13 -7 0
-0.006102 13 9 0
-0.001153 13 -9 0
0.002176 13 11 0
-0.001429 13 -11 0
0.000518 13 13 0
0.006932 13 -13 0
-0.023211 14 0 0
-0.003238 14 2 0
-0.026465 14 -2 0
0.019601 14 4 0
0.040715 14 -4 0
-0.010150 14 6 0
-0.000598 14 -6 0
-0.003685 14 8 0
-0.011320 14 -8 0
0.004558 14 10 0
0.002439 14 -10 0
0.000788 14 12 0
0.002487 14 -12 0
-0.002902 14 14 0
-0.002726 14 -14 0
-0.020512 15 1 0
-0.010857 15 -1 0
-0.018671 15 3 0
-0.024273 15 -3 0
0.012823 15 5 0
0.017000 15 -5 0
0.009281 15 7 0
0.008414 15 -7 0
-0.009089 15 9 0
-0.006282 15 -9 0
0.002359 15 11 0
0.003221 15 -11 0
0.000372 15 13 0
0.003027 15 -13 0
0.005103 15 15 0
-0.001381 15 -15 0
0.009266 16 0 0
0.010480 16 2 0
0.005540 16 -2 0
-0.011044 16 4 0
-0.017994 16 -4 0
-0.001789 16 6 0
-0.000520 16 -6 0
0.003502 16 8 0
0.001029 16 -8 0
0.000250 16 10 0
-0.000718 16 -10 0
0.000991 16 12 0
0.003321 16 -12 0
-0.002140 16 14 0
-0.000124 16 -14 0
0.001949 16 16 0
-0.004537 16 -16 0
0.004639 17 1 0
0.007470 17 -1 0
0.007278 17 3 0
0.009426 17 -3 0
-0.004570 17 5 0
-0.007568 17 -5 0
0.003513 17 7 0
-0.005984 17 -7 0
-0.000358 17 9 0
0.000689 17 -9 0
0.001209 17 11 0
0.000702 17 -11 0
-0.000459 17 13 0
0.005610 17 -13 0
0.003496 17 15 0
-0.002893 17 -15 0
-0.004513 17 17 0
-0.001387 17 -17 0
-0.005874 18 0 0
0.006481 18 2 0
-0.001036 18 -2 0
0.009597 18 4 0
0.016219 18 -4 0
-0.007457 18 6 0
-0.005199 18 -6 0
-0.001470 18 8 0
-0.005182 18 -8 0
0.001549 18 10 0
0.002007 18 -10 0
0.000466 18 12 0
0.002221 18 -12 0
0.000212 18 14 0
0.000896 18 -14 0
0.001589 18 16 0
0.000954 18 -16 0
0.002698 18 18 0
-0.000867 18 -18 0
-0.011165 19 1 0
-0.005510 19 -1 0
-0.006043 19 3 0
-0.002950 19 -3 0
0.006531 19 5 0
0.009289 19 -5 0
0.001700 19 7 0
0.003957 19 -7 0
-0.004044 19 9 0
-0.005422 19 -9 0
0.001650 19 11 0
