0.085895 1 1 0
-0.064520 1 -1 0
0.011685 2 0 0
0.005005 2 2 0
0.044756 2 -2 0
-0.085334 3 1 0
-0.076783 3 -1 0
-0.025098 3 3 0
0.008013 3 -3 0
-0.006815 4 0 0
0.086768 4 2 0
0.002560 4 -2 0
-0.007283 4 4 0
0.015694 4 -4 0
0.037181 5 1 0
0.059124 5 -1 0
-0.071659 5 3 0
0.007297 5 -3 0
0.018553 5 5 0
0.007538 5 -5 0
-0.034471 6 0 0
-0.075267 6 2 0
-0.008922 6 -2 0
0.009991 6 4 0
-0.021847 6 -4 0
-0.002736 6 6 0
0.004210 6 -6 0
-0.038523 7 1 0
-0.039088 7 -1 0
0.029140 7 3 0
-0.006926 7 -3 0
0.010404 7 5 0
0.005536 7 -5 0
0.044311 7 7 0
0.005773 7 -7 0
0.021043 8 0 0
0.073075 8 2 0
0.020765 8 -2 0
-0.031533 8 4 0
0.040528 8 -4 0
-0.010447 8 6 0
-0.001178 8 -6 0
-0.017309 8 8 0
0.004791 8 -8 0
-0.032595 9 1 0
-0.024911 9 -1 0
-0.086383 9 3 0
0.019458 9 -3 0
0.011806 9 5 0
-0.018760 9 -5 0
0.047104 9 7 0
0.003884 9 -7 0
0.005309 9 9 0
0.001406 9 -9 0
-0.020168 10 0 0
-0.009215 10 2 0
-0.002328 10 -2 0
0.019232 10 4 0
-0.026858 10 -4 0
0.004601 10 6 0
0.015446 10 -6 0
-0.012969 10 8 0
0.006657 10 -8 0
0.000817 10 10 0
-0.024129 10 -10 0
-0.002216 11 1 0
0.004521 11 -1 0
0.005965 11 3 0
-0.009596 11 -3 0
0.008165 11 5 0
0.022579 11 -5 0
0.025794 11 7 0
0.007420 11 -7 0
0.001151 11 9 0
-0.002964 11 -9 0
0.014393 11 11 0
0.000424 11 -11 0
-0.006727 12 0 0
0.008457 12 2 0
0.004893 12 -2 0
-0.020164 12 4 0
0.025532 12 -4 0
-0.003514 12 6 0
-0.008340 12 -6 0
-0.005480 12 8 0
0.000771 12 -8 0
0.006108 12 10 0
-0.016311 12 -10 0
0.013341 12 12 0
-0.008497 12 -12 0
-0.025711 13 1 0
-0.017817 13 -1 0
-0.036912 13 3 0
0.011193 13 -3 0
0.007970 13 5 0
-0.018384 13 -5 0
0.031801 13 7 0
0.007776 13 -7 0
0.001474 13 9 0
0.005191 13 -9 0
0.006316 13 11 0
-0.002130 13 -11 0
0.002401 13 13 0
0.008874 13 -13 0
0.000375 14 0 0
0.019209 14 2 0
0.000720 14 -2 0
0.007480 14 4 0
-0.012847 14 -4 0
0.003366 14 6 0
0.011347 14 -6 0
-0.008546 14 8 0
0.004937 14 -8 0
0.003877 14 10 0
-0.014141 14 -10 0
0.013880 14 12 0
-0.007493 14 -12 0
0.012144 14 14 0
-0.003346 14 -14 0
-0.010017 15 1 0
-0.007229 15 -1 0
-0.012419 15 3 0
0.002876 15 -3 0
0.003002 15 5 0
0.013916 15 -5 0
0.012557 15 7 0
-0.000960 15 -7 0
-0.000419 15 9 0
-0.007014 15 -9 0
0.010081 15 11 0
0.003032 15 -11 0
0.002660 15 13 0
0.004746 15 -13 0
-0.001398 15 15 0
0.001679 15 -15 0
-0.006794 16 0 0
-0.001710 16 2 0
0.000893 16 -2 0
-0.004339 16 4 0
0.007218 16 -4 0
-0.000583 16 6 0
-0.004476 16 -6 0
-0.000019 16 8 0
0.000436 16 -8 0
0.005866 16 10 0
-0.006224 16 -10 0
0.006649 16 12 0
-0.001742 16 -12 0
0.004473 16 14 0
0.000111 16 -14 0
0.007351 16 16 0
0.002824 16 -16 0
-0.004710 17 1 0
-0.001173 17 -1 0
-0.009654 17 3 0
-0.000956 17 -3 0
0.001388 17 5 0
-0.007130 17 -5 0
0.011723 17 7 0
0.003869 17 -7 0
-0.000762 17 9 0
0.003577 17 -9 0
0.001325 17 11 0
-0.002551 17 -11 0
0.001612 17 13 0
0.002755 17 -13 0
0.000395 17 15 0
-0.001085 17 -15 0
-0.003326 17 17 0
0.000872 17 -17 0
-0.000583 18 0 0
0.005213 18 2 0
-0.000081 18 -2 0
0.001320 18 4 0
-0.004209 18 -4 0
0.001581 18 6 0
0.003338 18 -6 0
-0.004242 18 8 0
0.000615 18 -8 0
0.002113 18 10 0
-0.008064 18 -10 0
0.005690 18 12 0
-0.002333 18 -12 0
0.003475 18 14 0
0.000734 18 -14 0
0.001237 18 16 0
0.001693 18 -16 0
0.002195 18 18 0
0.001513 18 -18 0
-0.005496 19 1 0
-0.004499 19 -1 0
-0.008933 19 3 0
0.003624 19 -3 0
0.001792 19 5 0
0.005462 19 -5 0
0.003093 19 7 0
-0.000518 19 -7 0
0.002149 19 9 0
-0.003622 19 -9 0
0.003414 19 11 0
