0.088732 1 1 0
0.062649 1 -1 0
0.021282 2 0 0
0.023664 2 2 0
-0.032121 2 -2 0
-0.070534 3 1 0
-0.095524 3 -1 0
0.008497 3 3 0
0.024017 3 -3 0
-0.009276 4 0 0
0.079000 4 2 0
0.022236 4 -2 0
0.021100 4 4 0
0.013861 4 -4 0
0.032246 5 1 0
0.048412 5 -1 0
-0.074768 5 3 0
0.030057 5 -3 0
0.014503 5 5 0
0.014135 5 -5 0
-0.036916 6 0 0
-0.069228 6 2 0
-0.027540 6 -2 0
0.008560 6 4 0
-0.024178 6 -4 0
-0.012295 6 6 0
0.014117 6 -6 0
-0.039920 7 1 0
-0.040995 7 -1 0
0.035100 7 3 0
0.006089 7 -3 0
0.006873 7 5 0
0.026513 7 -5 0
0.029246 7 7 0
-0.024329 7 -7 0
0.016681 8 0 0
0.074185 8 2 0
0.014977 8 -2 0
-0.016512 8 4 0
0.037213 8 -4 0
-0.006167 8 6 0
0.002821 8 -6 0
-0.012045 8 8 0
0.003681 8 -8 0
-0.034841 9 1 0
-0.029493 9 -1 0
-0.077480 9 3 0
0.038274 9 -3 0
0.014899 9 5 0
-0.000079 9 -5 0
0.032438 9 7 0
-0.024137 9 -7 0
-0.000538 9 9 0
-0.024690 9 -9 0
-0.023306 10 0 0
-0.008188 10 2 0
-0.008615 10 -2 0
0.025626 10 4 0
-0.026410 10 -4 0
-0.001877 10 6 0
0.021898 10 -6 0
-0.009424 10 8 0
0.009568 10 -8 0
-0.002937 10 10 0
-0.012557 10 -10 0
-0.003706 11 1 0
0.004754 11 -1 0
0.010045 11 3 0
0.004451 11 -3 0
0.005041 11 5 0
0.041728 11 -5 0
0.017396 11 7 0
-0.018098 11 -7 0
-0.006913 11 9 0
-0.029592 11 -9 0
0.003766 11 11 0
0.014712 11 -11 0
-0.008204 12 0 0
0.010137 12 2 0
-0.000442 12 -2 0
-0.013369 12 4 0
0.024510 12 -4 0
-0.007721 12 6 0
-0.003451 12 -6 0
-0.001179 12 8 0
-0.001923 12 -8 0
0.001741 12 10 0
-0.008203 12 -10 0
0.006848 12 12 0
-0.003710 12 -12 0
-0.026892 13 1 0
-0.021715 13 -1 0
-0.030265 13 3 0
0.021752 13 -3 0
0.009949 13 5 0
-0.006602 13 -5 0
0.022393 13 7 0
-0.015168 13 -7 0
-0.004258 13 9 0
-0.014619 13 -9 0
0.000221 13 11 0
0.005142 13 -11 0
0.005252 13 13 0
0.017524 13 -13 0
-0.001738 14 0 0
0.019538 14 2 0
-0.001945 14 -2 0
0.011941 14 4 0
-0.013082 14 -4 0
0.000202 14 6 0
0.015310 14 -6 0
-0.008556 14 8 0
0.005510 14 -8 0
-0.002782 14 10 0
-0.007138 14 -10 0
0.009325 14 12 0
-0.002141 14 -12 0
-0.003367 14 14 0
0.001649 14 -14 0
-0.009971 15 1 0
-0.007850 15 -1 0
-0.012007 15 3 0
0.009915 15 -3 0
0.003535 15 5 0
0.022202 15 -5 0
0.008966 15 7 0
-0.014290 15 -7 0
-0.002493 15 9 0
-0.020433 15 -9 0
0.005340 15 11 0
0.006076 15 -11 0
0.003652 15 13 0
0.010992 15 -13 0
-0.000900 15 15 0
-0.000941 15 -15 0
-0.006155 16 0 0
-0.001427 16 2 0
-0.000328 16 -2 0
-0.001387 16 4 0
0.007381 16 -4 0
-0.004144 16 6 0
-0.002931 16 -6 0
0.003137 16 8 0
-0.000092 16 -8 0
0.002485 16 10 0
-0.002302 16 -10 0
0.002815 16 12 0
0.000605 16 -12 0
-0.005087 16 14 0
0.001348 16 -14 0
0.010838 16 16 0
0.000481 16 -16 0
-0.003731 17 1 0
-0.000988 17 -1 0
-0.006412 17 3 0
0.003340 17 -3 0
0.002676 17 5 0
-0.001775 17 -5 0
0.009160 17 7 0
-0.003952 17 -7 0
-0.001471 17 9 0
-0.005260 17 -9 0
-0.001597 17 11 0
0.000755 17 -11 0
0.001709 17 13 0
0.006859 17 -13 0
0.000196 17 15 0
-0.002372 17 -15 0
-0.005442 17 17 0
-0.001866 17 -17 0
-0.001527 18 0 0
0.005335 18 2 0
-0.000855 18 -2 0
0.003722 18 4 0
-0.002220 18 -4 0
0.000231 18 6 0
0.004743 18 -6 0
-0.003280 18 8 0
0.001123 18 -8 0
-0.001932 18 10 0
-0.004970 18 -10 0
0.005864 18 12 0
-0.002006 18 -12 0
-0.001990 18 14 0
0.001882 18 -14 0
0.004377 18 16 0
0.000701 18 -16 0
0.002667 18 18 0
-0.001521 18 -18 0
-0.006517 19 1 0
-0.003747 19 -1 0
-0.009211 19 3 0
0.004209 19 -3 0
0.002089 19 5 0
0.005672 19 -5 0
0.004347 19 7 0
-0.006082 19 -7 0
0.000936 19 9 0
-0.008217 19 -9 0
0.002898 19 11 0
