0.175887 1 1 0
0.021621 1 -1 0
0.036453 2 0 0
0.031797 2 2 0
-0.018097 2 -2 0
-0.075866 3 1 0
-0.105369 3 -1 0
-0.002053 3 3 0
0.005741 3 -3 0
-0.021494 4 0 0
0.073623 4 2 0
0.010253 4 -2 0
0.003743 4 4 0
0.003667 4 -4 0
0.037285 5 1 0
0.055435 5 -1 0
-0.066630 5 3 0
0.023069 5 -3 0
0.012938 5 5 0
0.010780 5 -5 0
-0.036396 6 0 0
-0.074420 6 2 0
-0.030794 6 -2 0
0.015286 6 4 0
-0.022423 6 -4 0
-0.003702 6 6 0
0.002581 6 -6 0
-0.038768 7 1 0
-0.048489 7 -1 0
0.036530 7 3 0
-0.006889 7 -3 0
0.014685 7 5 0
0.029730 7 -5 0
0.045127 7 7 0
0.000119 7 -7 0
0.012913 8 0 0
0.068039 8 2 0
0.009502 8 -2 0
-0.021041 8 4 0
0.036123 8 -4 0
-0.005283 8 6 0
0.008147 8 -6 0
-0.003415 8 8 0
0.000619 8 -8 0
-0.030282 9 1 0
-0.037248 9 -1 0
-0.075257 9 3 0
0.025005 9 -3 0
0.012609 9 5 0
-0.003563 9 -5 0
0.046006 9 7 0
0.005383 9 -7 0
0.015538 9 9 0
-0.006672 9 -9 0
-0.024838 10 0 0
-0.012185 10 2 0
-0.012256 10 -2 0
0.024583 10 4 0
-0.031035 10 -4 0
0.004042 10 6 0
0.021879 10 -6 0
-0.002116 10 8 0
0.006041 10 -8 0
0.002424 10 10 0
-0.004470 10 -10 0
-0.001590 11 1 0
-0.000801 11 -1 0
0.013127 11 3 0
-0.006419 11 -3 0
0.007376 11 5 0
0.038214 11 -5 0
0.028842 11 7 0
0.001388 11 -7 0
0.012548 11 9 0
-0.008792 11 -9 0
0.012186 11 11 0
0.012741 11 -11 0
-0.010555 12 0 0
0.005845 12 2 0
-0.003877 12 -2 0
-0.014831 12 4 0
0.024275 12 -4 0
-0.004268 12 6 0
-0.003248 12 -6 0
0.004809 12 8 0
-0.002457 12 -8 0
0.007731 12 10 0
-0.002621 12 -10 0
0.016457 12 12 0
0.002577 12 -12 0
-0.023987 13 1 0
-0.025682 13 -1 0
-0.029781 13 3 0
0.012564 13 -3 0
0.009413 13 5 0
-0.007527 13 -5 0
0.032803 13 7 0
0.003353 13 -7 0
0.011247 13 9 0
-0.001768 13 -9 0
0.004039 13 11 0
0.002597 13 -11 0
-0.001595 13 13 0
0.010260 13 -13 0
-0.002524 14 0 0
0.018031 14 2 0
-0.004170 14 -2 0
0.010554 14 4 0
-0.013273 14 -4 0
0.003426 14 6 0
0.016689 14 -6 0
-0.003960 14 8 0
0.002820 14 -8 0
0.002236 14 10 0
-0.003339 14 -10 0
0.013084 14 12 0
0.001032 14 -12 0
0.001298 14 14 0
0.010422 14 -14 0
-0.007844 15 1 0
-0.010853 15 -1 0
-0.009276 15 3 0
0.003198 15 -3 0
0.003523 15 5 0
0.021366 15 -5 0
0.015613 15 7 0
-0.003490 15 -7 0
0.007703 15 9 0
-0.010439 15 -9 0
0.009993 15 11 0
0.005385 15 -11 0
0.000639 15 13 0
0.007826 15 -13 0
-0.000593 15 15 0
0.002563 15 -15 0
-0.007120 16 0 0
-0.004438 16 2 0
-0.001218 16 -2 0
-0.001836 16 4 0
0.007646 16 -4 0
-0.002983 16 6 0
-0.002494 16 -6 0
0.004878 16 8 0
-0.000440 16 -8 0
0.005179 16 10 0
-0.001012 16 -10 0
0.006503 16 12 0
0.002783 16 -12 0
-0.004342 16 14 0
0.004767 16 -14 0
0.007744 16 16 0
0.003137 16 -16 0
-0.002799 17 1 0
-0.002785 17 -1 0
-0.006866 17 3 0
0.000126 17 -3 0
0.002697 17 5 0
-0.003255 17 -5 0
0.012710 17 7 0
0.002649 17 -7 0
0.005017 17 9 0
-0.000320 17 -9 0
0.001274 17 11 0
-0.001182 17 -11 0
0.000744 17 13 0
0.003457 17 -13 0
0.001536 17 15 0
-0.001951 17 -15 0
-0.001347 17 17 0
0.002455 17 -17 0
-0.001003 18 0 0
0.005670 18 2 0
-0.002645 18 -2 0
0.003317 18 4 0
-0.002929 18 -4 0
0.001349 18 6 0
0.003942 18 -6 0
-0.003093 18 8 0
-0.000357 18 -8 0
-0.000164 18 10 0
-0.004315 18 -10 0
0.006262 18 12 0
-0.001320 18 -12 0
-0.002302 18 14 0
0.001799 18 -14 0
0.001992 18 16 0
0.001998 18 -16 0
-0.001719 18 18 0
-0.003021 18 -18 0
-0.005245 19 1 0
-0.004695 19 -1 0
-0.009229 19 3 0
0.002377 19 -3 0
0.001649 19 5 0
0.006037 19 -5 0
0.006052 19 7 0
-0.002321 19 -7 0
0.004318 19 9 0
-0.005063 19 -9 0
0.004068 19 11 0
