-0.032495 1 1 0
-0.146651 1 -1 0
-0.172709 2 0 0
0.070399 2 2 0
0.034714 2 -2 0
0.219553 3 1 0
0.304764 3 -1 0
-0.031680 3 3 0
0.000035 3 -3 0
0.046345 4 0 0
-0.241989 4 2 0
-0.072824 4 -2 0
-0.001495 4 4 0
-0.005433 4 -4 0
-0.192056 5 1 0
-0.233523 5 -1 0
0.169540 5 3 0
-0.069247 5 -3 0
0.029637 5 5 0
-0.072956 5 -5 0
0.094246 6 0 0
0.388362 6 2 0
0.151811 6 -2 0
-0.094519 6 4 0
0.092576 6 -4 0
-0.025091 6 6 0
-0.055848 6 -6 0
0.071942 7 1 0
0.132833 7 -1 0
-0.278537 7 3 0
0.085722 7 -3 0
0.041129 7 5 0
-0.135762 7 -5 0
0.079590 7 7 0
0.010832 7 -7 0
-0.110420 8 0 0
-0.211892 8 2 0
-0.048419 8 -2 0
0.073483 8 4 0
-0.134016 8 -4 0
-0.013919 8 6 0
-0.024488 8 -6 0
0.033831 8 8 0
0.000996 8 -8 0
0.042734 9 1 0
0.081853 9 -1 0
0.216149 9 3 0
-0.089590 9 -3 0
0.036947 9 5 0
0.015333 9 -5 0
0.061942 9 7 0
0.005582 9 -7 0
-0.072854 9 9 0
0.045396 9 -9 0
0.057266 10 0 0
0.134796 10 2 0
0.058893 10 -2 0
-0.124710 10 4 0
0.131942 10 -4 0
-0.063353 10 6 0
-0.087096 10 -6 0
0.055296 10 8 0
-0.008512 10 -8 0
0.028096 10 10 0
0.047334 10 -10 0
-0.066370 11 1 0
-0.043462 11 -1 0
-0.157520 11 3 0
0.049259 11 -3 0
0.041477 11 5 0
-0.153366 11 -5 0
0.104638 11 7 0
0.012673 11 -7 0
-0.068961 11 9 0
0.057422 11 -9 0
-0.073926 11 11 0
-0.019414 11 -11 0
0.002819 12 0 0
0.039832 12 2 0
0.018585 12 -2 0
0.049687 12 4 0
-0.103595 12 -4 0
-0.003206 12 6 0
0.002128 12 -6 0
0.019227 12 8 0
0.014023 12 -8 0
0.021243 12 10 0
0.032058 12 -10 0
0.005481 12 12 0
0.020609 12 -12 0
0.042874 13 1 0
0.064251 13 -1 0
0.047260 13 3 0
-0.027680 13 -3 0
0.025941 13 5 0
0.021305 13 -5 0
0.028182 13 7 0
-0.000529 13 -7 0
-0.052888 13 9 0
0.018614 13 -9 0
-0.050659 13 11 0
-0.012309 13 -11 0
0.005342 13 13 0
0.006182 13 -13 0
-0.019423 14 0 0
-0.014145 14 2 0
0.016446 14 -2 0
-0.055826 14 4 0
0.060897 14 -4 0
-0.043105 14 6 0
-0.070131 14 -6 0
0.049344 14 8 0
-0.012294 14 -8 0
0.030987 14 10 0
0.042232 14 -10 0
0.001744 14 12 0
0.016802 14 -12 0
-0.010042 14 14 0
0.005137 14 -14 0
-0.003593 15 1 0
0.013701 15 -1 0
-0.015228 15 3 0
-0.005328 15 -3 0
0.017483 15 5 0
-0.089496 15 -5 0
0.067298 15 7 0
0.012572 15 -7 0
-0.043279 15 9 0
0.042475 15 -9 0
-0.047932 15 11 0
-0.011001 15 -11 0
0.006815 15 13 0
-0.000405 15 -13 0
0.007369 15 15 0
0.005047 15 -15 0
0.016820 16 0 0
0.040419 16 2 0
0.009669 16 -2 0
0.007543 16 4 0
-0.026963 16 -4 0
0.001807 16 6 0
0.007362 16 -6 0
0.005712 16 8 0
0.006464 16 -8 0
0.006825 16 10 0
0.008909 16 -10 0
0.009355 16 12 0
0.010283 16 -12 0
-0.002489 16 14 0
0.008754 16 -14 0
0.004496 16 16 0
0.006608 16 -16 0
-0.003574 17 1 0
-0.000567 17 -1 0
-0.010996 17 3 0
0.002316 17 -3 0
0.010465 17 5 0
0.007015 17 -5 0
0.007233 17 7 0
-0.004885 17 -7 0
-0.019099 17 9 0
0.005330 17 -9 0
-0.017569 17 11 0
-0.003226 17 -11 0
-0.001587 17 13 0
0.004524 17 -13 0
-0.000353 17 15 0
0.000661 17 -15 0
-0.001630 17 17 0
-0.001246 17 -17 0
-0.005624 18 0 0
-0.002961 18 2 0
0.009735 18 -2 0
-0.009789 18 4 0
0.007761 18 -4 0
-0.019357 18 6 0
-0.030870 18 -6 0
0.025522 18 8 0
-0.003890 18 -8 0
0.014891 18 10 0
0.019911 18 -10 0
-0.000512 18 12 0
0.006235 18 -12 0
0.001054 18 14 0
0.001640 18 -14 0
0.004059 18 16 0
0.003498 18 -16 0
0.001360 18 18 0
0.002792 18 -18 0
0.010338 19 1 0
0.017204 19 -1 0
0.003253 19 3 0
-0.009631 19 -3 0
0.000795 19 5 0
-0.023689 19 -5 0
0.027449 19 7 0
0.010550 19 -7 0
-0.018534 19 9 0
0.014179 19 -9 0
-0.019678 19 11 0
