-0.056591 1 1 0
-0.162386 1 -1 0
-0.161390 2 0 0
0.053305 2 2 0
0.046577 2 -2 0
0.275553 3 1 0
0.323003 3 -1 0
-0.044730 3 3 0
-0.009441 3 -3 0
0.045705 4 0 0
-0.240847 4 2 0
-0.078602 4 -2 0
-0.007782 4 4 0
-0.017052 4 -4 0
-0.194800 5 1 0
-0.238428 5 -1 0
0.193933 5 3 0
-0.071356 5 -3 0
0.022383 5 5 0
-0.062844 5 -5 0
0.101089 6 0 0
0.390003 6 2 0
0.134876 6 -2 0
-0.078997 6 4 0
0.069289 6 -4 0
-0.031357 6 6 0
-0.054660 6 -6 0
0.079919 7 1 0
0.128705 7 -1 0
-0.255403 7 3 0
0.077731 7 -3 0
0.043264 7 5 0
-0.135083 7 -5 0
0.068262 7 7 0
0.020331 7 -7 0
-0.104053 8 0 0
-0.208322 8 2 0
-0.056361 8 -2 0
0.072111 8 4 0
-0.154268 8 -4 0
-0.010393 8 6 0
-0.020495 8 -6 0
0.038124 8 8 0
0.028088 8 -8 0
0.054988 9 1 0
0.086547 9 -1 0
0.238488 9 3 0
-0.098570 9 -3 0
0.041649 9 5 0
0.024640 9 -5 0
0.050399 9 7 0
0.008846 9 -7 0
-0.072384 9 9 0
0.063599 9 -9 0
0.062656 10 0 0
0.134624 10 2 0
0.050084 10 -2 0
-0.118980 10 4 0
0.110248 10 -4 0
-0.067236 10 6 0
-0.082610 10 -6 0
0.055349 10 8 0
0.020918 10 -8 0
0.022931 10 10 0
0.059216 10 -10 0
-0.057112 11 1 0
-0.045194 11 -1 0
-0.139230 11 3 0
0.041081 11 -3 0
0.043413 11 5 0
-0.150871 11 -5 0
0.093192 11 7 0
0.013747 11 -7 0
-0.068188 11 9 0
0.069533 11 -9 0
-0.083018 11 11 0
-0.023522 11 -11 0
0.007397 12 0 0
0.039943 12 2 0
0.013937 12 -2 0
0.051471 12 4 0
-0.118384 12 -4 0
-0.003316 12 6 0
0.004496 12 -6 0
0.018820 12 8 0
0.036014 12 -8 0
0.013266 12 10 0
0.040479 12 -10 0
0.005846 12 12 0
0.006819 12 -12 0
0.048909 13 1 0
0.065224 13 -1 0
0.063183 13 3 0
-0.034825 13 -3 0
0.027081 13 5 0
0.027016 13 -5 0
0.021849 13 7 0
-0.000264 13 -7 0
-0.052246 13 9 0
0.029390 13 -9 0
-0.058061 13 11 0
-0.016270 13 -11 0
0.003549 13 13 0
-0.002115 13 -13 0
-0.015533 14 0 0
-0.014747 14 2 0
0.012616 14 -2 0
-0.052354 14 4 0
0.048750 14 -4 0
-0.047100 14 6 0
-0.067144 14 -6 0
0.048184 14 8 0
0.004117 14 -8 0
0.025639 14 10 0
0.047075 14 -10 0
0.000511 14 12 0
0.006001 14 -12 0
-0.012919 14 14 0
0.005658 14 -14 0
0.000795 15 1 0
0.012757 15 -1 0
-0.005323 15 3 0
-0.009343 15 -3 0
0.020554 15 5 0
-0.086256 15 -5 0
0.060387 15 7 0
0.012410 15 -7 0
-0.042480 15 9 0
0.051956 15 -9 0
-0.053709 15 11 0
-0.010451 15 -11 0
0.003991 15 13 0
-0.004450 15 -13 0
0.003354 15 15 0
0.006579 15 -15 0
0.017992 16 0 0
0.038997 16 2 0
0.007027 16 -2 0
0.007821 16 4 0
-0.033195 16 -4 0
-0.000095 16 6 0
0.010539 16 -6 0
0.005302 16 8 0
0.014359 16 -8 0
0.002408 16 10 0
0.012087 16 -10 0
0.008825 16 12 0
0.003339 16 -12 0
-0.005895 16 14 0
0.005576 16 -14 0
0.007926 16 16 0
0.008519 16 -16 0
-0.000564 17 1 0
-0.000180 17 -1 0
-0.004586 17 3 0
-0.001090 17 -3 0
0.011669 17 5 0
0.008276 17 -5 0
0.003477 17 7 0
-0.006107 17 -7 0
-0.018676 17 9 0
0.008920 17 -9 0
-0.021589 17 11 0
-0.005324 17 -11 0
-0.002117 17 13 0
0.001502 17 -13 0
-0.001934 17 15 0
-0.000531 17 -15 0
-0.002633 17 17 0
0.000943 17 -17 0
-0.004261 18 0 0
-0.002778 18 2 0
0.009227 18 -2 0
-0.009264 18 4 0
0.003917 18 -4 0
-0.020688 18 6 0
-0.031424 18 -6 0
0.025069 18 8 0
0.000660 18 -8 0
0.012769 18 10 0
0.020146 18 -10 0
-0.000740 18 12 0
0.003755 18 -12 0
-0.000918 18 14 0
0.000331 18 -14 0
0.005790 18 16 0
0.003795 18 -16 0
0.005325 18 18 0
-0.000948 18 -18 0
0.012494 19 1 0
0.016100 19 -1 0
0.007367 19 3 0
-0.011395 19 -3 0
0.002276 19 5 0
-0.023244 19 -5 0
0.025030 19 7 0
0.008873 19 -7 0
-0.017851 19 9 0
0.017344 19 -9 0
-0.021323 19 11 0
