-0.058673 1 1 0
-0.006840 1 -1 0
-0.189753 2 0 0
0.128274 2 2 0
0.022102 2 -2 0
0.226823 3 1 0
0.306112 3 -1 0
-0.044605 3 3 0
-0.010738 3 -3 0
0.048331 4 0 0
-0.255600 4 2 0
-0.064376 4 -2 0
-0.010991 4 4 0
-0.017246 4 -4 0
-0.198118 5 1 0
-0.234868 5 -1 0
0.178214 5 3 0
-0.086541 5 -3 0
0.029796 5 5 0
-0.061661 5 -5 0
0.091192 6 0 0
0.392750 6 2 0
0.139191 6 -2 0
-0.090294 6 4 0
0.081442 6 -4 0
-0.023134 6 6 0
-0.044720 6 -6 0
0.067111 7 1 0
0.128106 7 -1 0
-0.268711 7 3 0
0.064408 7 -3 0
0.035572 7 5 0
-0.137974 7 -5 0
0.070236 7 7 0
0.021952 7 -7 0
-0.116728 8 0 0
-0.206339 8 2 0
-0.050416 8 -2 0
0.072082 8 4 0
-0.143320 8 -4 0
-0.000731 8 6 0
-0.019322 8 -6 0
0.027845 8 8 0
0.028526 8 -8 0
0.043716 9 1 0
0.082216 9 -1 0
0.221496 9 3 0
-0.105740 9 -3 0
0.039392 9 5 0
0.021158 9 -5 0
0.043173 9 7 0
0.009440 9 -7 0
-0.070602 9 9 0
0.043121 9 -9 0
0.055489 10 0 0
0.135293 10 2 0
0.055803 10 -2 0
-0.125760 10 4 0
0.121250 10 -4 0
-0.058281 10 6 0
-0.077606 10 -6 0
0.047269 10 8 0
0.012963 10 -8 0
0.018156 10 10 0
0.046111 10 -10 0
-0.071265 11 1 0
-0.043220 11 -1 0
-0.152660 11 3 0
0.033626 11 -3 0
0.040172 11 5 0
-0.152757 11 -5 0
0.089292 11 7 0
0.019256 11 -7 0
-0.064772 11 9 0
0.059179 11 -9 0
-0.067538 11 11 0
-0.016824 11 -11 0
-0.000466 12 0 0
0.044463 12 2 0
0.017292 12 -2 0
0.048746 12 4 0
-0.110518 12 -4 0
0.003683 12 6 0
0.005608 12 -6 0
0.012224 12 8 0
0.031054 12 -8 0
0.008805 12 10 0
0.026183 12 -10 0
0.001269 12 12 0
0.015867 12 -12 0
0.038342 13 1 0
0.065943 13 -1 0
0.050111 13 3 0
-0.040410 13 -3 0
0.022300 13 5 0
0.024242 13 -5 0
0.016948 13 7 0
0.001146 13 -7 0
-0.051756 13 9 0
0.017137 13 -9 0
-0.044300 13 11 0
-0.012320 13 -11 0
0.001954 13 13 0
-0.000599 13 -13 0
-0.021034 14 0 0
-0.013868 14 2 0
0.013702 14 -2 0
-0.056829 14 4 0
0.054476 14 -4 0
-0.039032 14 6 0
-0.063363 14 -6 0
0.044473 14 8 0
0.002615 14 -8 0
0.020632 14 10 0
0.040638 14 -10 0
-0.005065 14 12 0
0.013754 14 -12 0
-0.014207 14 14 0
0.003381 14 -14 0
-0.005712 15 1 0
0.016132 15 -1 0
-0.014796 15 3 0
-0.011324 15 -3 0
0.018892 15 5 0
-0.088484 15 -5 0
0.057345 15 7 0
0.014883 15 -7 0
-0.041956 15 9 0
0.042346 15 -9 0
-0.042395 15 11 0
-0.009716 15 -11 0
0.003253 15 13 0
-0.003884 15 -13 0
0.005964 15 15 0
0.004581 15 -15 0
0.014632 16 0 0
0.041136 16 2 0
0.009836 16 -2 0
0.006734 16 4 0
-0.029391 16 -4 0
0.004649 16 6 0
0.011405 16 -6 0
0.003186 16 8 0
0.013281 16 -8 0
-0.000294 16 10 0
0.006294 16 -10 0
0.004707 16 12 0
0.007010 16 -12 0
-0.008240 16 14 0
0.006552 16 -14 0
0.006734 16 16 0
0.003207 16 -16 0
-0.005249 17 1 0
0.001050 17 -1 0
-0.011781 17 3 0
-0.003281 17 -3 0
0.009437 17 5 0
0.007846 17 -5 0
0.000704 17 7 0
-0.005862 17 -7 0
-0.018629 17 9 0
0.004509 17 -9 0
-0.015210 17 11 0
-0.003148 17 -11 0
-0.002429 17 13 0
0.002765 17 -13 0
-0.001516 17 15 0
0.000023 17 -15 0
-0.000949 17 17 0
0.000950 17 -17 0
-0.006342 18 0 0
-0.000961 18 2 0
0.007489 18 -2 0
-0.009669 18 4 0
0.005108 18 -4 0
-0.016944 18 6 0
-0.030736 18 -6 0
0.023356 18 8 0
0.001582 18 -8 0
0.011103 18 10 0
0.017353 18 -10 0
-0.004127 18 12 0
0.005849 18 -12 0
-0.002900 18 14 0
-0.001809 18 -14 0
0.004420 18 16 0
-0.001014 18 -16 0
0.003019 18 18 0
-0.001547 18 -18 0
0.009910 19 1 0
0.017671 19 -1 0
0.002578 19 3 0
-0.011187 19 -3 0
0.002404 19 5 0
-0.023969 19 -5 0
0.024319 19 7 0
0.010055 19 -7 0
-0.018014 19 9 0
0.014591 19 -9 0
-0.017657 19 11 0
