0.216291 1 1 0
-0.131107 1 -1 0
0.023870 2 0 0
-0.070850 2 2 0
0.012642 2 -2 0
0.051935 3 1 0
0.080144 3 -1 0
0.009346 3 3 0
0.017035 3 -3 0
-0.004226 4 0 0
0.096180 4 2 0
-0.033785 4 -2 0
0.007592 4 4 0
0.001822 4 -4 0
-0.055910 5 1 0
-0.028211 5 -1 0
0.015573 5 3 0
-0.056403 5 -3 0
0.015478 5 5 0
0.002684 5 -5 0
-0.038163 6 0 0
-0.083543 6 2 0
0.022712 6 -2 0
-0.013626 6 4 0
-0.035444 6 -4 0
0.004170 6 6 0
-0.000489 6 -6 0
0.005313 7 1 0
0.017459 7 -1 0
-0.023078 7 3 0
0.071922 7 -3 0
-0.013683 7 5 0
-0.016320 7 -5 0
0.012890 7 7 0
-0.012222 7 -7 0
0.024453 8 0 0
0.055693 8 2 0
-0.017593 8 -2 0
0.023045 8 4 0
0.054701 8 -4 0
-0.003470 8 6 0
0.009351 8 -6 0
0.020406 8 8 0
0.016885 8 -8 0
0.023865 9 1 0
0.030186 9 -1 0
0.023160 9 3 0
-0.054001 9 -3 0
0.043965 9 5 0
0.003480 9 -5 0
0.009072 9 7 0
0.000114 9 -7 0
-0.007906 9 9 0
-0.000236 9 -9 0
-0.011799 10 0 0
-0.003132 10 2 0
0.004772 10 -2 0
-0.020390 10 4 0
-0.038420 10 -4 0
0.010600 10 6 0
-0.009630 10 -6 0
0.021935 10 8 0
0.006783 10 -8 0
0.006649 10 10 0
-0.001152 10 -10 0
-0.017824 11 1 0
-0.005720 11 -1 0
-0.008123 11 3 0
0.028324 11 -3 0
-0.014463 11 5 0
-0.007283 11 -5 0
0.010961 11 7 0
-0.013496 11 -7 0
0.005370 11 9 0
0.002204 11 -9 0
0.008152 11 11 0
-0.005097 11 -11 0
-0.009566 12 0 0
-0.012124 12 2 0
-0.003117 12 -2 0
0.013221 12 4 0
0.031018 12 -4 0
-0.009411 12 6 0
0.009485 12 -6 0
0.009358 12 8 0
-0.000768 12 -8 0
0.013192 12 10 0
-0.008298 12 -10 0
0.006102 12 12 0
-0.004209 12 -12 0
0.007450 13 1 0
0.010470 13 -1 0
0.005659 13 3 0
-0.004375 13 -3 0
0.026437 13 5 0
0.002359 13 -5 0
0.006904 13 7 0
0.006080 13 -7 0
-0.006054 13 9 0
0.003598 13 -9 0
0.009424 13 11 0
-0.008813 13 -11 0
0.023913 13 13 0
0.001970 13 -13 0
0.000377 14 0 0
0.013810 14 2 0
-0.002857 14 -2 0
-0.005904 14 4 0
-0.009428 14 -4 0
0.012393 14 6 0
-0.012396 14 -6 0
0.017417 14 8 0
0.005690 14 -8 0
0.004632 14 10 0
0.000461 14 -10 0
0.003048 14 12 0
-0.007141 14 -12 0
-0.002839 14 14 0
0.001929 14 -14 0
0.005872 15 1 0
0.008730 15 -1 0
0.006447 15 3 0
-0.000550 15 -3 0
-0.006741 15 5 0
-0.002928 15 -5 0
0.004244 15 7 0
-0.009741 15 -7 0
0.004861 15 9 0
-0.000148 15 -9 0
0.003055 15 11 0
0.000018 15 -11 0
0.013131 15 13 0
0.002808 15 -13 0
0.001983 15 15 0
-0.001808 15 -15 0
-0.005144 16 0 0
-0.002891 16 2 0
-0.000491 16 -2 0
0.002798 16 4 0
0.001506 16 -4 0
-0.006085 16 6 0
0.001349 16 -6 0
0.001602 16 8 0
-0.002299 16 -8 0
0.004652 16 10 0
-0.003889 16 -10 0
0.006431 16 12 0
-0.002352 16 -12 0
0.001956 16 14 0
-0.001185 16 -14 0
0.007474 16 16 0
-0.003861 16 -16 0
-0.003011 17 1 0
0.001339 17 -1 0
-0.000403 17 3 0
0.003533 17 -3 0
0.008813 17 5 0
0.001572 17 -5 0
0.003270 17 7 0
0.006179 17 -7 0
-0.002174 17 9 0
0.002710 17 -9 0
0.003284 17 11 0
-0.003686 17 -11 0
0.006807 17 13 0
-0.001123 17 -13 0
0.001392 17 15 0
-0.000320 17 -15 0
-0.000849 17 17 0
0.001729 17 -17 0
-0.002861 18 0 0
-0.002022 18 2 0
-0.000198 18 -2 0
-0.002128 18 4 0
0.001099 18 -4 0
0.003288 18 6 0
-0.005855 18 -6 0
0.005245 18 8 0
-0.001052 18 -8 0
-0.000332 18 10 0
-0.001471 18 -10 0
0.000627 18 12 0
-0.003041 18 -12 0
0.000946 18 14 0
0.001412 18 -14 0
0.005917 18 16 0
-0.001546 18 -16 0
-0.000491 18 18 0
0.000218 18 -18 0
0.004020 19 1 0
0.000664 19 -1 0
0.004157 19 3 0
-0.000366 19 -3 0
-0.000383 19 5 0
0.000889 19 -5 0
0.000508 19 7 0
-0.003839 19 -7 0
0.002798 19 9 0
0.001069 19 -9 0
0.000176 19 11 0
