0.184680 1 1 0
-0.202534 1 -1 0
0.020249 2 0 0
-0.045935 2 2 0
0.036171 2 -2 0
0.063657 3 1 0
0.089718 3 -1 0
0.031639 3 3 0
-0.016708 3 -3 0
0.001423 4 0 0
0.082755 4 2 0
-0.028965 4 -2 0
0.027552 4 4 0
0.010096 4 -4 0
-0.061628 5 1 0
-0.039143 5 -1 0
0.010549 5 3 0
-0.046193 5 -3 0
0.014621 5 5 0
0.003408 5 -5 0
-0.039489 6 0 0
-0.077343 6 2 0
0.020614 6 -2 0
-0.016906 6 4 0
-0.036649 6 -4 0
0.006553 6 6 0
0.009410 6 -6 0
0.007541 7 1 0
0.017925 7 -1 0
-0.027304 7 3 0
0.068576 7 -3 0
-0.010938 7 5 0
-0.013104 7 -5 0
0.022116 7 7 0
-0.009286 7 -7 0
0.021969 8 0 0
0.055748 8 2 0
-0.023442 8 -2 0
0.037234 8 4 0
0.051244 8 -4 0
-0.004448 8 6 0
0.003263 8 -6 0
0.008133 8 8 0
0.013697 8 -8 0
0.025742 9 1 0
0.030486 9 -1 0
0.022536 9 3 0
-0.051737 9 -3 0
0.036611 9 5 0
0.009957 9 -5 0
0.013296 9 7 0
0.008807 9 -7 0
0.004260 9 9 0
0.008187 9 -9 0
-0.011906 10 0 0
-0.000029 10 2 0
0.000266 10 -2 0
-0.014854 10 4 0
-0.040952 10 -4 0
0.012299 10 6 0
-0.009510 10 -6 0
0.017423 10 8 0
0.007896 10 -8 0
-0.000582 10 10 0
-0.001888 10 -10 0
-0.018943 11 1 0
-0.007446 11 -1 0
-0.006537 11 3 0
0.030621 11 -3 0
-0.016413 11 5 0
-0.001913 11 -5 0
0.013730 11 7 0
-0.013352 11 -7 0
0.008114 11 9 0
0.009337 11 -9 0
-0.001475 11 11 0
-0.001412 11 -11 0
-0.009729 12 0 0
-0.011271 12 2 0
-0.005912 12 -2 0
0.019486 12 4 0
0.030655 12 -4 0
-0.007632 12 6 0
0.008567 12 -6 0
0.003966 12 8 0
0.000717 12 -8 0
0.005991 12 10 0
-0.009009 12 -10 0
0.011919 12 12 0
-0.010060 12 -12 0
0.008589 13 1 0
0.009460 13 -1 0
0.005143 13 3 0
-0.004187 13 -3 0
0.023708 13 5 0
0.008890 13 -5 0
0.009768 13 7 0
0.009772 13 -7 0
-0.001196 13 9 0
0.008041 13 -9 0
-0.000367 13 11 0
-0.009006 13 -11 0
0.016184 13 13 0
0.002011 13 -13 0
0.001443 14 0 0
0.015064 14 2 0
-0.002170 14 -2 0
-0.001607 14 4 0
-0.009612 14 -4 0
0.011581 14 6 0
-0.011516 14 -6 0
0.013329 14 8 0
0.005570 14 -8 0
-0.001614 14 10 0
-0.000997 14 -10 0
0.007840 14 12 0
-0.012242 14 -12 0
0.000256 14 14 0
-0.003248 14 -14 0
0.006371 15 1 0
0.008104 15 -1 0
0.007316 15 3 0
0.002767 15 -3 0
-0.008091 15 5 0
0.001574 15 -5 0
0.005243 15 7 0
-0.008914 15 -7 0
0.008471 15 9 0
0.007164 15 -9 0
-0.001600 15 11 0
0.001448 15 -11 0
0.007263 15 13 0
0.003067 15 -13 0
0.004888 15 15 0
-0.003275 15 -15 0
-0.004706 16 0 0
-0.002210 16 2 0
-0.001622 16 -2 0
0.004243 16 4 0
0.002091 16 -4 0
-0.005378 16 6 0
0.002600 16 -6 0
0.000350 16 8 0
-0.000445 16 -8 0
0.001610 16 10 0
-0.004466 16 -10 0
0.007263 16 12 0
-0.005978 16 -12 0
0.001143 16 14 0
-0.004261 16 -14 0
0.007186 16 16 0
-0.000604 16 -16 0
-0.000933 17 1 0
0.000314 17 -1 0
0.000763 17 3 0
0.005783 17 -3 0
0.010335 17 5 0
0.006717 17 -5 0
0.003898 17 7 0
0.009214 17 -7 0
-0.000627 17 9 0
0.005746 17 -9 0
-0.000508 17 11 0
-0.001759 17 -11 0
0.005873 17 13 0
-0.000038 17 -13 0
0.002908 17 15 0
-0.001710 17 -15 0
-0.002060 17 17 0
0.005093 17 -17 0
-0.002061 18 0 0
-0.001925 18 2 0
0.000025 18 -2 0
-0.000374 18 4 0
0.001433 18 -4 0
0.002457 18 6 0
-0.005080 18 -6 0
0.005906 18 8 0
-0.002358 18 -8 0
-0.001987 18 10 0
0.000169 18 -10 0
0.002956 18 12 0
-0.004632 18 -12 0
0.000747 18 14 0
-0.001376 18 -14 0
0.006092 18 16 0
-0.001435 18 -16 0
-0.002539 18 18 0
-0.001140 18 -18 0
0.006597 19 1 0
0.000512 19 -1 0
0.004317 19 3 0
0.000437 19 -3 0
0.000151 19 5 0
0.003590 19 -5 0
-0.000251 19 7 0
-0.002221 19 -7 0
0.004501 19 9 0
0.003563 19 -9 0
-0.002765 19 11 0
