0.144590 1 1 0
-0.231289 1 -1 0
0.036298 2 0 0
-0.051425 2 2 0
0.049931 2 -2 0
0.085223 3 1 0
0.092945 3 -1 0
-0.019033 3 3 0
0.009304 3 -3 0
-0.005319 4 0 0
0.082930 4 2 0
-0.038019 4 -2 0
0.011170 4 4 0
0.021813 4 -4 0
-0.057325 5 1 0
-0.037686 5 -1 0
0.027946 5 3 0
-0.052246 5 -3 0
0.022784 5 5 0
-0.003554 5 -5 0
-0.036412 6 0 0
-0.084594 6 2 0
0.019050 6 -2 0
-0.007436 6 4 0
-0.034917 6 -4 0
0.000269 6 6 0
-0.000600 6 -6 0
0.008724 7 1 0
0.021131 7 -1 0
-0.028305 7 3 0
0.073780 7 -3 0
-0.015479 7 5 0
-0.013742 7 -5 0
0.030225 7 7 0
-0.009391 7 -7 0
0.027787 8 0 0
0.050251 8 2 0
-0.023452 8 -2 0
0.028733 8 4 0
0.053383 8 -4 0
-0.002426 8 6 0
-0.002023 8 -6 0
0.015708 8 8 0
0.010983 8 -8 0
0.031599 9 1 0
0.031912 9 -1 0
0.021233 9 3 0
-0.051758 9 -3 0
0.039845 9 5 0
0.007387 9 -5 0
0.013897 9 7 0
0.005989 9 -7 0
0.014556 9 9 0
0.009655 9 -9 0
-0.009863 10 0 0
-0.004897 10 2 0
-0.000259 10 -2 0
-0.013282 10 4 0
-0.034601 10 -4 0
0.015640 10 6 0
-0.015456 10 -6 0
0.021349 10 8 0
0.008290 10 -8 0
0.008366 10 10 0
-0.005465 10 -10 0
-0.015542 11 1 0
-0.007042 11 -1 0
-0.007490 11 3 0
0.030459 11 -3 0
-0.018285 11 5 0
-0.003812 11 -5 0
0.014510 11 7 0
-0.016595 11 -7 0
0.018182 11 9 0
0.008769 11 -9 0
-0.003929 11 11 0
0.004326 11 -11 0
-0.004828 12 0 0
-0.015294 12 2 0
-0.006477 12 -2 0
0.017083 12 4 0
0.034067 12 -4 0
-0.008817 12 6 0
0.004810 12 -6 0
0.006007 12 8 0
0.002483 12 -8 0
0.009228 12 10 0
-0.006714 12 -10 0
0.016004 12 12 0
-0.015216 12 -12 0
0.012671 13 1 0
0.010408 13 -1 0
0.005061 13 3 0
-0.003615 13 -3 0
0.024686 13 5 0
0.004605 13 -5 0
0.011962 13 7 0
0.005653 13 -7 0
0.005644 13 9 0
0.006471 13 -9 0
-0.002763 13 11 0
-0.007002 13 -11 0
0.020175 13 13 0
0.002830 13 -13 0
0.003686 14 0 0
0.011551 14 2 0
-0.003871 14 -2 0
-0.002658 14 4 0
-0.004765 14 -4 0
0.012609 14 6 0
-0.014945 14 -6 0
0.016452 14 8 0
0.008130 14 -8 0
0.002652 14 10 0
-0.001505 14 -10 0
0.009174 14 12 0
-0.011601 14 -12 0
0.001974 14 14 0
-0.008568 14 -14 0
0.008964 15 1 0
0.006920 15 -1 0
0.006432 15 3 0
0.001827 15 -3 0
-0.007629 15 5 0
-0.001722 15 -5 0
0.005405 15 7 0
-0.011083 15 -7 0
0.014353 15 9 0
0.003803 15 -9 0
-0.003733 15 11 0
0.003851 15 -11 0
0.010750 15 13 0
0.002957 15 -13 0
0.006001 15 15 0
-0.000819 15 -15 0
-0.002523 16 0 0
-0.005569 16 2 0
-0.002662 16 -2 0
0.004657 16 4 0
0.006154 16 -4 0
-0.005888 16 6 0
0.000606 16 -6 0
0.001123 16 8 0
0.000702 16 -8 0
0.004647 16 10 0
-0.003796 16 -10 0
0.009756 16 12 0
-0.006341 16 -12 0
0.003282 16 14 0
-0.008829 16 -14 0
0.007342 16 16 0
-0.004540 16 -16 0
0.001196 17 1 0
-0.000071 17 -1 0
0.000192 17 3 0
0.004043 17 -3 0
0.009096 17 5 0
0.001498 17 -5 0
0.005102 17 7 0
0.005443 17 -7 0
0.002930 17 9 0
0.004582 17 -9 0
-0.003086 17 11 0
-0.002663 17 -11 0
0.008595 17 13 0
0.000223 17 -13 0
0.004998 17 15 0
0.000523 17 -15 0
0.002865 17 17 0
0.004828 17 -17 0
-0.000932 18 0 0
-0.003646 18 2 0
0.000739 18 -2 0
-0.002044 18 4 0
0.002720 18 -4 0
0.001762 18 6 0
-0.005348 18 -6 0
0.004647 18 8 0
-0.000249 18 -8 0
-0.000916 18 10 0
0.001131 18 -10 0
0.002363 18 12 0
-0.004698 18 -12 0
0.000081 18 14 0
-0.003202 18 -14 0
0.005467 18 16 0
-0.001634 18 -16 0
-0.000880 18 18 0
-0.002485 18 -18 0
0.006091 19 1 0
0.000624 19 -1 0
0.003640 19 3 0
0.001137 19 -3 0
-0.001946 19 5 0
0.002168 19 -5 0
0.000311 19 7 0
-0.003571 19 -7 0
0.003967 19 9 0
0.001750 19 -9 0
-0.002829 19 11 0
