0.076742 1 1 0
0.157628 1 -1 0
0.081246 2 0 0
0.050920 2 2 0
-0.110929 2 -2 0
-0.153278 3 1 0
0.357592 3 -1 0
0.067609 3 3 0
0.007801 3 -3 0
0.111747 4 0 0
-0.329035 4 2 0
0.247825 4 -2 0
0.088800 4 4 0
0.055920 4 -4 0
-0.047438 5 1 0
0.074622 5 -1 0
-0.341398 5 3 0
0.137869 5 -3 0
0.111861 5 5 0
0.119784 5 -5 0
-0.133106 6 0 0
0.068491 6 2 0
-0.127285 6 -2 0
-0.281102 6 4 0
0.040061 6 -4 0
0.096490 6 6 0
0.131697 6 -6 0
0.070001 7 1 0
-0.205792 7 -1 0
0.215961 7 3 0
-0.028294 7 -3 0
-0.146482 7 5 0
-0.078852 7 -5 0
0.025384 7 7 0
0.110680 7 -7 0
-0.068954 8 0 0
0.041046 8 2 0
-0.102469 8 -2 0
0.211785 8 4 0
0.074206 8 -4 0
-0.040413 8 6 0
-0.111996 8 -6 0
-0.096333 8 8 0
0.008292 8 -8 0
-0.036679 9 1 0
-0.023986 9 -1 0
-0.017057 9 3 0
-0.003780 9 -3 0
0.169717 9 5 0
0.097792 9 -5 0
0.026862 9 7 0
-0.118649 9 -7 0
-0.081865 9 9 0
-0.043891 9 -9 0
-0.029916 10 0 0
-0.096566 10 2 0
-0.041293 10 -2 0
-0.114976 10 4 0
-0.007944 10 -4 0
0.113706 10 6 0
0.071570 10 -6 0
-0.014367 10 8 0
-0.133592 10 -8 0
0.015993 10 10 0
0.073711 10 -10 0
0.005551 11 1 0
-0.137397 11 -1 0
-0.020266 11 3 0
-0.054514 11 -3 0
-0.074413 11 5 0
-0.100700 11 -5 0
0.043922 11 7 0
0.012320 11 -7 0
0.011970 11 9 0
-0.109934 11 -9 0
-0.036822 11 11 0
0.026618 11 -11 0
-0.082314 12 0 0
0.022409 12 2 0
-0.102910 12 -2 0
-0.011457 12 4 0
-0.029020 12 -4 0
-0.031628 12 6 0
-0.139671 12 -6 0
-0.044407 12 8 0
-0.024891 12 -8 0
0.060934 12 10 0
0.060723 12 -10 0
0.083777 12 12 0
0.044287 12 -12 0
0.035950 13 1 0
-0.179732 13 -1 0
0.077535 13 3 0
-0.057922 13 -3 0
0.038234 13 5 0
-0.041276 13 -5 0
-0.011331 13 7 0
-0.166270 13 -7 0
-0.044591 13 9 0
-0.091503 13 -9 0
-0.006773 13 11 0
0.022301 13 -11 0
-0.033216 13 13 0
0.077337 13 -13 0
-0.048125 14 0 0
0.006644 14 2 0
-0.078547 14 -2 0
0.006174 14 4 0
-0.007713 14 -4 0
0.040779 14 6 0
-0.031414 14 -6 0
-0.020644 14 8 0
-0.126500 14 -8 0
-0.004079 14 10 0
0.021951 14 -10 0
0.043469 14 12 0
0.032354 14 -12 0
0.088568 14 14 0
0.012295 14 -14 0
0.007707 15 1 0
-0.118760 15 -1 0
0.021987 15 3 0
-0.065676 15 -3 0
0.015625 15 5 0
-0.037466 15 -5 0
0.014960 15 7 0
-0.054746 15 -7 0
0.003938 15 9 0
-0.135623 15 -9 0
-0.024249 15 11 0
-0.026066 15 -11 0
-0.025375 15 13 0
0.035578 15 -13 0
-0.045428 15 15 0
0.079256 15 -15 0
-0.022039 16 0 0
-0.019338 16 2 0
-0.042731 16 -2 0
-0.021676 16 4 0
-0.038142 16 -4 0
0.004502 16 6 0
-0.051520 16 -6 0
-0.010448 16 8 0
-0.019768 16 -8 0
0.028204 16 10 0
-0.008111 16 -10 0
0.024287 16 12 0
-0.014230 16 -12 0
0.041498 16 14 0
0.004960 16 -14 0
-0.040041 16 16 0
-0.011006 16 -16 0
0.012007 17 1 0
-0.073443 17 -1 0
0.018474 17 3 0
-0.033429 17 -3 0
0.005802 17 5 0
-0.047644 17 -5 0
-0.000676 17 7 0
-0.073742 17 -7 0
-0.007853 17 9 0
-0.049841 17 -9 0
0.011245 17 11 0
-0.014205 17 -11 0
-0.000959 17 13 0
-0.014553 17 -13 0
-0.029843 17 15 0
0.024268 17 -15 0
-0.003502 17 17 0
0.011831 17 -17 0
-0.014155 18 0 0
0.010455 18 2 0
-0.016306 18 -2 0
-0.004059 18 4 0
0.000091 18 -4 0
0.007348 18 6 0
-0.031130 18 -6 0
-0.005306 18 8 0
-0.037769 18 -8 0
-0.005017 18 10 0
0.013724 18 -10 0
0.016633 18 12 0
0.003124 18 -12 0
0.029325 18 14 0
-0.009283 18 -14 0
-0.028464 18 16 0
-0.007260 18 -16 0
0.004081 18 18 0
0.004505 18 -18 0
0.014232 19 1 0
-0.042056 19 -1 0
0.025255 19 3 0
-0.009168 19 -3 0
0.009907 19 5 0
0.001141 19 -5 0
0.000127 19 7 0
-0.022479 19 -7 0
0.002255 19 9 0
-0.046034 19 -9 0
-0.009929 19 11 0
