0.137529 1 1 0
0.186128 1 -1 0
0.078417 2 0 0
0.037038 2 2 0
-0.111556 2 -2 0
-0.162842 3 1 0
0.359361 3 -1 0
0.087273 3 3 0
-0.012255 3 -3 0
0.096994 4 0 0
-0.305357 4 2 0
0.255801 4 -2 0
0.069876 4 4 0
0.048787 4 -4 0
-0.059030 5 1 0
0.075936 5 -1 0
-0.353259 5 3 0
0.102973 5 -3 0
0.121203 5 5 0
0.132974 5 -5 0
-0.151268 6 0 0
0.087153 6 2 0
-0.119717 6 -2 0
-0.298675 6 4 0
0.033774 6 -4 0
0.115133 6 6 0
0.132599 6 -6 0
0.058368 7 1 0
-0.197364 7 -1 0
0.219698 7 3 0
-0.058316 7 -3 0
-0.146072 7 5 0
-0.049621 7 -5 0
0.013078 7 7 0
0.077863 7 -7 0
-0.085241 8 0 0
0.059121 8 2 0
-0.093976 8 -2 0
0.193170 8 4 0
0.071803 8 -4 0
-0.025339 8 6 0
-0.122630 8 -6 0
-0.100390 8 8 0
0.026477 8 -8 0
-0.046689 9 1 0
-0.009536 9 -1 0
-0.013558 9 3 0
-0.025361 9 -3 0
0.173761 9 5 0
0.131776 9 -5 0
0.012216 9 7 0
-0.144790 9 -7 0
-0.060680 9 9 0
-0.018441 9 -9 0
-0.041642 10 0 0
-0.077932 10 2 0
-0.033181 10 -2 0
-0.130209 10 4 0
-0.011365 10 -4 0
0.126150 10 6 0
0.067671 10 -6 0
-0.018468 10 8 0
-0.114022 10 -8 0
0.017133 10 10 0
0.066734 10 -10 0
-0.000968 11 1 0
-0.122362 11 -1 0
-0.015154 11 3 0
-0.068430 11 -3 0
-0.073816 11 5 0
-0.065730 11 -5 0
0.034104 11 7 0
-0.007219 11 -7 0
0.027768 11 9 0
-0.082557 11 -9 0
-0.048912 11 11 0
-0.002812 11 -11 0
-0.091577 12 0 0
0.034252 12 2 0
-0.093105 12 -2 0
-0.021899 12 4 0
-0.030434 12 -4 0
-0.020612 12 6 0
-0.140639 12 -6 0
-0.047258 12 8 0
-0.014766 12 -8 0
0.064020 12 10 0
0.054421 12 -10 0
0.066485 12 12 0
0.056266 12 -12 0
0.030600 13 1 0
-0.165903 13 -1 0
0.084347 13 3 0
-0.063550 13 -3 0
0.038533 13 5 0
-0.008867 13 -5 0
-0.020208 13 7 0
-0.177084 13 -7 0
-0.033529 13 9 0
-0.065849 13 -9 0
-0.015877 13 11 0
0.004216 13 -11 0
-0.036373 13 13 0
0.052824 13 -13 0
-0.053409 14 0 0
0.016737 14 2 0
-0.072353 14 -2 0
-0.000908 14 4 0
-0.007872 14 -4 0
0.044937 14 6 0
-0.030581 14 -6 0
-0.021161 14 8 0
-0.117895 14 -8 0
-0.000349 14 10 0
0.017843 14 -10 0
0.035668 14 12 0
0.039031 14 -12 0
0.083650 14 14 0
0.012376 14 -14 0
0.003732 15 1 0
-0.107629 15 -1 0
0.027508 15 3 0
-0.067240 15 -3 0
0.014373 15 5 0
-0.012871 15 -5 0
0.011296 15 7 0
-0.058834 15 -7 0
0.011644 15 9 0
-0.118118 15 -9 0
-0.029729 15 11 0
-0.034118 15 -11 0
-0.029006 15 13 0
0.026202 15 -13 0
-0.039025 15 15 0
0.069152 15 -15 0
-0.024437 16 0 0
-0.015353 16 2 0
-0.039497 16 -2 0
-0.025497 16 4 0
-0.039523 16 -4 0
0.007872 16 6 0
-0.051008 16 -6 0
-0.011345 16 8 0
-0.016889 16 -8 0
0.032389 16 10 0
-0.009580 16 -10 0
0.021522 16 12 0
-0.010828 16 -12 0
0.040523 16 14 0
0.004498 16 -14 0
-0.039788 16 16 0
-0.010903 16 -16 0
0.010854 17 1 0
-0.067042 17 -1 0
0.022940 17 3 0
-0.031146 17 -3 0
0.004556 17 5 0
-0.032476 17 -5 0
-0.004193 17 7 0
-0.076078 17 -7 0
-0.003608 17 9 0
-0.038041 17 -9 0
0.009834 17 11 0
-0.017166 17 -11 0
-0.003129 17 13 0
-0.016709 17 -13 0
-0.027578 17 15 0
0.020604 17 -15 0
-0.004350 17 17 0
0.015941 17 -17 0
-0.014571 18 0 0
0.013277 18 2 0
-0.014504 18 -2 0
-0.005436 18 4 0
-0.001174 18 -4 0
0.008627 18 6 0
-0.029397 18 -6 0
-0.006157 18 8 0
-0.038347 18 -8 0
-0.004123 18 10 0
0.012554 18 -10 0
0.015597 18 12 0
0.005612 18 -12 0
0.031217 18 14 0
-0.009230 18 -14 0
-0.025828 18 16 0
-0.005639 18 -16 0
0.007475 18 18 0
0.003350 18 -18 0
0.013476 19 1 0
-0.039811 19 -1 0
0.028460 19 3 0
-0.009787 19 -3 0
0.008067 19 5 0
0.008092 19 -5 0
0.000765 19 7 0
-0.023345 19 -7 0
0.002221 19 9 0
-0.040133 19 -9 0
-0.009029 19 11 0
