0.016629 1 1 0
0.185167 1 -1 0
0.076187 2 0 0
0.035367 2 2 0
-0.095032 2 -2 0
-0.165299 3 1 0
0.345021 3 -1 0
0.080853 3 3 0
-0.017132 3 -3 0
0.100413 4 0 0
-0.320533 4 2 0
0.253437 4 -2 0
0.095647 4 4 0
0.055494 4 -4 0
-0.052901 5 1 0
0.077925 5 -1 0
-0.342111 5 3 0
0.120317 5 -3 0
0.116393 5 5 0
0.137801 5 -5 0
-0.145846 6 0 0
0.067380 6 2 0
-0.118328 6 -2 0
-0.275249 6 4 0
0.036980 6 -4 0
0.102612 6 6 0
0.125891 6 -6 0
0.055313 7 1 0
-0.202173 7 -1 0
0.219334 7 3 0
-0.051625 7 -3 0
-0.137791 7 5 0
-0.051030 7 -5 0
0.008990 7 7 0
0.092073 7 -7 0
-0.079246 8 0 0
0.040212 8 2 0
-0.096020 8 -2 0
0.220932 8 4 0
0.071976 8 -4 0
-0.036331 8 6 0
-0.127722 8 -6 0
-0.095213 8 8 0
0.014403 8 -8 0
-0.048051 9 1 0
-0.018204 9 -1 0
-0.017638 9 3 0
-0.022089 9 -3 0
0.178971 9 5 0
0.125219 9 -5 0
0.012490 9 7 0
-0.132069 9 -7 0
-0.055775 9 9 0
-0.038516 9 -9 0
-0.040567 10 0 0
-0.094451 10 2 0
-0.033733 10 -2 0
-0.107283 10 4 0
-0.007007 10 -4 0
0.114396 10 6 0
0.059834 10 -6 0
-0.014050 10 8 0
-0.133373 10 -8 0
0.003240 10 10 0
0.083454 10 -10 0
-0.005540 11 1 0
-0.129975 11 -1 0
-0.020578 11 3 0
-0.071234 11 -3 0
-0.068683 11 5 0
-0.074287 11 -5 0
0.032289 11 7 0
0.000893 11 -7 0
0.034224 11 9 0
-0.101841 11 -9 0
-0.048184 11 11 0
0.036328 11 -11 0
-0.090876 12 0 0
0.023252 12 2 0
-0.097423 12 -2 0
-0.002598 12 4 0
-0.029138 12 -4 0
-0.030066 12 6 0
-0.146819 12 -6 0
-0.044777 12 8 0
-0.025439 12 -8 0
0.049841 12 10 0
0.068075 12 -10 0
0.080803 12 12 0
0.063042 12 -12 0
0.025747 13 1 0
-0.170939 13 -1 0
0.077366 13 3 0
-0.068971 13 -3 0
0.045661 13 5 0
-0.019239 13 -5 0
-0.018994 13 7 0
-0.171825 13 -7 0
-0.030146 13 9 0
-0.084497 13 -9 0
-0.015700 13 11 0
0.030482 13 -11 0
-0.049986 13 13 0
0.063846 13 -13 0
-0.053281 14 0 0
0.009069 14 2 0
-0.074671 14 -2 0
0.011875 14 4 0
-0.008005 14 -4 0
0.040517 14 6 0
-0.037524 14 -6 0
-0.020014 14 8 0
-0.128612 14 -8 0
-0.011179 14 10 0
0.025640 14 -10 0
0.044331 14 12 0
0.046506 14 -12 0
0.078270 14 14 0
0.006324 14 -14 0
0.001505 15 1 0
-0.113342 15 -1 0
0.020629 15 3 0
-0.072011 15 -3 0
0.019742 15 5 0
-0.022856 15 -5 0
0.011613 15 7 0
-0.057809 15 -7 0
0.016065 15 9 0
-0.129853 15 -9 0
-0.028210 15 11 0
-0.020667 15 -11 0
-0.033278 15 13 0
0.029871 15 -13 0
-0.043172 15 15 0
0.067274 15 -15 0
-0.025875 16 0 0
-0.017055 16 2 0
-0.041158 16 -2 0
-0.017923 16 4 0
-0.036904 16 -4 0
0.002376 16 6 0
-0.054138 16 -6 0
-0.011602 16 8 0
-0.020683 16 -8 0
0.025265 16 10 0
-0.006280 16 -10 0
0.025839 16 12 0
-0.008812 16 -12 0
0.039609 16 14 0
0.001609 16 -14 0
-0.040300 16 16 0
-0.013412 16 -16 0
0.009110 17 1 0
-0.069622 17 -1 0
0.016800 17 3 0
-0.036751 17 -3 0
0.008469 17 5 0
-0.039155 17 -5 0
-0.003767 17 7 0
-0.072556 17 -7 0
-0.002803 17 9 0
-0.046076 17 -9 0
0.009947 17 11 0
-0.011081 17 -11 0
-0.005118 17 13 0
-0.017464 17 -13 0
-0.029690 17 15 0
0.019002 17 -15 0
-0.005941 17 17 0
0.014463 17 -17 0
-0.015744 18 0 0
0.011467 18 2 0
-0.015777 18 -2 0
-0.001322 18 4 0
-0.001037 18 -4 0
0.006116 18 6 0
-0.030804 18 -6 0
-0.007588 18 8 0
-0.040287 18 -8 0
-0.005921 18 10 0
0.015028 18 -10 0
0.019054 18 12 0
0.007906 18 -12 0
0.027420 18 14 0
-0.011876 18 -14 0
-0.028170 18 16 0
-0.006855 18 -16 0
0.003106 18 18 0
0.002897 18 -18 0
0.012672 19 1 0
-0.040119 19 -1 0
0.024163 19 3 0
-0.011877 19 -3 0
0.010741 19 5 0
0.005259 19 -5 0
-0.000607 19 7 0
-0.023090 19 -7 0
0.004457 19 9 0
-0.045166 19 -9 0
-0.010493 19 11 0
