0.006952 1 1 0
0.022748 1 -1 0
-0.018380 2 0 0
0.053571 2 2 0
0.028815 2 -2 0
-0.001306 3 1 0
0.012221 3 -1 0
0.004123 3 3 0
0.000459 3 -3 0
0.000451 4 0 0
-0.012131 4 2 0
0.001147 4 -2 0
-0.018614 4 4 0
0.012412 4 -4 0
0.006680 5 1 0
-0.003674 5 -1 0
0.005662 5 3 0
-0.000229 5 -3 0
0.007839 5 5 0
0.002018 5 -5 0
-0.005173 6 0 0
-0.000178 6 2 0
-0.004124 6 -2 0
0.005458 6 4 0
-0.012208 6 -4 0
0.017756 6 6 0
0.008471 6 -6 0
-0.002830 7 1 0
0.001603 7 -1 0
-0.003575 7 3 0
0.001354 7 -3 0
-0.004575 7 5 0
-0.002985 7 -5 0
-0.000291 7 7 0
-0.002938 7 -7 0
0.003177 8 0 0
0.001651 8 2 0
0.002418 8 -2 0
-0.001084 8 4 0
0.006544 8 -4 0
-0.005830 8 6 0
0.000989 8 -6 0
-0.000462 8 8 0
0.000770 8 -8 0
-0.001348 9 1 0
-0.000964 9 -1 0
-0.000477 9 3 0
-0.003186 9 -3 0
0.002308 9 5 0
0.002235 9 -5 0
-0.002979 9 7 0
-0.001994 9 -7 0
-0.007274 9 9 0
0.000193 9 -9 0
-0.001128 10 0 0
-0.000530 10 2 0
0.000756 10 -2 0
-0.000319 10 4 0
-0.002195 10 -4 0
-0.000709 10 6 0
-0.000653 10 -6 0
-0.001201 10 8 0
0.003224 10 -8 0
0.000598 10 10 0
0.002082 10 -10 0
0.000104 11 1 0
-0.000365 11 -1 0
-0.000269 11 3 0
0.002365 11 -3 0
-0.000246 11 5 0
0.000288 11 -5 0
-0.000051 11 7 0
0.002100 11 -7 0
0.003451 11 9 0
-0.001746 11 -9 0
-0.002132 11 11 0
-0.000509 11 -11 0
0.000250 12 0 0
-0.000635 12 2 0
-0.000286 12 -2 0
0.000243 12 4 0
-0.001922 12 -4 0
0.000817 12 6 0
-0.001451 12 -6 0
-0.000374 12 8 0
-0.000465 12 -8 0
-0.002747 12 10 0
-0.001616 12 -10 0
0.000581 12 12 0
-0.003333 12 -12 0
0.000085 13 1 0
0.000159 13 -1 0
0.000863 13 3 0
-0.000120 13 -3 0
-0.000600 13 5 0
-0.001113 13 -5 0
-0.000912 13 7 0
-0.001878 13 -7 0
0.000698 13 9 0
-0.001248 13 -9 0
0.001888 13 11 0
0.002946 13 -11 0
0.000887 13 13 0
0.002365 13 -13 0
-0.001057 14 0 0
0.000876 14 2 0
0.000686 14 -2 0
-0.002334 14 4 0
-0.000383 14 -4 0
0.000675 14 6 0
0.001554 14 -6 0
0.000129 14 8 0
0.002774 14 -8 0
-0.000806 14 10 0
0.000061 14 -10 0
-0.000110 14 12 0
-0.000592 14 -12 0
-0.000525 14 14 0
0.000053 14 -14 0
0.000293 15 1 0
0.001145 15 -1 0
0.001684 15 3 0
0.001350 15 -3 0
0.000231 15 5 0
0.001600 15 -5 0
0.000151 15 7 0
0.000173 15 -7 0
0.000197 15 9 0
-0.000908 15 -9 0
0.000667 15 11 0
0.000049 15 -11 0
-0.001765 15 13 0
-0.000032 15 -13 0
-0.001285 15 15 0
-0.000356 15 -15 0
0.000423 16 0 0
-0.000887 16 2 0
-0.000790 16 -2 0
-0.000532 16 4 0
-0.000497 16 -4 0
-0.000873 16 6 0
-0.001172 16 -6 0
0.001648 16 8 0
0.001037 16 -8 0
-0.001600 16 10 0
0.001314 16 -10 0
-0.000487 16 12 0
-0.000502 16 -12 0
0.000910 16 14 0
-0.000902 16 -14 0
-0.001474 16 16 0
0.001075 16 -16 0
-0.000480 17 1 0
0.000261 17 -1 0
-0.000660 17 3 0
-0.000363 17 -3 0
-0.000586 17 5 0
-0.000183 17 -5 0
-0.001412 17 7 0
-0.001611 17 -7 0
-0.001348 17 9 0
-0.000995 17 -9 0
-0.000010 17 11 0
0.000511 17 -11 0
0.000070 17 13 0
0.001365 17 -13 0
0.001189 17 15 0
0.001446 17 -15 0
-0.001863 17 17 0
0.002495 17 -17 0
0.000113 18 0 0
0.000735 18 2 0
-0.000563 18 -2 0
0.000042 18 4 0
0.000068 18 -4 0
0.000761 18 6 0
-0.000226 18 -6 0
-0.000064 18 8 0
0.002558 18 -8 0
0.001196 18 10 0
-0.001056 18 -10 0
0.000391 18 12 0
-0.001161 18 -12 0
-0.001007 18 14 0
0.000038 18 -14 0
0.001588 18 16 0
-0.000863 18 -16 0
0.001889 18 18 0
-0.001420 18 -18 0
0.000439 19 1 0
-0.000160 19 -1 0
0.001065 19 3 0
-0.000317 19 -3 0
0.000986 19 5 0
0.001273 19 -5 0
-0.000534 19 7 0
-0.000658 19 -7 0
0.000667 19 9 0
-0.000474 19 -9 0
0.000263 19 11 0
