-0.013997 1 1 0
0.128882 1 -1 0
-0.016086 2 0 0
0.150383 2 2 0
0.067556 2 -2 0
-0.155827 3 1 0
-0.219615 3 -1 0
0.195061 3 3 0
-0.008629 3 -3 0
-0.173033 4 0 0
-0.310749 4 2 0
-0.163300 4 -2 0
0.169858 4 4 0
-0.083359 4 -4 0
-0.087721 5 1 0
-0.138770 5 -1 0
-0.368510 5 3 0
0.009842 5 -3 0
0.082171 5 5 0
-0.097597 5 -5 0
0.037313 6 0 0
0.031044 6 2 0
-0.000415 6 -2 0
-0.244164 6 4 0
0.206555 6 -4 0
0.003456 6 6 0
-0.122179 6 -6 0
0.096925 7 1 0
0.159877 7 -1 0
0.168235 7 3 0
-0.019461 7 -3 0
-0.082069 7 5 0
0.242139 7 -5 0
-0.074559 7 7 0
-0.053595 7 -7 0
0.051772 8 0 0
0.142116 8 2 0
0.062216 8 -2 0
0.202009 8 4 0
-0.098956 8 -4 0
0.013921 8 6 0
0.192502 8 -6 0
-0.093566 8 8 0
-0.011335 8 -8 0
0.001921 9 1 0
0.008224 9 -1 0
0.057993 9 3 0
-0.014282 9 -3 0
0.099619 9 5 0
-0.149172 9 -5 0
0.064881 9 7 0
0.149081 9 -7 0
-0.062070 9 9 0
-0.026280 9 -9 0
-0.037063 10 0 0
-0.051584 10 2 0
-0.016682 10 -2 0
-0.004802 10 4 0
0.041640 10 -4 0
-0.009015 10 6 0
-0.150367 10 -6 0
0.055434 10 8 0
0.034850 10 -8 0
-0.034247 10 10 0
0.054521 10 -10 0
-0.030497 11 1 0
-0.029913 11 -1 0
-0.050389 11 3 0
0.018243 11 -3 0
-0.009798 11 5 0
0.093271 11 -5 0
-0.069347 11 7 0
-0.057974 11 -7 0
0.051710 11 9 0
-0.043661 11 -9 0
0.025593 11 11 0
-0.013660 11 -11 0
-0.001988 12 0 0
-0.004667 12 2 0
0.002114 12 -2 0
0.001981 12 4 0
0.052360 12 -4 0
0.010307 12 6 0
0.091794 12 -6 0
-0.085786 12 8 0
-0.025798 12 -8 0
0.010527 12 10 0
-0.013217 12 -10 0
0.032935 12 12 0
-0.044116 12 -12 0
0.019390 13 1 0
0.026434 13 -1 0
0.024822 13 3 0
-0.012344 13 -3 0
0.019532 13 5 0
0.029133 13 -5 0
0.037905 13 7 0
0.090952 13 -7 0
-0.054989 13 9 0
-0.019426 13 -9 0
0.011945 13 11 0
-0.054375 13 -11 0
0.022923 13 13 0
0.055035 13 -13 0
0.013502 14 0 0
0.028976 14 2 0
0.012899 14 -2 0
0.020986 14 4 0
-0.004834 14 -4 0
0.006758 14 6 0
-0.005330 14 -6 0
0.038257 14 8 0
0.035577 14 -8 0
-0.039190 14 10 0
0.036226 14 -10 0
-0.006974 14 12 0
-0.052969 14 -12 0
0.047686 14 14 0
-0.016695 14 -14 0
0.008897 15 1 0
0.020797 15 -1 0
0.022576 15 3 0
-0.001462 15 -3 0
0.006570 15 5 0
-0.000941 15 -5 0
-0.012906 15 7 0
0.002003 15 -7 0
0.042329 15 9 0
-0.011096 15 -9 0
-0.001553 15 11 0
0.007163 15 -11 0
-0.008195 15 13 0
0.034067 15 -13 0
-0.025452 15 15 0
0.017089 15 -15 0
0.003320 16 0 0
-0.001343 16 2 0
0.012307 16 -2 0
0.012755 16 4 0
0.014836 16 -4 0
-0.006720 16 6 0
-0.000858 16 -6 0
-0.026467 16 8 0
-0.003133 16 -8 0
0.016578 16 10 0
-0.000652 16 -10 0
0.014327 16 12 0
-0.002961 16 -12 0
0.015025 16 14 0
0.001918 16 -14 0
-0.002052 16 16 0
0.024528 16 -16 0
-0.002501 17 1 0
0.001803 17 -1 0
0.000442 17 3 0
0.008552 17 -3 0
0.010414 17 5 0
0.015625 17 -5 0
-0.000656 17 7 0
0.020014 17 -7 0
-0.013304 17 9 0
-0.003668 17 -9 0
0.012648 17 11 0
-0.024402 17 -11 0
0.019714 17 13 0
0.024284 17 -13 0
-0.019789 17 15 0
0.017248 17 -15 0
-0.012688 17 17 0
-0.011729 17 -17 0
-0.002624 18 0 0
-0.002847 18 2 0
0.003722 18 -2 0
0.001156 18 4 0
0.013408 18 -4 0
0.007036 18 6 0
0.010003 18 -6 0
0.001892 18 8 0
0.012153 18 -8 0
-0.016334 18 10 0
0.014287 18 -10 0
0.002226 18 12 0
-0.023718 18 -12 0
0.024801 18 14 0
-0.000178 18 -14 0
-0.002483 18 16 0
0.023528 18 -16 0
-0.003515 18 18 0
-0.002491 18 -18 0
0.004337 19 1 0
-0.000442 19 -1 0
0.002363 19 3 0
-0.003916 19 -3 0
0.003145 19 5 0
0.008191 19 -5 0
0.005330 19 7 0
0.008924 19 -7 0
0.015074 19 9 0
0.000502 19 -9 0
-0.004853 19 11 0
