-0.006103 1 1 0
0.197527 1 -1 0
-0.029812 2 0 0
0.168522 2 2 0
0.092857 2 -2 0
-0.116026 3 1 0
-0.220965 3 -1 0
0.175225 3 3 0
0.016514 3 -3 0
-0.167428 4 0 0
-0.314452 4 2 0
-0.160888 4 -2 0
0.151166 4 4 0
-0.085299 4 -4 0
-0.079348 5 1 0
-0.143609 5 -1 0
-0.372757 5 3 0
0.008957 5 -3 0
0.090062 5 5 0
-0.114530 5 -5 0
0.043881 6 0 0
0.019146 6 2 0
0.002238 6 -2 0
-0.246121 6 4 0
0.200499 6 -4 0
-0.003977 6 6 0
-0.120531 6 -6 0
0.101156 7 1 0
0.160599 7 -1 0
0.162838 7 3 0
-0.012745 7 -3 0
-0.092802 7 5 0
0.239488 7 -5 0
-0.063219 7 7 0
-0.063323 7 -7 0
0.056031 8 0 0
0.139264 8 2 0
0.060727 8 -2 0
0.194096 8 4 0
-0.097843 8 -4 0
0.011802 8 6 0
0.187282 8 -6 0
-0.075817 8 8 0
-0.024304 8 -8 0
0.007782 9 1 0
0.003081 9 -1 0
0.051162 9 3 0
-0.006569 9 -3 0
0.098024 9 5 0
-0.160472 9 -5 0
0.071476 9 7 0
0.135541 9 -7 0
-0.068950 9 9 0
-0.018117 9 -9 0
-0.033649 10 0 0
-0.057829 10 2 0
-0.012981 10 -2 0
-0.009068 10 4 0
0.039115 10 -4 0
-0.012581 10 6 0
-0.151015 10 -6 0
0.069422 10 8 0
0.034674 10 -8 0
-0.032510 10 10 0
0.049823 10 -10 0
-0.023544 11 1 0
-0.028417 11 -1 0
-0.055469 11 3 0
0.025248 11 -3 0
-0.012135 11 5 0
0.087572 11 -5 0
-0.067064 11 7 0
-0.067469 11 -7 0
0.043848 11 9 0
-0.041449 11 -9 0
0.038241 11 11 0
-0.015838 11 -11 0
0.000814 12 0 0
-0.009673 12 2 0
0.003451 12 -2 0
-0.001858 12 4 0
0.049480 12 -4 0
0.008863 12 6 0
0.091436 12 -6 0
-0.074221 12 8 0
-0.029840 12 -8 0
0.015394 12 10 0
-0.015368 12 -10 0
0.018452 12 12 0
-0.033039 12 -12 0
0.024443 13 1 0
0.028219 13 -1 0
0.020388 13 3 0
-0.006919 13 -3 0
0.016690 13 5 0
0.024639 13 -5 0
0.040528 13 7 0
0.085464 13 -7 0
-0.059098 13 9 0
-0.016601 13 -9 0
0.020748 13 11 0
-0.058543 13 -11 0
0.023584 13 13 0
0.044114 13 -13 0
0.017008 14 0 0
0.026582 14 2 0
0.014597 14 -2 0
0.018430 14 4 0
-0.006655 14 -4 0
0.005366 14 6 0
-0.007108 14 -6 0
0.048339 14 8 0
0.034728 14 -8 0
-0.038830 14 10 0
0.033790 14 -10 0
-0.011529 14 12 0
-0.048265 14 -12 0
0.043795 14 14 0
-0.018510 14 -14 0
0.013365 15 1 0
0.020966 15 -1 0
0.019322 15 3 0
0.001845 15 -3 0
0.005492 15 5 0
-0.003010 15 -5 0
-0.009847 15 7 0
-0.004141 15 -7 0
0.037641 15 9 0
-0.009843 15 -9 0
0.006141 15 11 0
0.006086 15 -11 0
-0.008504 15 13 0
0.030667 15 -13 0
-0.031163 15 15 0
0.016684 15 -15 0
0.004507 16 0 0
-0.003161 16 2 0
0.013319 16 -2 0
0.011079 16 4 0
0.012965 16 -4 0
-0.006820 16 6 0
0.000212 16 -6 0
-0.020932 16 8 0
-0.003351 16 -8 0
0.017696 16 10 0
-0.002759 16 -10 0
0.010546 16 12 0
-0.000298 16 -12 0
0.010811 16 14 0
-0.002003 16 -14 0
0.002138 16 16 0
0.019007 16 -16 0
-0.001392 17 1 0
0.003803 17 -1 0
0.000527 17 3 0
0.009664 17 -3 0
0.009519 17 5 0
0.014848 17 -5 0
0.001134 17 7 0
0.015714 17 -7 0
-0.017615 17 9 0
-0.003185 17 -9 0
0.016304 17 11 0
-0.024259 17 -11 0
0.017784 17 13 0
0.023145 17 -13 0
-0.022488 17 15 0
0.017685 17 -15 0
-0.010468 17 17 0
-0.011525 17 -17 0
-0.000913 18 0 0
-0.003858 18 2 0
0.003206 18 -2 0
0.000024 18 4 0
0.012268 18 -4 0
0.007717 18 6 0
0.010171 18 -6 0
0.005784 18 8 0
0.012765 18 -8 0
-0.015671 18 10 0
0.014314 18 -10 0
0.000617 18 12 0
-0.023021 18 -12 0
0.022803 18 14 0
-0.002314 18 -14 0
-0.001082 18 16 0
0.021974 18 -16 0
-0.006019 18 18 0
-0.000451 18 -18 0
0.005553 19 1 0
0.001597 19 -1 0
0.002221 19 3 0
-0.002463 19 -3 0
0.001728 19 5 0
0.008684 19 -5 0
0.006924 19 7 0
0.006340 19 -7 0
0.011590 19 9 0
0.000907 19 -9 0
-0.003428 19 11 0
