0.151052 1 1 0
0.156692 1 -1 0
-0.028520 2 0 0
0.171793 2 2 0
0.079608 2 -2 0
-0.153158 3 1 0
-0.202530 3 -1 0
0.204918 3 3 0
0.008529 3 -3 0
-0.169519 4 0 0
-0.316615 4 2 0
-0.168843 4 -2 0
0.157699 4 4 0
-0.089783 4 -4 0
-0.090877 5 1 0
-0.131705 5 -1 0
-0.376471 5 3 0
0.001554 5 -3 0
0.089430 5 5 0
-0.098636 5 -5 0
0.037358 6 0 0
0.025190 6 2 0
0.002596 6 -2 0
-0.242223 6 4 0
0.205546 6 -4 0
0.001445 6 6 0
-0.128038 6 -6 0
0.101906 7 1 0
0.166565 7 -1 0
0.170852 7 3 0
-0.014797 7 -3 0
-0.092681 7 5 0
0.232352 7 -5 0
-0.058915 7 7 0
-0.062335 7 -7 0
0.053320 8 0 0
0.137355 8 2 0
0.060072 8 -2 0
0.197432 8 4 0
-0.100955 8 -4 0
0.012001 8 6 0
0.185075 8 -6 0
-0.096706 8 8 0
-0.016251 8 -8 0
-0.000741 9 1 0
0.016355 9 -1 0
0.059709 9 3 0
-0.011295 9 -3 0
0.096726 9 5 0
-0.154826 9 -5 0
0.074771 9 7 0
0.135834 9 -7 0
-0.073237 9 9 0
-0.032817 9 -9 0
-0.035140 10 0 0
-0.056475 10 2 0
-0.017505 10 -2 0
-0.004720 10 4 0
0.038998 10 -4 0
-0.013361 10 6 0
-0.153248 10 -6 0
0.058582 10 8 0
0.036870 10 -8 0
-0.029144 10 10 0
0.065479 10 -10 0
-0.028941 11 1 0
-0.020870 11 -1 0
-0.048539 11 3 0
0.021268 11 -3 0
-0.013379 11 5 0
0.087598 11 -5 0
-0.063286 11 7 0
-0.067370 11 -7 0
0.040425 11 9 0
-0.052387 11 -9 0
0.013616 11 11 0
-0.022819 11 -11 0
-0.000748 12 0 0
-0.007809 12 2 0
0.003207 12 -2 0
0.000520 12 4 0
0.050849 12 -4 0
0.010705 12 6 0
0.090023 12 -6 0
-0.086773 12 8 0
-0.026894 12 -8 0
0.012238 12 10 0
-0.000603 12 -10 0
0.047728 12 12 0
-0.029608 12 -12 0
0.019138 13 1 0
0.032132 13 -1 0
0.025259 13 3 0
-0.009648 13 -3 0
0.016124 13 5 0
0.027011 13 -5 0
0.046472 13 7 0
0.082288 13 -7 0
-0.061872 13 9 0
-0.026445 13 -9 0
0.000493 13 11 0
-0.065012 13 -11 0
0.012558 13 13 0
0.056036 13 -13 0
0.016319 14 0 0
0.026538 14 2 0
0.013196 14 -2 0
0.021158 14 4 0
-0.005767 14 -4 0
0.004524 14 6 0
-0.007183 14 -6 0
0.040168 14 8 0
0.036866 14 -8 0
-0.039599 14 10 0
0.044161 14 -10 0
0.005634 14 12 0
-0.041708 14 -12 0
0.043004 14 14 0
-0.018828 14 -14 0
0.007711 15 1 0
0.023960 15 -1 0
0.024050 15 3 0
-0.000247 15 -3 0
0.005876 15 5 0
-0.003391 15 -5 0
-0.008568 15 7 0
-0.004295 15 -7 0
0.038022 15 9 0
-0.014716 15 -9 0
-0.006867 15 11 0
0.000653 15 -11 0
-0.017441 15 13 0
0.035433 15 -13 0
-0.025782 15 15 0
0.021059 15 -15 0
0.004744 16 0 0
-0.003571 16 2 0
0.013613 16 -2 0
0.013304 16 4 0
0.013291 16 -4 0
-0.005677 16 6 0
0.001221 16 -6 0
-0.026779 16 8 0
-0.001107 16 -8 0
0.015124 16 10 0
0.004704 16 -10 0
0.021822 16 12 0
0.003418 16 -12 0
0.010924 16 14 0
0.000640 16 -14 0
0.001212 16 16 0
0.018705 16 -16 0
-0.002318 17 1 0
0.003553 17 -1 0
0.000912 17 3 0
0.007376 17 -3 0
0.009618 17 5 0
0.014741 17 -5 0
0.003364 17 7 0
0.013944 17 -7 0
-0.017452 17 9 0
-0.006194 17 -9 0
0.010925 17 11 0
-0.026606 17 -11 0
0.014680 17 13 0
0.025004 17 -13 0
-0.019989 17 15 0
0.019288 17 -15 0
-0.011112 17 17 0
-0.011822 17 -17 0
-0.000941 18 0 0
-0.003173 18 2 0
0.003568 18 -2 0
-0.000414 18 4 0
0.012440 18 -4 0
0.007155 18 6 0
0.011201 18 -6 0
0.002393 18 8 0
0.013466 18 -8 0
-0.016866 18 10 0
0.017511 18 -10 0
0.006199 18 12 0
-0.020876 18 -12 0
0.021169 18 14 0
-0.003021 18 -14 0
-0.001929 18 16 0
0.022962 18 -16 0
-0.004647 18 18 0
-0.000365 18 -18 0
0.003208 19 1 0
0.000801 19 -1 0
0.002873 19 3 0
-0.003363 19 -3 0
0.002864 19 5 0
0.008031 19 -5 0
0.008190 19 7 0
0.005984 19 -7 0
0.012889 19 9 0
-0.000552 19 -9 0
-0.005450 19 11 0
