0.024230 1 1 0
-0.158237 1 -1 0
0.090062 2 0 0
-0.121219 2 2 0
0.075229 2 -2 0
0.292399 3 1 0
0.250219 3 -1 0
-0.018588 3 3 0
0.026169 3 -3 0
-0.004525 4 0 0
0.319816 4 2 0
-0.087027 4 -2 0
0.018117 4 4 0
0.037585 4 -4 0
-0.219621 5 1 0
-0.146087 5 -1 0
0.105761 5 3 0
-0.192878 5 -3 0
0.047893 5 5 0
-0.006622 5 -5 0
-0.141147 6 0 0
-0.335172 6 2 0
0.076332 6 -2 0
-0.078790 6 4 0
-0.136525 6 -4 0
0.006009 6 6 0
-0.022374 6 -6 0
0.017264 7 1 0
0.053553 7 -1 0
-0.106398 7 3 0
0.265145 7 -3 0
-0.070272 7 5 0
-0.023479 7 -5 0
0.019969 7 7 0
-0.022178 7 -7 0
0.085643 8 0 0
0.197028 8 2 0
-0.053192 8 -2 0
0.079190 8 4 0
0.168904 8 -4 0
-0.036562 8 6 0
0.008928 8 -6 0
0.057710 8 8 0
0.010648 8 -8 0
0.092856 9 1 0
0.108789 9 -1 0
0.112741 9 3 0
-0.196464 9 -3 0
0.122101 9 5 0
0.014252 9 -5 0
0.010390 9 7 0
0.009738 9 -7 0
-0.018555 9 9 0
-0.019406 9 -9 0
-0.046028 10 0 0
-0.025952 10 2 0
0.009230 10 -2 0
-0.093262 10 4 0
-0.155185 10 -4 0
0.050400 10 6 0
-0.050140 10 -6 0
0.070529 10 8 0
0.016423 10 -8 0
0.023108 10 10 0
0.051298 10 -10 0
-0.073203 11 1 0
-0.039307 11 -1 0
-0.034364 11 3 0
0.103922 11 -3 0
-0.096965 11 5 0
-0.017342 11 -5 0
0.017481 11 7 0
-0.056869 11 -7 0
0.011966 11 9 0
-0.016567 11 -9 0
0.011650 11 11 0
-0.022977 11 -11 0
-0.037878 12 0 0
-0.052937 12 2 0
0.000212 12 -2 0
0.041324 12 4 0
0.104492 12 -4 0
-0.041323 12 6 0
0.032101 12 -6 0
0.026212 12 8 0
-0.014350 12 -8 0
0.027915 12 10 0
0.030270 12 -10 0
-0.017834 12 12 0
-0.001883 12 -12 0
0.021405 13 1 0
0.041628 13 -1 0
0.022924 13 3 0
-0.015880 13 -3 0
0.080811 13 5 0
0.012927 13 -5 0
0.011351 13 7 0
0.022887 13 -7 0
-0.024645 13 9 0
-0.014351 13 -9 0
0.010147 13 11 0
-0.035083 13 -11 0
0.041400 13 13 0
-0.005288 13 -13 0
0.009914 14 0 0
0.040617 14 2 0
0.002564 14 -2 0
-0.027384 14 4 0
-0.041956 14 -4 0
0.039711 14 6 0
-0.044946 14 -6 0
0.055059 14 8 0
0.016792 14 -8 0
0.001620 14 10 0
0.039891 14 -10 0
-0.021890 14 12 0
-0.008164 14 -12 0
-0.006863 14 14 0
-0.009922 14 -14 0
0.018216 15 1 0
0.026441 15 -1 0
0.026851 15 3 0
-0.006412 15 -3 0
-0.046598 15 5 0
-0.010404 15 -5 0
0.002151 15 7 0
-0.044078 15 -7 0
0.017485 15 9 0
-0.011268 15 -9 0
0.007665 15 11 0
-0.004367 15 -11 0
0.019584 15 13 0
-0.003180 15 -13 0
0.015625 15 15 0
-0.006405 15 -15 0
-0.018530 16 0 0
-0.018462 16 2 0
-0.002823 16 -2 0
0.002118 16 4 0
0.012316 16 -4 0
-0.019361 16 6 0
0.016630 16 -6 0
0.003796 16 8 0
-0.009365 16 -8 0
0.014260 16 10 0
0.010651 16 -10 0
-0.003096 16 12 0
-0.001616 16 -12 0
-0.004130 16 14 0
-0.004196 16 -14 0
0.013650 16 16 0
-0.008781 16 -16 0
-0.012833 17 1 0
-0.003788 17 -1 0
-0.002765 17 3 0
0.012468 17 -3 0
0.019450 17 5 0
0.004997 17 -5 0
0.006613 17 7 0
0.014481 17 -7 0
-0.014266 17 9 0
-0.003057 17 -9 0
0.003805 17 11 0
-0.018566 17 -11 0
0.014876 17 13 0
-0.004909 17 -13 0
0.009264 17 15 0
-0.003021 17 -15 0
-0.007649 17 17 0
0.004090 17 -17 0
-0.007011 18 0 0
-0.008208 18 2 0
0.005673 18 -2 0
-0.005902 18 4 0
0.007898 18 -4 0
0.016052 18 6 0
-0.014597 18 -6 0
0.022724 18 8 0
0.003881 18 -8 0
-0.006833 18 10 0
0.020918 18 -10 0
-0.011288 18 12 0
-0.004952 18 -12 0
-0.000463 18 14 0
-0.003597 18 -14 0
0.009453 18 16 0
-0.002384 18 -16 0
0.002138 18 18 0
0.000705 18 -18 0
0.011315 19 1 0
0.011863 19 -1 0
0.013890 19 3 0
-0.002680 19 -3 0
-0.009462 19 5 0
0.000897 19 -5 0
-0.002281 19 7 0
-0.015980 19 -7 0
0.010565 19 9 0
-0.006281 19 -9 0
0.001895 19 11 0
