0.013113 1 1 0
-0.216048 1 -1 0
0.124623 2 0 0
-0.092296 2 2 0
0.073337 2 -2 0
0.290789 3 1 0
0.268843 3 -1 0
0.002104 3 3 0
0.040151 3 -3 0
-0.013530 4 0 0
0.299772 4 2 0
-0.086991 4 -2 0
0.013051 4 4 0
0.026983 4 -4 0
-0.220945 5 1 0
-0.141926 5 -1 0
0.090167 5 3 0
-0.206811 5 -3 0
0.030319 5 5 0
0.009172 5 -5 0
-0.140235 6 0 0
-0.335198 6 2 0
0.067143 6 -2 0
-0.077000 6 4 0
-0.129139 6 -4 0
-0.001911 6 6 0
-0.021577 6 -6 0
0.020753 7 1 0
0.052564 7 -1 0
-0.107619 7 3 0
0.263284 7 -3 0
-0.079686 7 5 0
-0.027199 7 -5 0
0.007339 7 7 0
-0.018952 7 -7 0
0.083552 8 0 0
0.192540 8 2 0
-0.056237 8 -2 0
0.081437 8 4 0
0.175325 8 -4 0
-0.044421 8 6 0
0.002358 8 -6 0
0.039928 8 8 0
0.020816 8 -8 0
0.099131 9 1 0
0.112274 9 -1 0
0.094800 9 3 0
-0.202236 9 -3 0
0.116351 9 5 0
0.020825 9 -5 0
0.004270 9 7 0
0.014796 9 -7 0
-0.019113 9 9 0
-0.020375 9 -9 0
-0.045463 10 0 0
-0.029649 10 2 0
0.005951 10 -2 0
-0.088324 10 4 0
-0.152993 10 -4 0
0.046066 10 6 0
-0.056178 10 -6 0
0.056420 10 8 0
0.019490 10 -8 0
0.013758 10 10 0
0.056457 10 -10 0
-0.073055 11 1 0
-0.039132 11 -1 0
-0.040545 11 3 0
0.099255 11 -3 0
-0.102828 11 5 0
-0.014195 11 -5 0
0.006403 11 7 0
-0.054308 11 -7 0
0.008722 11 9 0
-0.016698 11 -9 0
-0.015344 11 11 0
-0.024876 11 -11 0
-0.038071 12 0 0
-0.055000 12 2 0
-0.006776 12 -2 0
0.041615 12 4 0
0.110498 12 -4 0
-0.046884 12 6 0
0.026162 12 -6 0
0.015564 12 8 0
-0.008036 12 -8 0
0.019307 12 10 0
0.031609 12 -10 0
-0.015283 12 12 0
0.003727 12 -12 0
0.026371 13 1 0
0.041665 13 -1 0
0.012075 13 3 0
-0.021807 13 -3 0
0.078134 13 5 0
0.013010 13 -5 0
0.005252 13 7 0
0.024698 13 -7 0
-0.026408 13 9 0
-0.015863 13 -9 0
-0.009413 13 11 0
-0.037128 13 -11 0
0.030828 13 13 0
0.003875 13 -13 0
0.010118 14 0 0
0.037929 14 2 0
-0.000106 14 -2 0
-0.026433 14 4 0
-0.039526 14 -4 0
0.038084 14 6 0
-0.048749 14 -6 0
0.045762 14 8 0
0.021888 14 -8 0
-0.003579 14 10 0
0.042452 14 -10 0
-0.019307 14 12 0
-0.001285 14 -12 0
-0.014885 14 14 0
-0.014024 14 -14 0
0.018273 15 1 0
0.025043 15 -1 0
0.019032 15 3 0
-0.012096 15 -3 0
-0.047571 15 5 0
-0.010138 15 -5 0
-0.000802 15 7 0
-0.042011 15 -7 0
0.018192 15 9 0
-0.013549 15 -9 0
-0.006451 15 11 0
-0.005191 15 -11 0
0.013440 15 13 0
0.000441 15 -13 0
0.005172 15 15 0
-0.000914 15 -15 0
-0.017407 16 0 0
-0.020641 16 2 0
-0.005441 16 -2 0
0.003079 16 4 0
0.014420 16 -4 0
-0.019988 16 6 0
0.014267 16 -6 0
-0.000179 16 8 0
-0.006825 16 -8 0
0.010776 16 10 0
0.011443 16 -10 0
-0.002692 16 12 0
0.001587 16 -12 0
-0.008159 16 14 0
-0.008763 16 -14 0
0.009644 16 16 0
-0.009855 16 -16 0
-0.011948 17 1 0
-0.005357 17 -1 0
-0.006556 17 3 0
0.008524 17 -3 0
0.018586 17 5 0
0.006526 17 -5 0
0.004629 17 7 0
0.013639 17 -7 0
-0.015136 17 9 0
-0.003131 17 -9 0
-0.004471 17 11 0
-0.019389 17 -11 0
0.012604 17 13 0
-0.001307 17 -13 0
0.004263 17 15 0
0.000646 17 -15 0
-0.003730 17 17 0
0.005012 17 -17 0
-0.006777 18 0 0
-0.009997 18 2 0
0.004858 18 -2 0
-0.006031 18 4 0
0.008605 18 -4 0
0.014098 18 6 0
-0.017149 18 -6 0
0.020839 18 8 0
0.006655 18 -8 0
-0.007781 18 10 0
0.020880 18 -10 0
-0.009909 18 12 0
-0.003924 18 -12 0
-0.003607 18 14 0
-0.003738 18 -14 0
0.008168 18 16 0
-0.003088 18 -16 0
-0.000607 18 18 0
0.002658 18 -18 0
0.011812 19 1 0
0.010498 19 -1 0
0.010889 19 3 0
-0.005111 19 -3 0
-0.009378 19 5 0
0.000060 19 -5 0
-0.000622 19 7 0
-0.016316 19 -7 0
0.010332 19 9 0
-0.007509 19 -9 0
-0.000976 19 11 0
