0.083725 1 1 0
-0.203572 1 -1 0
0.110616 2 0 0
-0.118243 2 2 0
0.016637 2 -2 0
0.281967 3 1 0
0.263547 3 -1 0
0.000511 3 3 0
0.027009 3 -3 0
-0.004136 4 0 0
0.316459 4 2 0
-0.077300 4 -2 0
0.014953 4 4 0
0.024722 4 -4 0
-0.219852 5 1 0
-0.142957 5 -1 0
0.092676 5 3 0
-0.193475 5 -3 0
0.038706 5 5 0
-0.010816 5 -5 0
-0.139672 6 0 0
-0.335317 6 2 0
0.076169 6 -2 0
-0.073732 6 4 0
-0.132722 6 -4 0
-0.001200 6 6 0
-0.019977 6 -6 0
0.023290 7 1 0
0.050663 7 -1 0
-0.104781 7 3 0
0.269945 7 -3 0
-0.067699 7 5 0
-0.025104 7 -5 0
0.021687 7 7 0
-0.019541 7 -7 0
0.088987 8 0 0
0.199407 8 2 0
-0.049539 8 -2 0
0.081070 8 4 0
0.171541 8 -4 0
-0.034456 8 6 0
0.006871 8 -6 0
0.052153 8 8 0
0.012853 8 -8 0
0.094078 9 1 0
0.114150 9 -1 0
0.105782 9 3 0
-0.197197 9 -3 0
0.124151 9 5 0
0.016093 9 -5 0
0.013615 9 7 0
0.015339 9 -7 0
-0.015470 9 9 0
-0.017735 9 -9 0
-0.043513 10 0 0
-0.026564 10 2 0
0.011529 10 -2 0
-0.087899 10 4 0
-0.153797 10 -4 0
0.051436 10 6 0
-0.052203 10 -6 0
0.070039 10 8 0
0.017126 10 -8 0
0.021981 10 10 0
0.055757 10 -10 0
-0.071273 11 1 0
-0.040966 11 -1 0
-0.038698 11 3 0
0.103913 11 -3 0
-0.096241 11 5 0
-0.020945 11 -5 0
0.017900 11 7 0
-0.055872 11 -7 0
0.011566 11 9 0
-0.013886 11 -9 0
0.010682 11 11 0
-0.022484 11 -11 0
-0.035230 12 0 0
-0.051158 12 2 0
0.000643 12 -2 0
0.041808 12 4 0
0.106062 12 -4 0
-0.040182 12 6 0
0.030140 12 -6 0
0.025043 12 8 0
-0.013210 12 -8 0
0.031579 12 10 0
0.030534 12 -10 0
-0.015637 12 12 0
0.008406 12 -12 0
0.023642 13 1 0
0.039142 13 -1 0
0.018714 13 3 0
-0.017995 13 -3 0
0.083634 13 5 0
0.010015 13 -5 0
0.013287 13 7 0
0.022032 13 -7 0
-0.024565 13 9 0
-0.016244 13 -9 0
0.007110 13 11 0
-0.035256 13 -11 0
0.038846 13 13 0
-0.001486 13 -13 0
0.011515 14 0 0
0.039841 14 2 0
0.002940 14 -2 0
-0.026293 14 4 0
-0.042386 14 -4 0
0.041738 14 6 0
-0.046806 14 -6 0
0.052747 14 8 0
0.017004 14 -8 0
0.000690 14 10 0
0.041712 14 -10 0
-0.018903 14 12 0
-0.000750 14 -12 0
-0.007214 14 14 0
-0.009204 14 -14 0
0.019371 15 1 0
0.024230 15 -1 0
0.021780 15 3 0
-0.008461 15 -3 0
-0.044500 15 5 0
-0.014499 15 -5 0
0.004072 15 7 0
-0.044048 15 -7 0
0.017958 15 9 0
-0.013499 15 -9 0
0.006107 15 11 0
-0.004332 15 -11 0
0.016431 15 13 0
0.000142 15 -13 0
0.010962 15 15 0
-0.000723 15 -15 0
-0.016291 16 0 0
-0.019776 16 2 0
-0.002289 16 -2 0
0.002554 16 4 0
0.012467 16 -4 0
-0.018280 16 6 0
0.014291 16 -6 0
0.003360 16 8 0
-0.008763 16 -8 0
0.015354 16 10 0
0.010673 16 -10 0
-0.002490 16 12 0
0.003345 16 -12 0
-0.000518 16 14 0
-0.007712 16 -14 0
0.015004 16 16 0
-0.009805 16 -16 0
-0.013201 17 1 0
-0.006779 17 -1 0
-0.005717 17 3 0
0.010121 17 -3 0
0.020886 17 5 0
0.003883 17 -5 0
0.007794 17 7 0
0.012409 17 -7 0
-0.014322 17 9 0
-0.005432 17 -9 0
0.003001 17 11 0
-0.019311 17 -11 0
0.013188 17 13 0
-0.004187 17 -13 0
0.005869 17 15 0
-0.000919 17 -15 0
-0.004797 17 17 0
0.004316 17 -17 0
-0.006988 18 0 0
-0.009522 18 2 0
0.006414 18 -2 0
-0.005950 18 4 0
0.005882 18 -4 0
0.015916 18 6 0
-0.015512 18 -6 0
0.022260 18 8 0
0.004197 18 -8 0
-0.006805 18 10 0
0.019778 18 -10 0
-0.010808 18 12 0
-0.003161 18 -12 0
0.000391 18 14 0
-0.002159 18 -14 0
0.011288 18 16 0
-0.004786 18 -16 0
0.001754 18 18 0
0.000772 18 -18 0
0.012445 19 1 0
0.010395 19 -1 0
0.012141 19 3 0
-0.003820 19 -3 0
-0.009281 19 5 0
-0.002048 19 -5 0
0.000273 19 7 0
-0.019139 19 -7 0
0.009575 19 9 0
-0.007760 19 -9 0
0.001568 19 11 0
