0.175035 1 1 0
0.421183 1 -1 0
0.067519 2 0 0
0.057128 2 2 0
-0.004259 2 -2 0
-0.179744 3 1 0
0.085244 3 -1 0
-0.036703 3 3 0
0.040112 3 -3 0
0.080927 4 0 0
-0.162511 4 2 0
-0.110232 4 -2 0
-0.047780 4 4 0
0.011231 4 -4 0
-0.041523 5 1 0
-0.060690 5 -1 0
0.015934 5 3 0
-0.164992 5 -3 0
-0.011094 5 5 0
-0.052185 5 -5 0
-0.022874 6 0 0
0.055567 6 2 0
0.022277 6 -2 0
0.139646 6 4 0
-0.014980 6 -4 0
-0.000873 6 6 0
0.004024 6 -6 0
0.078810 7 1 0
-0.120120 7 -1 0
-0.022387 7 3 0
0.131425 7 -3 0
0.089047 7 5 0
0.058530 7 -5 0
0.012896 7 7 0
-0.058621 7 -7 0
0.027230 8 0 0
0.029834 8 2 0
0.019753 8 -2 0
-0.100969 8 4 0
0.048216 8 -4 0
-0.060439 8 6 0
0.115202 8 -6 0
0.123202 8 8 0
-0.042522 8 -8 0
-0.045085 9 1 0
-0.039901 9 -1 0
0.004887 9 3 0
0.000252 9 -3 0
-0.039139 9 5 0
-0.061252 9 -5 0
-0.080776 9 7 0
-0.013901 9 -7 0
-0.020231 9 9 0
0.038114 9 -9 0
0.040018 10 0 0
-0.051662 10 2 0
-0.032985 10 -2 0
0.055207 10 4 0
0.004271 10 -4 0
0.013241 10 6 0
-0.006780 10 -6 0
0.055339 10 8 0
-0.090288 10 -8 0
-0.069671 10 10 0
-0.047389 10 -10 0
-0.006586 11 1 0
-0.061551 11 -1 0
0.007014 11 3 0
-0.021105 11 -3 0
0.071068 11 5 0
0.052238 11 -5 0
0.020942 11 7 0
-0.002861 11 -7 0
0.001476 11 9 0
0.001011 11 -9 0
0.041558 11 11 0
0.088697 11 -11 0
0.006228 12 0 0
0.006361 12 2 0
-0.002979 12 -2 0
0.013111 12 4 0
0.006211 12 -4 0
-0.031595 12 6 0
0.089041 12 -6 0
0.073983 12 8 0
-0.007803 12 -8 0
-0.025512 12 10 0
-0.044955 12 -10 0
-0.112110 12 12 0
-0.047133 12 -12 0
0.021296 13 1 0
-0.053832 13 -1 0
0.019535 13 3 0
0.030211 13 -3 0
0.016518 13 5 0
0.002389 13 -5 0
-0.069830 13 7 0
0.007145 13 -7 0
-0.019528 13 9 0
0.031257 13 -9 0
0.054641 13 11 0
0.067902 13 -11 0
-0.033485 13 13 0
-0.044177 13 -13 0
0.008909 14 0 0
0.000768 14 2 0
0.001830 14 -2 0
-0.011178 14 4 0
0.021390 14 -4 0
0.005005 14 6 0
0.012866 14 -6 0
0.034539 14 8 0
-0.053369 14 -8 0
-0.041371 14 10 0
-0.023233 14 -10 0
-0.070035 14 12 0
-0.013859 14 -12 0
-0.004637 14 14 0
-0.009284 14 -14 0
0.002204 15 1 0
-0.028373 15 -1 0
0.006332 15 3 0
0.004971 15 -3 0
0.016740 15 5 0
0.016965 15 -5 0
-0.002741 15 7 0
0.016676 15 -7 0
0.010034 15 9 0
0.000696 15 -9 0
0.025860 15 11 0
0.032109 15 -11 0
-0.015857 15 13 0
-0.016131 15 -13 0
-0.017254 15 15 0
-0.038431 15 -15 0
0.007406 16 0 0
-0.016108 16 2 0
-0.009292 16 -2 0
0.008884 16 4 0
-0.003750 16 -4 0
-0.000044 16 6 0
0.017788 16 -6 0
0.026433 16 8 0
0.003145 16 -8 0
-0.005313 16 10 0
-0.007921 16 -10 0
-0.030657 16 12 0
-0.009604 16 -12 0
-0.004654 16 14 0
0.002286 16 -14 0
0.047006 16 16 0
0.000299 16 -16 0
0.000456 17 1 0
-0.013831 17 -1 0
0.008398 17 3 0
-0.001804 17 -3 0
0.023964 17 5 0
0.008597 17 -5 0
-0.020220 17 7 0
0.012192 17 -7 0
-0.010189 17 9 0
0.015485 17 -9 0
0.023372 17 11 0
0.023970 17 -11 0
-0.000468 17 13 0
-0.012260 17 -13 0
-0.005809 17 15 0
-0.019387 17 -15 0
-0.005789 17 17 0
-0.008724 17 -17 0
-0.000843 18 0 0
-0.002806 18 2 0
-0.004000 18 -2 0
0.002322 18 4 0
0.005169 18 -4 0
0.004238 18 6 0
0.017491 18 -6 0
0.006152 18 8 0
-0.015679 18 -8 0
-0.016782 18 10 0
-0.008591 18 -10 0
-0.016595 18 12 0
0.003837 18 -12 0
0.001020 18 14 0
0.008889 18 -14 0
0.017464 18 16 0
0.003912 18 -16 0
0.008003 18 18 0
-0.001615 18 -18 0
0.006977 19 1 0
-0.013201 19 -1 0
0.007865 19 3 0
0.002485 19 -3 0
0.006291 19 5 0
0.009075 19 -5 0
-0.013016 19 7 0
0.014483 19 -7 0
0.005788 19 9 0
0.000117 19 -9 0
0.008195 19 11 0
