0.133094 1 1 0
0.414681 1 -1 0
0.091754 2 0 0
0.027060 2 2 0
-0.030331 2 -2 0
-0.163921 3 1 0
0.069356 3 -1 0
-0.015353 3 3 0
0.054977 3 -3 0
0.085722 4 0 0
-0.154468 4 2 0
-0.109068 4 -2 0
-0.047471 4 4 0
-0.002740 4 -4 0
-0.048128 5 1 0
-0.042058 5 -1 0
0.019448 5 3 0
-0.179934 5 -3 0
-0.005521 5 5 0
-0.042065 5 -5 0
-0.030090 6 0 0
0.057608 6 2 0
0.014513 6 -2 0
0.138375 6 4 0
-0.014461 6 -4 0
-0.007736 6 6 0
0.016097 6 -6 0
0.067075 7 1 0
-0.103605 7 -1 0
-0.015098 7 3 0
0.121546 7 -3 0
0.096362 7 5 0
0.062162 7 -5 0
0.008513 7 7 0
-0.066671 7 -7 0
0.024011 8 0 0
0.034456 8 2 0
0.021871 8 -2 0
-0.109589 8 4 0
0.048316 8 -4 0
-0.055742 8 6 0
0.122690 8 -6 0
0.112812 8 8 0
-0.039391 8 -8 0
-0.045820 9 1 0
-0.033001 9 -1 0
0.009475 9 3 0
-0.008241 9 -3 0
-0.038578 9 5 0
-0.056694 9 -5 0
-0.092807 9 7 0
-0.020859 9 -7 0
-0.012869 9 9 0
0.052956 9 -9 0
0.038583 10 0 0
-0.050374 10 2 0
-0.034846 10 -2 0
0.050748 10 4 0
-0.002869 10 -4 0
0.011252 10 6 0
-0.002462 10 -6 0
0.049608 10 8 0
-0.086463 10 -8 0
-0.048306 10 10 0
-0.042631 10 -10 0
-0.008482 11 1 0
-0.056229 11 -1 0
0.011716 11 3 0
-0.024402 11 -3 0
0.065883 11 5 0
0.057544 11 -5 0
0.009841 11 7 0
-0.012687 11 -7 0
0.008110 11 9 0
0.008928 11 -9 0
0.029645 11 11 0
0.062832 11 -11 0
0.004032 12 0 0
0.006749 12 2 0
-0.007441 12 -2 0
0.006061 12 4 0
0.003891 12 -4 0
-0.030877 12 6 0
0.094241 12 -6 0
0.068952 12 8 0
-0.004750 12 -8 0
-0.012226 12 10 0
-0.038961 12 -10 0
-0.108662 12 12 0
-0.026739 12 -12 0
0.019926 13 1 0
-0.053900 13 -1 0
0.020487 13 3 0
0.030133 13 -3 0
0.008710 13 5 0
0.004625 13 -5 0
-0.081352 13 7 0
-0.003033 13 -7 0
-0.013929 13 9 0
0.033044 13 -9 0
0.048062 13 11 0
0.048875 13 -11 0
-0.000673 13 13 0
-0.062138 13 -13 0
0.009500 14 0 0
0.001286 14 2 0
0.000183 14 -2 0
-0.014397 14 4 0
0.015450 14 -4 0
0.006565 14 6 0
0.014990 14 -6 0
0.027090 14 8 0
-0.049822 14 -8 0
-0.034772 14 10 0
-0.019582 14 -10 0
-0.072612 14 12 0
-0.002804 14 -12 0
-0.015651 14 14 0
-0.033482 14 -14 0
0.003001 15 1 0
-0.029644 15 -1 0
0.006421 15 3 0
0.007180 15 -3 0
0.008461 15 5 0
0.020980 15 -5 0
-0.011818 15 7 0
0.006309 15 -7 0
0.014383 15 9 0
0.000214 15 -9 0
0.020704 15 11 0
0.021178 15 -11 0
-0.001431 15 13 0
-0.022788 15 -13 0
0.001316 15 15 0
-0.031509 15 -15 0
0.006475 16 0 0
-0.016601 16 2 0
-0.011271 16 -2 0
0.006286 16 4 0
-0.007823 16 -4 0
-0.000626 16 6 0
0.020948 16 -6 0
0.024086 16 8 0
0.006283 16 -8 0
-0.002548 16 10 0
-0.007864 16 -10 0
-0.031955 16 12 0
-0.004645 16 -12 0
-0.007217 16 14 0
-0.010218 16 -14 0
0.055147 16 16 0
-0.023774 16 -16 0
0.001116 17 1 0
-0.014344 17 -1 0
0.008690 17 3 0
0.000350 17 -3 0
0.017109 17 5 0
0.009605 17 -5 0
-0.027437 17 7 0
0.005236 17 -7 0
-0.005986 17 9 0
0.013582 17 -9 0
0.019799 17 11 0
0.020092 17 -11 0
0.005355 17 13 0
-0.013425 17 -13 0
-0.000704 17 15 0
-0.018606 17 -15 0
-0.005029 17 17 0
-0.005212 17 -17 0
-0.000787 18 0 0
-0.003080 18 2 0
-0.004384 18 -2 0
0.000714 18 4 0
0.003300 18 -4 0
0.005372 18 6 0
0.019323 18 -6 0
0.004041 18 8 0
-0.012794 18 -8 0
-0.019013 18 10 0
-0.008619 18 -10 0
-0.015494 18 12 0
0.005413 18 -12 0
0.000557 18 14 0
0.003638 18 -14 0
0.021768 18 16 0
-0.005023 18 -16 0
0.012048 18 18 0
-0.002056 18 -18 0
0.006975 19 1 0
-0.014185 19 -1 0
0.007884 19 3 0
0.003558 19 -3 0
0.001636 19 5 0
0.008638 19 -5 0
-0.016993 19 7 0
0.011391 19 -7 0
0.007990 19 9 0
-0.001689 19 -9 0
0.006271 19 11 0
