0.202227 1 1 0
0.303465 1 -1 0
0.071435 2 0 0
-0.004663 2 2 0
0.047426 2 -2 0
-0.183497 3 1 0
0.093678 3 -1 0
-0.035877 3 3 0
0.030380 3 -3 0
0.090622 4 0 0
-0.155129 4 2 0
-0.119516 4 -2 0
-0.036835 4 4 0
0.001313 4 -4 0
-0.037779 5 1 0
-0.037702 5 -1 0
0.027119 5 3 0
-0.183336 5 -3 0
-0.005999 5 5 0
-0.033382 5 -5 0
-0.031171 6 0 0
0.057762 6 2 0
0.007628 6 -2 0
0.144221 6 4 0
-0.019357 6 -4 0
-0.017682 6 6 0
0.001597 6 -6 0
0.070851 7 1 0
-0.095921 7 -1 0
-0.016511 7 3 0
0.117929 7 -3 0
0.089514 7 5 0
0.066782 7 -5 0
0.012708 7 7 0
-0.056391 7 -7 0
0.026172 8 0 0
0.032316 8 2 0
0.013585 8 -2 0
-0.095467 8 4 0
0.047041 8 -4 0
-0.070402 8 6 0
0.117345 8 -6 0
0.111809 8 8 0
-0.038149 8 -8 0
-0.047060 9 1 0
-0.016363 9 -1 0
0.009073 9 3 0
-0.009453 9 -3 0
-0.047574 9 5 0
-0.054419 9 -5 0
-0.086158 9 7 0
-0.014822 9 -7 0
-0.011995 9 9 0
0.045650 9 -9 0
0.040783 10 0 0
-0.045165 10 2 0
-0.040830 10 -2 0
0.060481 10 4 0
-0.000957 10 -4 0
0.007292 10 6 0
-0.006959 10 -6 0
0.048976 10 8 0
-0.077928 10 -8 0
-0.044852 10 10 0
-0.039954 10 -10 0
-0.007824 11 1 0
-0.046671 11 -1 0
0.010792 11 3 0
-0.026625 11 -3 0
0.062861 11 5 0
0.057695 11 -5 0
0.014916 11 7 0
-0.011030 11 -7 0
0.011234 11 9 0
0.001906 11 -9 0
0.025236 11 11 0
0.057795 11 -11 0
0.006434 12 0 0
0.010761 12 2 0
-0.005918 12 -2 0
0.019655 12 4 0
0.001360 12 -4 0
-0.033870 12 6 0
0.090567 12 -6 0
0.070965 12 8 0
0.000185 12 -8 0
-0.005859 12 10 0
-0.034733 12 -10 0
-0.108990 12 12 0
-0.045153 12 -12 0
0.019347 13 1 0
-0.042635 13 -1 0
0.020864 13 3 0
0.030689 13 -3 0
0.006499 13 5 0
0.006249 13 -5 0
-0.073936 13 7 0
-0.004227 13 -7 0
-0.012673 13 9 0
0.031018 13 -9 0
0.046146 13 11 0
0.045324 13 -11 0
-0.020086 13 13 0
-0.040813 13 -13 0
0.008525 14 0 0
0.007121 14 2 0
-0.000210 14 -2 0
-0.005215 14 4 0
0.017070 14 -4 0
0.002644 14 6 0
0.014555 14 -6 0
0.030200 14 8 0
-0.044188 14 -8 0
-0.030856 14 10 0
-0.016534 14 -10 0
-0.070516 14 12 0
-0.013857 14 -12 0
-0.012376 14 14 0
-0.022644 14 -14 0
0.001546 15 1 0
-0.020934 15 -1 0
0.008699 15 3 0
0.006475 15 -3 0
0.006642 15 5 0
0.019530 15 -5 0
-0.004901 15 7 0
0.003866 15 -7 0
0.020253 15 9 0
-0.002358 15 -9 0
0.022318 15 11 0
0.017987 15 -11 0
-0.006574 15 13 0
-0.013504 15 -13 0
-0.013556 15 15 0
-0.031840 15 -15 0
0.008334 16 0 0
-0.012487 16 2 0
-0.009832 16 -2 0
0.013280 16 4 0
-0.007058 16 -4 0
0.000535 16 6 0
0.020054 16 -6 0
0.027703 16 8 0
0.010103 16 -8 0
0.001335 16 10 0
-0.005551 16 -10 0
-0.031739 16 12 0
-0.011297 16 -12 0
-0.008429 16 14 0
-0.004361 16 -14 0
0.036987 16 16 0
-0.002655 16 -16 0
-0.000104 17 1 0
-0.010573 17 -1 0
0.010559 17 3 0
0.001443 17 -3 0
0.016595 17 5 0
0.010079 17 -5 0
-0.021427 17 7 0
0.003037 17 -7 0
-0.006353 17 9 0
0.014432 17 -9 0
0.021269 17 11 0
0.019434 17 -11 0
0.004901 17 13 0
-0.009517 17 -13 0
-0.004777 17 15 0
-0.016764 17 -15 0
-0.003621 17 17 0
-0.007064 17 -17 0
0.000342 18 0 0
0.000888 18 2 0
-0.003448 18 -2 0
0.005150 18 4 0
0.003428 18 -4 0
0.005220 18 6 0
0.018450 18 -6 0
0.006620 18 8 0
-0.010187 18 -8 0
-0.014428 18 10 0
-0.008940 18 -10 0
-0.015498 18 12 0
0.004173 18 -12 0
-0.000757 18 14 0
0.007748 18 -14 0
0.016056 18 16 0
0.003413 18 -16 0
0.013706 18 18 0
-0.000521 18 -18 0
0.006059 19 1 0
-0.010725 19 -1 0
0.008334 19 3 0
0.003172 19 -3 0
0.002951 19 5 0
0.008466 19 -5 0
-0.013240 19 7 0
0.008512 19 -7 0
0.007930 19 9 0
-0.001777 19 -9 0
0.007509 19 11 0
