-0.090245 1 1 0
-0.008767 1 -1 0
-0.143996 2 0 0
0.010461 2 2 0
-0.017364 2 -2 0
0.169974 3 1 0
-0.204148 3 -1 0
0.042875 3 3 0
0.038568 3 -3 0
0.018211 4 0 0
0.176130 4 2 0
-0.007470 4 -2 0
0.005115 4 4 0
0.040743 4 -4 0
-0.139218 5 1 0
0.123626 5 -1 0
0.074579 5 3 0
0.113661 5 -3 0
-0.013965 5 5 0
0.060711 5 -5 0
-0.032662 6 0 0
-0.178030 6 2 0
0.009317 6 -2 0
0.004614 6 4 0
0.080313 6 -4 0
0.008829 6 6 0
-0.019643 6 -6 0
0.138100 7 1 0
-0.172597 7 -1 0
-0.079704 7 3 0
-0.024318 7 -3 0
-0.016580 7 5 0
0.075049 7 -5 0
-0.009474 7 7 0
-0.023176 7 -7 0
-0.108122 8 0 0
0.216973 8 2 0
-0.008920 8 -2 0
-0.004094 8 4 0
-0.025134 8 -4 0
0.003587 8 6 0
-0.018496 8 -6 0
0.003142 8 8 0
-0.055519 8 -8 0
0.006899 9 1 0
-0.037584 9 -1 0
0.117493 9 3 0
0.145226 9 -3 0
0.021759 9 5 0
0.029671 9 -5 0
-0.009683 9 7 0
-0.025810 9 -7 0
-0.017892 9 9 0
-0.028959 9 -9 0
-0.000268 10 0 0
-0.082309 10 2 0
-0.002115 10 -2 0
0.005810 10 4 0
0.109599 10 -4 0
0.038191 10 6 0
-0.017202 10 -6 0
0.004835 10 8 0
-0.047261 10 -8 0
-0.027197 10 10 0
0.010531 10 -10 0
0.002911 11 1 0
-0.031785 11 -1 0
-0.059865 11 3 0
-0.018491 11 -3 0
-0.028352 11 5 0
0.079509 11 -5 0
0.006883 11 7 0
-0.007195 11 -7 0
-0.014805 11 9 0
-0.032452 11 -9 0
-0.034322 11 11 0
0.019909 11 -11 0
-0.056792 12 0 0
0.068488 12 2 0
0.000048 12 -2 0
-0.002876 12 4 0
-0.027313 12 -4 0
-0.009918 12 6 0
-0.012265 12 -6 0
0.004772 12 8 0
-0.024697 12 -8 0
-0.016594 12 10 0
0.011452 12 -10 0
0.002270 12 12 0
0.033255 12 -12 0
0.052988 13 1 0
-0.068758 13 -1 0
0.057447 13 3 0
0.083817 13 -3 0
0.014285 13 5 0
0.017352 13 -5 0
-0.017460 13 7 0
-0.024972 13 -7 0
-0.019457 13 9 0
-0.015161 13 -9 0
-0.026346 13 11 0
0.010630 13 -11 0
-0.005693 13 13 0
0.020239 13 -13 0
-0.032588 14 0 0
0.019334 14 2 0
-0.002497 14 -2 0
0.002602 14 4 0
0.067456 14 -4 0
0.026460 14 6 0
-0.011010 14 -6 0
0.002055 14 8 0
-0.039905 14 -8 0
-0.021489 14 10 0
0.009051 14 -10 0
0.002319 14 12 0
0.023606 14 -12 0
0.000315 14 14 0
0.016395 14 -14 0
0.000708 15 1 0
-0.014789 15 -1 0
-0.011071 15 3 0
0.006028 15 -3 0
-0.018972 15 5 0
0.045131 15 -5 0
0.009252 15 7 0
0.001226 15 -7 0
-0.002894 15 9 0
-0.023119 15 -9 0
-0.021060 15 11 0
0.007893 15 -11 0
-0.003718 15 13 0
0.012834 15 -13 0
-0.000986 15 15 0
-0.004373 15 -15 0
-0.008873 16 0 0
0.003682 16 2 0
-0.001882 16 -2 0
0.002415 16 4 0
-0.010498 16 -4 0
-0.006572 16 6 0
-0.004454 16 -6 0
0.002238 16 8 0
-0.005012 16 -8 0
-0.001964 16 10 0
0.002848 16 -10 0
0.000757 16 12 0
0.013420 16 -12 0
-0.001937 16 14 0
0.011764 16 -14 0
-0.008245 16 16 0
-0.012757 16 -16 0
0.013696 17 1 0
-0.020482 17 -1 0
0.012198 17 3 0
0.021045 17 -3 0
0.006822 17 5 0
0.007008 17 -5 0
-0.008158 17 7 0
-0.011743 17 -7 0
-0.009065 17 9 0
-0.000635 17 -9 0
-0.010631 17 11 0
0.005684 17 -11 0
-0.003409 17 13 0
0.006302 17 -13 0
-0.004025 17 15 0
-0.003517 17 -15 0
-0.001372 17 17 0
-0.005269 17 -17 0
-0.016158 18 0 0
0.016287 18 2 0
0.000612 18 -2 0
-0.000253 18 4 0
0.022998 18 -4 0
0.008725 18 6 0
-0.005048 18 -6 0
-0.001115 18 8 0
-0.013457 18 -8 0
-0.013897 18 10 0
0.002746 18 -10 0
-0.000210 18 12 0
0.006110 18 -12 0
0.001725 18 14 0
0.004929 18 -14 0
-0.005451 18 16 0
-0.005112 18 -16 0
-0.000899 18 18 0
-0.002213 18 -18 0
0.009220 19 1 0
-0.009474 19 -1 0
0.000935 19 3 0
0.008494 19 -3 0
-0.008992 19 5 0
0.014734 19 -5 0
0.004647 19 7 0
0.003940 19 -7 0
0.001305 19 9 0
-0.010862 19 -9 0
-0.010197 19 11 0
