-0.039138 1 1 0
0.026005 1 -1 0
-0.174096 2 0 0
-0.010546 2 2 0
0.002031 2 -2 0
0.178735 3 1 0
-0.204155 3 -1 0
-0.007428 3 3 0
0.056159 3 -3 0
0.029325 4 0 0
0.183298 4 2 0
-0.004620 4 -2 0
0.001183 4 4 0
0.045443 4 -4 0
-0.141851 5 1 0
0.118495 5 -1 0
0.083700 5 3 0
0.104200 5 -3 0
-0.019168 5 5 0
0.050298 5 -5 0
-0.041746 6 0 0
-0.165517 6 2 0
0.005366 6 -2 0
0.005737 6 4 0
0.083056 6 -4 0
0.004712 6 6 0
-0.016413 6 -6 0
0.142786 7 1 0
-0.170084 7 -1 0
-0.087216 7 3 0
-0.033957 7 -3 0
-0.041493 7 5 0
0.063171 7 -5 0
-0.015674 7 7 0
-0.020892 7 -7 0
-0.110476 8 0 0
0.225087 8 2 0
-0.009121 8 -2 0
0.003598 8 4 0
-0.024286 8 -4 0
0.011514 8 6 0
-0.010481 8 -6 0
0.006569 8 8 0
-0.050954 8 -8 0
0.005212 9 1 0
-0.040566 9 -1 0
0.112880 9 3 0
0.140290 9 -3 0
0.000169 9 5 0
0.021781 9 -5 0
-0.016614 9 7 0
-0.024851 9 -7 0
-0.001382 9 9 0
-0.020747 9 -9 0
-0.005721 10 0 0
-0.072590 10 2 0
0.002255 10 -2 0
0.009450 10 4 0
0.111414 10 -4 0
0.039982 10 6 0
-0.014828 10 -6 0
0.006181 10 8 0
-0.047115 10 -8 0
-0.018734 10 10 0
-0.000868 10 -10 0
0.005287 11 1 0
-0.030679 11 -1 0
-0.066127 11 3 0
-0.026117 11 -3 0
-0.046280 11 5 0
0.071888 11 -5 0
-0.002253 11 7 0
-0.004429 11 -7 0
0.002037 11 9 0
-0.023719 11 -9 0
-0.010669 11 11 0
0.028416 11 -11 0
-0.058965 12 0 0
0.076105 12 2 0
-0.000334 12 -2 0
-0.001269 12 4 0
-0.027819 12 -4 0
-0.006272 12 6 0
-0.007418 12 -6 0
0.009066 12 8 0
-0.026916 12 -8 0
-0.010879 12 10 0
0.001901 12 -10 0
0.004333 12 12 0
0.031113 12 -12 0
0.052852 13 1 0
-0.068016 13 -1 0
0.053391 13 3 0
0.081349 13 -3 0
-0.001175 13 5 0
0.009313 13 -5 0
-0.024755 13 7 0
-0.023050 13 -7 0
-0.008459 13 9 0
-0.007852 13 -9 0
-0.009495 13 11 0
0.016844 13 -11 0
-0.001745 13 13 0
0.023701 13 -13 0
-0.034504 14 0 0
0.023604 14 2 0
-0.001016 14 -2 0
0.006370 14 4 0
0.068856 14 -4 0
0.028757 14 6 0
-0.008936 14 -6 0
0.004438 14 8 0
-0.039018 14 -8 0
-0.017245 14 10 0
0.003356 14 -10 0
0.007310 14 12 0
0.021596 14 -12 0
-0.008882 14 14 0
0.013268 14 -14 0
0.000334 15 1 0
-0.014970 15 -1 0
-0.014075 15 3 0
0.004367 15 -3 0
-0.029827 15 5 0
0.041002 15 -5 0
0.003787 15 7 0
0.002516 15 -7 0
0.005829 15 9 0
-0.018592 15 -9 0
-0.009724 15 11 0
0.010640 15 -11 0
-0.000603 15 13 0
0.014235 15 -13 0
0.001773 15 15 0
-0.005147 15 -15 0
-0.010507 16 0 0
0.006845 16 2 0
-0.002144 16 -2 0
0.003600 16 4 0
-0.010618 16 -4 0
-0.004768 16 6 0
-0.003626 16 -6 0
0.005017 16 8 0
-0.003850 16 -8 0
-0.001129 16 10 0
-0.000355 16 -10 0
0.000846 16 12 0
0.011089 16 -12 0
-0.007030 16 14 0
0.010776 16 -14 0
-0.006300 16 16 0
-0.014663 16 -16 0
0.013845 17 1 0
-0.019572 17 -1 0
0.009569 17 3 0
0.019884 17 -3 0
0.000546 17 5 0
0.005299 17 -5 0
-0.014592 17 7 0
-0.011187 17 -7 0
-0.004724 17 9 0
0.002442 17 -9 0
-0.003355 17 11 0
0.006853 17 -11 0
-0.001996 17 13 0
0.007588 17 -13 0
-0.001776 17 15 0
-0.004838 17 -15 0
0.000499 17 17 0
-0.002465 17 -17 0
-0.016926 18 0 0
0.018676 18 2 0
0.000458 18 -2 0
0.001457 18 4 0
0.023702 18 -4 0
0.009685 18 6 0
-0.003892 18 -6 0
0.001462 18 8 0
-0.014987 18 -8 0
-0.010429 18 10 0
0.001194 18 -10 0
0.001510 18 12 0
0.006085 18 -12 0
-0.001285 18 14 0
0.003403 18 -14 0
-0.002192 18 16 0
-0.006115 18 -16 0
-0.002659 18 18 0
-0.001246 18 -18 0
0.008466 19 1 0
-0.009909 19 -1 0
-0.001118 19 3 0
0.008172 19 -3 0
-0.013302 19 5 0
0.012938 19 -5 0
0.002038 19 7 0
0.004450 19 -7 0
0.002819 19 9 0
-0.008859 19 -9 0
-0.008044 19 11 0
