-0.014682 1 1 0
-0.034831 1 -1 0
-0.132811 2 0 0
-0.004318 2 2 0
0.027181 2 -2 0
0.166196 3 1 0
-0.195436 3 -1 0
-0.001552 3 3 0
0.047847 3 -3 0
0.014824 4 0 0
0.182690 4 2 0
-0.004056 4 -2 0
-0.011203 4 4 0
0.051751 4 -4 0
-0.134425 5 1 0
0.112321 5 -1 0
0.069650 5 3 0
0.115991 5 -3 0
-0.010795 5 5 0
0.061742 5 -5 0
-0.031661 6 0 0
-0.175283 6 2 0
0.014004 6 -2 0
-0.018010 6 4 0
0.087790 6 -4 0
-0.011207 6 6 0
-0.021753 6 -6 0
0.131029 7 1 0
-0.177109 7 -1 0
-0.091753 7 3 0
-0.016843 7 -3 0
-0.025313 7 5 0
0.060885 7 -5 0
0.014836 7 7 0
-0.030600 7 -7 0
-0.108859 8 0 0
0.215777 8 2 0
0.001595 8 -2 0
-0.020238 8 4 0
-0.021581 8 -4 0
-0.015589 8 6 0
-0.020023 8 -6 0
-0.017967 8 8 0
-0.055660 8 -8 0
0.007319 9 1 0
-0.041529 9 -1 0
0.104804 9 3 0
0.152026 9 -3 0
0.013225 9 5 0
0.021852 9 -5 0
0.004738 9 7 0
-0.030085 9 -7 0
-0.003761 9 9 0
-0.023920 9 -9 0
-0.002825 10 0 0
-0.079194 10 2 0
0.004720 10 -2 0
-0.013344 10 4 0
0.111924 10 -4 0
0.018886 10 6 0
-0.019913 10 -6 0
-0.011869 10 8 0
-0.052142 10 -8 0
-0.039915 10 10 0
-0.006066 10 -10 0
0.000413 11 1 0
-0.033257 11 -1 0
-0.069528 11 3 0
-0.012427 11 -3 0
-0.033599 11 5 0
0.073979 11 -5 0
0.020132 11 7 0
-0.007966 11 -7 0
-0.005553 11 9 0
-0.024215 11 -9 0
-0.018151 11 11 0
0.035513 11 -11 0
-0.056662 12 0 0
0.069954 12 2 0
0.003529 12 -2 0
-0.015200 12 4 0
-0.026989 12 -4 0
-0.021183 12 6 0
-0.014958 12 -6 0
-0.006453 12 8 0
-0.028151 12 -8 0
-0.025268 12 10 0
-0.001628 12 -10 0
0.000173 12 12 0
0.020270 12 -12 0
0.051837 13 1 0
-0.070263 13 -1 0
0.048726 13 3 0
0.091640 13 -3 0
0.010225 13 5 0
0.011302 13 -5 0
-0.005396 13 7 0
-0.026406 13 -7 0
-0.013103 13 9 0
-0.007368 13 -9 0
-0.015542 13 11 0
0.022189 13 -11 0
-0.005921 13 13 0
0.035534 13 -13 0
-0.033093 14 0 0
0.020072 14 2 0
0.002867 14 -2 0
-0.006653 14 4 0
0.068044 14 -4 0
0.017313 14 6 0
-0.012834 14 -6 0
-0.003458 14 8 0
-0.043902 14 -8 0
-0.026308 14 10 0
0.000442 14 -10 0
0.003481 14 12 0
0.014096 14 -12 0
-0.003191 14 14 0
0.004483 14 -14 0
-0.000528 15 1 0
-0.015432 15 -1 0
-0.016159 15 3 0
0.010682 15 -3 0
-0.023935 15 5 0
0.043033 15 -5 0
0.015451 15 7 0
-0.001311 15 -7 0
0.002015 15 9 0
-0.019382 15 -9 0
-0.015750 15 11 0
0.015264 15 -11 0
-0.004632 15 13 0
0.021947 15 -13 0
-0.006422 15 15 0
-0.005318 15 -15 0
-0.009204 16 0 0
0.005730 16 2 0
-0.001523 16 -2 0
-0.001620 16 4 0
-0.010784 16 -4 0
-0.011331 16 6 0
-0.006569 16 -6 0
-0.000639 16 8 0
-0.005797 16 -8 0
-0.005440 16 10 0
-0.000902 16 -10 0
-0.000273 16 12 0
0.007490 16 -12 0
-0.004464 16 14 0
0.004304 16 -14 0
0.001678 16 16 0
-0.019436 16 -16 0
0.013231 17 1 0
-0.019953 17 -1 0
0.008761 17 3 0
0.024243 17 -3 0
0.006126 17 5 0
0.005192 17 -5 0
-0.004993 17 7 0
-0.011861 17 -7 0
-0.007839 17 9 0
0.001605 17 -9 0
-0.006342 17 11 0
0.009187 17 -11 0
-0.003213 17 13 0
0.009696 17 -13 0
-0.005493 17 15 0
-0.004701 17 -15 0
-0.001155 17 17 0
-0.004476 17 -17 0
-0.016048 18 0 0
0.018119 18 2 0
0.000292 18 -2 0
-0.002167 18 4 0
0.023684 18 -4 0
0.007237 18 6 0
-0.005260 18 -6 0
0.001057 18 8 0
-0.014972 18 -8 0
-0.014226 18 10 0
0.000948 18 -10 0
0.000154 18 12 0
0.003868 18 -12 0
0.000576 18 14 0
0.001696 18 -14 0
-0.001298 18 16 0
-0.008649 18 -16 0
0.000458 18 18 0
-0.003590 18 -18 0
0.008344 19 1 0
-0.008219 19 -1 0
-0.000351 19 3 0
0.009733 19 -3 0
-0.011777 19 5 0
0.014374 19 -5 0
0.005344 19 7 0
0.002830 19 -7 0
0.003492 19 9 0
-0.008739 19 -9 0
-0.008769 19 11 0
