0.011266 1 1 0
-0.121865 1 -1 0
0.113464 2 0 0
-0.025782 2 2 0
0.094811 2 -2 0
0.248063 3 1 0
0.014004 3 -1 0
0.027150 3 3 0
-0.021571 3 -3 0
-0.090185 4 0 0
-0.016353 4 2 0
-0.186982 4 -2 0
0.013490 4 4 0
-0.011935 4 -4 0
-0.307594 5 1 0
0.020905 5 -1 0
-0.079523 5 3 0
0.023836 5 -3 0
0.022305 5 5 0
0.000385 5 -5 0
-0.033865 6 0 0
0.021890 6 2 0
0.247352 6 -2 0
0.006956 6 4 0
0.038892 6 -4 0
-0.000161 6 6 0
0.031280 6 -6 0
0.195033 7 1 0
-0.000594 7 -1 0
0.193492 7 3 0
-0.017970 7 -3 0
0.035532 7 5 0
-0.016319 7 -5 0
0.020850 7 7 0
-0.005878 7 -7 0
0.070956 8 0 0
-0.024074 8 2 0
-0.248081 8 -2 0
-0.014205 8 4 0
-0.085717 8 -4 0
0.009642 8 6 0
0.024790 8 -6 0
0.020576 8 8 0
-0.004948 8 -8 0
-0.045483 9 1 0
0.012663 9 -1 0
-0.153300 9 3 0
0.035103 9 -3 0
-0.023218 9 5 0
0.006009 9 -5 0
0.012043 9 7 0
-0.015345 9 -7 0
0.001552 9 9 0
0.011253 9 -9 0
-0.078800 10 0 0
0.005897 10 2 0
0.109000 10 -2 0
0.025765 10 4 0
0.098651 10 -4 0
0.011415 10 6 0
0.042366 10 -6 0
0.021099 10 8 0
-0.009392 10 -8 0
0.025682 10 10 0
-0.024834 10 -10 0
-0.032734 11 1 0
0.013407 11 -1 0
0.133752 11 3 0
-0.011883 11 -3 0
0.075583 11 5 0
-0.019814 11 -5 0
0.008571 11 7 0
-0.014397 11 -7 0
-0.004029 11 9 0
0.010664 11 -9 0
0.015237 11 11 0
0.002539 11 -11 0
0.038598 12 0 0
-0.007184 12 2 0
-0.052555 12 -2 0
-0.014947 12 4 0
-0.087816 12 -4 0
-0.001810 12 6 0
0.006166 12 -6 0
0.017243 12 8 0
0.007170 12 -8 0
0.019056 12 10 0
-0.018738 12 -10 0
0.021721 12 12 0
-0.006689 12 -12 0
0.044533 13 1 0
-0.000652 13 -1 0
-0.042930 13 3 0
0.014223 13 -3 0
-0.044584 13 5 0
0.005862 13 -5 0
0.015054 13 7 0
-0.006748 13 -7 0
0.007280 13 9 0
0.006242 13 -9 0
0.017411 13 11 0
0.000144 13 -11 0
0.018826 13 13 0
0.000503 13 -13 0
-0.022311 14 0 0
-0.007199 14 2 0
-0.016760 14 -2 0
0.015552 14 4 0
0.051867 14 -4 0
0.011941 14 6 0
0.050922 14 -6 0
0.012480 14 8 0
-0.006641 14 -8 0
0.012742 14 10 0
-0.020227 14 -10 0
0.017913 14 12 0
-0.010557 14 -12 0
0.005401 14 14 0
0.011326 14 -14 0
-0.038880 15 1 0
0.011233 15 -1 0
0.021971 15 3 0
0.003218 15 -3 0
0.056049 15 5 0
-0.015599 15 -5 0
0.016826 15 7 0
-0.011668 15 -7 0
-0.007554 15 9 0
0.006784 15 -9 0
0.004151 15 11 0
0.002866 15 -11 0
0.007786 15 13 0
-0.000393 15 -13 0
0.005291 15 15 0
-0.004279 15 -15 0
0.003036 16 0 0
-0.000213 16 2 0
0.009082 16 -2 0
-0.002899 16 4 0
-0.026144 16 -4 0
-0.003089 16 6 0
-0.013791 16 -6 0
0.006507 16 8 0
0.004408 16 -8 0
0.006575 16 10 0
-0.002681 16 -10 0
0.010952 16 12 0
-0.004127 16 -12 0
0.001021 16 14 0
0.003022 16 -14 0
0.005553 16 16 0
-0.009186 16 -16 0
0.014773 17 1 0
0.002925 17 -1 0
0.006146 17 3 0
0.001974 17 -3 0
-0.017933 17 5 0
0.002845 17 -5 0
-0.000396 17 7 0
0.000067 17 -7 0
0.002995 17 9 0
0.003835 17 -9 0
0.007265 17 11 0
-0.000088 17 -11 0
0.007999 17 13 0
0.001065 17 -13 0
0.002721 17 15 0
-0.003363 17 -15 0
-0.003804 17 17 0
0.004448 17 -17 0
-0.000415 18 0 0
-0.008095 18 2 0
-0.016752 18 -2 0
0.002412 18 4 0
0.003802 18 -4 0
0.004678 18 6 0
0.033090 18 -6 0
0.002712 18 8 0
0.000309 18 -8 0
0.001425 18 10 0
-0.007932 18 -10 0
0.004646 18 12 0
-0.005573 18 -12 0
0.001042 18 14 0
0.000067 18 -14 0
0.003244 18 16 0
-0.001946 18 -16 0
0.005145 18 18 0
-0.003499 18 -18 0
-0.010752 19 1 0
0.001490 19 -1 0
-0.005141 19 3 0
0.002340 19 -3 0
0.013792 19 5 0
-0.007534 19 -5 0
0.016883 19 7 0
-0.006128 19 -7 0
-0.002114 19 9 0
0.004291 19 -9 0
-0.000553 19 11 0
