0.162246 1 1 0
-0.158309 1 -1 0
0.103120 2 0 0
-0.016229 2 2 0
0.063759 2 -2 0
0.253189 3 1 0
0.012845 3 -1 0
0.055458 3 3 0
-0.018364 3 -3 0
-0.086732 4 0 0
-0.018459 4 2 0
-0.194469 4 -2 0
-0.001528 4 4 0
-0.011761 4 -4 0
-0.316788 5 1 0
0.028168 5 -1 0
-0.075901 5 3 0
0.025523 5 -3 0
0.031490 5 5 0
-0.005519 5 -5 0
-0.038244 6 0 0
0.029055 6 2 0
0.240636 6 -2 0
0.018564 6 4 0
0.042692 6 -4 0
0.012427 6 6 0
0.035937 6 -6 0
0.201147 7 1 0
0.002838 7 -1 0
0.193826 7 3 0
-0.011594 7 -3 0
0.043436 7 5 0
-0.022516 7 -5 0
0.022778 7 7 0
-0.010517 7 -7 0
0.068769 8 0 0
-0.024668 8 2 0
-0.256326 8 -2 0
-0.023346 8 4 0
-0.083345 8 -4 0
0.010337 8 6 0
0.035318 8 -6 0
0.025723 8 8 0
0.006862 8 -8 0
-0.047089 9 1 0
0.009528 9 -1 0
-0.154260 9 3 0
0.035679 9 -3 0
-0.011963 9 5 0
-0.006332 9 -5 0
0.025301 9 7 0
-0.013648 9 -7 0
0.002489 9 9 0
0.015628 9 -9 0
-0.080245 10 0 0
0.013471 10 2 0
0.104092 10 -2 0
0.026100 10 4 0
0.100923 10 -4 0
0.011580 10 6 0
0.048100 10 -6 0
0.024312 10 8 0
-0.003922 10 -8 0
0.027294 10 10 0
-0.032263 10 -10 0
-0.031111 11 1 0
0.015551 11 -1 0
0.133773 11 3 0
-0.005066 11 -3 0
0.084157 11 5 0
-0.023274 11 -5 0
0.011107 11 7 0
-0.013763 11 -7 0
-0.002752 11 9 0
0.016481 11 -9 0
0.010188 11 11 0
0.003738 11 -11 0
0.037561 12 0 0
-0.004601 12 2 0
-0.059394 12 -2 0
-0.016076 12 4 0
-0.084641 12 -4 0
0.000056 12 6 0
0.016130 12 -6 0
0.019210 12 8 0
0.016101 12 -8 0
0.023453 12 10 0
-0.020273 12 -10 0
0.036312 12 12 0
-0.007250 12 -12 0
0.045438 13 1 0
-0.003513 13 -1 0
-0.042434 13 3 0
0.021122 13 -3 0
-0.036004 13 5 0
0.000329 13 -5 0
0.019495 13 7 0
-0.004010 13 -7 0
0.005883 13 9 0
0.012127 13 -9 0
0.013328 13 11 0
-0.002883 13 -11 0
0.012638 13 13 0
-0.002838 13 -13 0
-0.020728 14 0 0
-0.003689 14 2 0
-0.020641 14 -2 0
0.013001 14 4 0
0.053172 14 -4 0
0.014576 14 6 0
0.054394 14 -6 0
0.014716 14 8 0
-0.000449 14 -8 0
0.013713 14 10 0
-0.021092 14 -10 0
0.023676 14 12 0
-0.013876 14 -12 0
0.018101 14 14 0
0.005957 14 -14 0
-0.038978 15 1 0
0.011479 15 -1 0
0.019910 15 3 0
0.007247 15 -3 0
0.060185 15 5 0
-0.016227 15 -5 0
0.019565 15 7 0
-0.008381 15 -7 0
-0.006649 15 9 0
0.012663 15 -9 0
0.002649 15 11 0
0.004893 15 -11 0
0.004474 15 13 0
-0.002365 15 -13 0
-0.002625 15 15 0
-0.002262 15 -15 0
0.001933 16 0 0
0.003353 16 2 0
0.008743 16 -2 0
-0.004281 16 4 0
-0.025723 16 -4 0
-0.003360 16 6 0
-0.010069 16 -6 0
0.008156 16 8 0
0.008631 16 -8 0
0.009142 16 10 0
-0.002267 16 -10 0
0.015219 16 12 0
-0.004858 16 -12 0
0.012298 16 14 0
-0.001242 16 -14 0
0.008611 16 16 0
-0.011319 16 -16 0
0.015693 17 1 0
0.001881 17 -1 0
0.006554 17 3 0
0.006728 17 -3 0
-0.013398 17 5 0
0.004110 17 -5 0
0.001909 17 7 0
0.004105 17 -7 0
0.002780 17 9 0
0.007707 17 -9 0
0.004970 17 11 0
0.001731 17 -11 0
0.006831 17 13 0
-0.002364 17 -13 0
0.000270 17 15 0
0.000029 17 -15 0
-0.002898 17 17 0
0.003524 17 -17 0
0.001208 18 0 0
-0.007062 18 2 0
-0.018162 18 -2 0
0.002083 18 4 0
0.004955 18 -4 0
0.006074 18 6 0
0.033959 18 -6 0
0.004230 18 8 0
0.001472 18 -8 0
0.002164 18 10 0
-0.006843 18 -10 0
0.006414 18 12 0
-0.006182 18 -12 0
0.006530 18 14 0
-0.000172 18 -14 0
0.005062 18 16 0
-0.004595 18 -16 0
0.002137 18 18 0
-0.002717 18 -18 0
-0.010143 19 1 0
0.001363 19 -1 0
-0.004332 19 3 0
0.005680 19 -3 0
0.016815 19 5 0
-0.006585 19 -5 0
0.017192 19 7 0
-0.004111 19 -7 0
-0.002032 19 9 0
0.008043 19 -9 0
-0.001671 19 11 0
