-0.075566 1 1 0
-0.019468 1 -1 0
0.109826 2 0 0
-0.025855 2 2 0
0.035530 2 -2 0
0.265539 3 1 0
0.010979 3 -1 0
0.045111 3 3 0
-0.015869 3 -3 0
-0.084020 4 0 0
-0.011418 4 2 0
-0.191388 4 -2 0
-0.000045 4 4 0
-0.031174 4 -4 0
-0.310905 5 1 0
0.019086 5 -1 0
-0.074882 5 3 0
0.022765 5 -3 0
0.024175 5 5 0
-0.003596 5 -5 0
-0.041296 6 0 0
0.025550 6 2 0
0.254792 6 -2 0
0.005329 6 4 0
0.048839 6 -4 0
0.010148 6 6 0
0.034054 6 -6 0
0.200372 7 1 0
-0.000490 7 -1 0
0.205315 7 3 0
-0.016787 7 -3 0
0.047052 7 5 0
-0.020464 7 -5 0
0.018518 7 7 0
-0.019870 7 -7 0
0.068419 8 0 0
-0.029243 8 2 0
-0.251731 8 -2 0
-0.022956 8 4 0
-0.091440 8 -4 0
0.009648 8 6 0
0.034147 8 -6 0
0.032282 8 8 0
-0.001253 8 -8 0
-0.042980 9 1 0
0.012977 9 -1 0
-0.145404 9 3 0
0.039222 9 -3 0
-0.010970 9 5 0
0.004077 9 -5 0
0.014310 9 7 0
-0.016024 9 -7 0
0.000848 9 9 0
0.005431 9 -9 0
-0.083256 10 0 0
0.009877 10 2 0
0.111175 10 -2 0
0.019828 10 4 0
0.102340 10 -4 0
0.015881 10 6 0
0.045264 10 -6 0
0.028297 10 8 0
-0.011112 10 -8 0
0.032968 10 10 0
-0.024064 10 -10 0
-0.027313 11 1 0
0.013696 11 -1 0
0.142776 11 3 0
-0.010355 11 -3 0
0.083727 11 5 0
-0.022254 11 -5 0
0.013778 11 7 0
-0.019608 11 -7 0
-0.000498 11 9 0
0.004677 11 -9 0
0.019741 11 11 0
-0.010573 11 -11 0
0.035385 12 0 0
-0.006603 12 2 0
-0.051623 12 -2 0
-0.017767 12 4 0
-0.087078 12 -4 0
0.002666 12 6 0
0.015240 12 -6 0
0.024142 12 8 0
0.006331 12 -8 0
0.030566 12 10 0
-0.011674 12 -10 0
0.031436 12 12 0
0.003226 12 -12 0
0.047776 13 1 0
-0.000624 13 -1 0
-0.040105 13 3 0
0.018060 13 -3 0
-0.036930 13 5 0
0.005662 13 -5 0
0.012781 13 7 0
-0.008527 13 -7 0
0.008110 13 9 0
0.003445 13 -9 0
0.018417 13 11 0
-0.008892 13 -11 0
0.020263 13 13 0
-0.012704 13 -13 0
-0.022504 14 0 0
-0.005355 14 2 0
-0.013991 14 -2 0
0.010794 14 4 0
0.052948 14 -4 0
0.013782 14 6 0
0.054455 14 -6 0
0.018042 14 8 0
-0.005223 14 -8 0
0.020573 14 10 0
-0.015436 14 -10 0
0.020769 14 12 0
-0.002013 14 -12 0
0.012136 14 14 0
0.013562 14 -14 0
-0.039132 15 1 0
0.012458 15 -1 0
0.026081 15 3 0
0.007148 15 -3 0
0.060631 15 5 0
-0.014049 15 -5 0
0.017537 15 7 0
-0.013086 15 -7 0
-0.007105 15 9 0
0.004886 15 -9 0
0.007363 15 11 0
-0.002478 15 -11 0
0.009889 15 13 0
-0.007722 15 -13 0
0.001004 15 15 0
-0.005558 15 -15 0
0.002676 16 0 0
0.001173 16 2 0
0.010748 16 -2 0
-0.003319 16 4 0
-0.024835 16 -4 0
-0.000372 16 6 0
-0.008311 16 -6 0
0.010111 16 8 0
0.005210 16 -8 0
0.012276 16 10 0
-0.000380 16 -10 0
0.013118 16 12 0
0.002203 16 -12 0
0.007976 16 14 0
0.007091 16 -14 0
0.011482 16 16 0
-0.011905 16 -16 0
0.014523 17 1 0
0.002702 17 -1 0
0.006819 17 3 0
0.003158 17 -3 0
-0.017066 17 5 0
0.003662 17 -5 0
0.000417 17 7 0
-0.001817 17 -7 0
0.003534 17 9 0
0.001746 17 -9 0
0.008181 17 11 0
-0.002199 17 -11 0
0.009098 17 13 0
-0.003357 17 -13 0
0.000381 17 15 0
-0.004160 17 -15 0
-0.003154 17 17 0
0.003508 17 -17 0
0.000410 18 0 0
-0.005239 18 2 0
-0.015102 18 -2 0
0.001266 18 4 0
0.005928 18 -4 0
0.007394 18 6 0
0.035659 18 -6 0
0.004181 18 8 0
0.001531 18 -8 0
0.004424 18 10 0
-0.005466 18 -10 0
0.005559 18 12 0
-0.001678 18 -12 0
0.001816 18 14 0
0.002213 18 -14 0
0.004633 18 16 0
-0.005566 18 -16 0
0.005603 18 18 0
0.000580 18 -18 0
-0.011050 19 1 0
0.001290 19 -1 0
-0.004858 19 3 0
0.004496 19 -3 0
0.015194 19 5 0
-0.005121 19 -5 0
0.018091 19 7 0
-0.005305 19 -7 0
-0.003348 19 9 0
0.004219 19 -9 0
-0.000588 19 11 0
