0.126073 1 1 0
-0.045296 1 -1 0
0.179840 2 0 0
0.046558 2 2 0
0.002483 2 -2 0
-0.296815 3 1 0
0.312515 3 -1 0
-0.002323 3 3 0
-0.039737 3 -3 0
-0.029848 4 0 0
-0.225518 4 2 0
0.021941 4 -2 0
-0.016911 4 4 0
-0.052186 4 -4 0
0.249772 5 1 0
-0.201976 5 -1 0
-0.125432 5 3 0
-0.149130 5 -3 0
0.052968 5 5 0
-0.062442 5 -5 0
0.016928 6 0 0
0.364534 6 2 0
0.006306 6 -2 0
-0.038233 6 4 0
-0.145221 6 -4 0
-0.070372 6 6 0
-0.008025 6 -6 0
-0.195732 7 1 0
0.265515 7 -1 0
0.154011 7 3 0
0.102434 7 -3 0
0.056724 7 5 0
-0.104268 7 -5 0
0.004394 7 7 0
0.021656 7 -7 0
0.155444 8 0 0
-0.288197 8 2 0
0.028189 8 -2 0
-0.020227 8 4 0
0.054942 8 -4 0
-0.058384 8 6 0
-0.011626 8 -6 0
0.001434 8 8 0
0.075644 8 -8 0
-0.006881 9 1 0
0.045837 9 -1 0
-0.177279 9 3 0
-0.203617 9 -3 0
-0.016123 9 5 0
-0.014494 9 -5 0
0.009351 9 7 0
0.017786 9 -7 0
-0.027368 9 9 0
0.004081 9 -9 0
-0.018675 10 0 0
0.201512 10 2 0
0.006541 10 -2 0
-0.030023 10 4 0
-0.176915 10 -4 0
-0.116197 10 6 0
-0.005136 10 -6 0
0.006489 10 8 0
0.083445 10 -8 0
0.082364 10 10 0
-0.002033 10 -10 0
0.010760 11 1 0
0.030186 11 -1 0
0.116856 11 3 0
0.069565 11 -3 0
0.073111 11 5 0
-0.107861 11 -5 0
-0.015556 11 7 0
-0.009541 11 -7 0
-0.035123 11 9 0
0.013228 11 -9 0
0.031424 11 11 0
-0.014815 11 -11 0
0.070665 12 0 0
-0.050464 12 2 0
0.015192 12 -2 0
-0.014465 12 4 0
0.050203 12 -4 0
-0.025658 12 6 0
-0.007999 12 -6 0
0.003108 12 8 0
0.036534 12 -8 0
0.065401 12 10 0
0.003286 12 -10 0
0.017926 12 12 0
-0.014525 12 -12 0
-0.075241 13 1 0
0.103532 13 -1 0
-0.085695 13 3 0
-0.105787 13 -3 0
-0.006751 13 5 0
-0.008418 13 -5 0
0.020436 13 7 0
0.024264 13 -7 0
-0.014471 13 9 0
-0.007316 13 -9 0
0.018947 13 11 0
-0.017000 13 -11 0
-0.006971 13 13 0
-0.004616 13 -13 0
0.042663 14 0 0
0.004671 14 2 0
0.006216 14 -2 0
-0.015806 14 4 0
-0.108781 14 -4 0
-0.076475 14 6 0
-0.002121 14 -6 0
0.005012 14 8 0
0.065789 14 -8 0
0.061901 14 10 0
0.002049 14 -10 0
0.018472 14 12 0
-0.015777 14 -12 0
-0.029907 14 14 0
0.010937 14 -14 0
0.002792 15 1 0
0.014658 15 -1 0
0.025025 15 3 0
0.005764 15 -3 0
0.048057 15 5 0
-0.066387 15 -5 0
-0.013829 15 7 0
-0.014452 15 -7 0
-0.034320 15 9 0
0.013546 15 -9 0
0.023714 15 11 0
-0.005126 15 -11 0
0.002086 15 13 0
-0.008469 15 -13 0
0.000965 15 15 0
-0.001020 15 -15 0
0.003458 16 0 0
0.023008 16 2 0
0.003526 16 -2 0
-0.007991 16 4 0
0.019083 16 -4 0
-0.007717 16 6 0
-0.005638 16 -6 0
0.000506 16 8 0
0.008575 16 -8 0
0.021571 16 10 0
0.000714 16 -10 0
0.006360 16 12 0
-0.004142 16 -12 0
-0.011887 16 14 0
0.008144 16 -14 0
0.002519 16 16 0
0.024151 16 -16 0
-0.015518 17 1 0
0.024178 17 -1 0
-0.013206 17 3 0
-0.025488 17 -3 0
-0.004553 17 5 0
-0.001101 17 -5 0
0.012297 17 7 0
0.008708 17 -7 0
0.000080 17 9 0
-0.009638 17 -9 0
0.007502 17 11 0
-0.007538 17 -11 0
-0.001426 17 13 0
0.000559 17 -13 0
0.005049 17 15 0
0.001618 17 -15 0
-0.001559 17 17 0
0.004272 17 -17 0
0.021103 18 0 0
-0.014877 18 2 0
0.001077 18 -2 0
-0.001602 18 4 0
-0.033482 18 -4 0
-0.031087 18 6 0
-0.001470 18 -6 0
0.001969 18 8 0
0.023398 18 -8 0
0.028821 18 10 0
0.000671 18 -10 0
0.004802 18 12 0
-0.005997 18 -12 0
-0.007983 18 14 0
0.001106 18 -14 0
0.002334 18 16 0
0.010933 18 -16 0
0.007338 18 18 0
-0.000703 18 -18 0
-0.014183 19 1 0
0.014997 19 -1 0
-0.004626 19 3 0
-0.008880 19 -3 0
0.023298 19 5 0
-0.021912 19 -5 0
-0.007363 19 7 0
-0.006134 19 -7 0
-0.017318 19 9 0
0.006510 19 -9 0
0.010915 19 11 0
