0.086146 1 1 0
-0.020483 1 -1 0
0.243281 2 0 0
0.030786 2 2 0
-0.046943 2 -2 0
-0.268981 3 1 0
0.276681 3 -1 0
-0.015246 3 3 0
-0.041404 3 -3 0
-0.048015 4 0 0
-0.249192 4 2 0
0.014228 4 -2 0
-0.027271 4 4 0
-0.076846 4 -4 0
0.243630 5 1 0
-0.193183 5 -1 0
-0.124325 5 3 0
-0.145486 5 -3 0
0.008206 5 5 0
-0.052243 5 -5 0
0.031140 6 0 0
0.321921 6 2 0
0.014933 6 -2 0
-0.044771 6 4 0
-0.133621 6 -4 0
-0.056940 6 6 0
-0.004703 6 -6 0
-0.202486 7 1 0
0.257723 7 -1 0
0.131952 7 3 0
0.111869 7 -3 0
0.039650 7 5 0
-0.089735 7 -5 0
-0.027730 7 7 0
0.013013 7 -7 0
0.164181 8 0 0
-0.326575 8 2 0
0.021314 8 -2 0
-0.030944 8 4 0
0.055718 8 -4 0
-0.069186 8 6 0
-0.003413 8 -6 0
0.008852 8 8 0
0.070832 8 -8 0
-0.008105 9 1 0
0.043875 9 -1 0
-0.177804 9 3 0
-0.196467 9 -3 0
-0.039614 9 5 0
-0.000411 9 -5 0
-0.015091 9 7 0
0.004579 9 -7 0
-0.028409 9 9 0
-0.013430 9 -9 0
-0.012505 10 0 0
0.167609 10 2 0
0.007193 10 -2 0
-0.042856 10 4 0
-0.173947 10 -4 0
-0.117935 10 6 0
0.002827 10 -6 0
0.015380 10 8 0
0.073480 10 -8 0
0.099388 10 10 0
0.008379 10 -10 0
0.007729 11 1 0
0.027745 11 -1 0
0.108276 11 3 0
0.073850 11 -3 0
0.053094 11 5 0
-0.092957 11 -5 0
-0.042051 11 7 0
-0.016878 11 -7 0
-0.030458 11 9 0
-0.006750 11 -9 0
0.029852 11 11 0
-0.020548 11 -11 0
0.076510 12 0 0
-0.080255 12 2 0
0.014985 12 -2 0
-0.020151 12 4 0
0.052332 12 -4 0
-0.029122 12 6 0
-0.005062 12 -6 0
0.011526 12 8 0
0.032758 12 -8 0
0.073304 12 10 0
0.008414 12 -10 0
0.024921 12 12 0
-0.005286 12 -12 0
-0.076323 13 1 0
0.100691 13 -1 0
-0.088187 13 3 0
-0.101300 13 -3 0
-0.020546 13 5 0
0.001438 13 -5 0
0.002048 13 7 0
0.016075 13 -7 0
-0.013444 13 9 0
-0.021962 13 -9 0
0.019546 13 11 0
-0.020552 13 -11 0
-0.010986 13 13 0
-0.012389 13 -13 0
0.046787 14 0 0
-0.015520 14 2 0
0.005408 14 -2 0
-0.022661 14 4 0
-0.108006 14 -4 0
-0.078038 14 6 0
0.003539 14 -6 0
0.006934 14 8 0
0.060069 14 -8 0
0.071644 14 10 0
0.005026 14 -10 0
0.021218 14 12 0
-0.008129 14 -12 0
-0.025896 14 14 0
0.011216 14 -14 0
0.002228 15 1 0
0.012047 15 -1 0
0.023773 15 3 0
0.007528 15 -3 0
0.039455 15 5 0
-0.057801 15 -5 0
-0.027258 15 7 0
-0.017156 15 -7 0
-0.032837 15 9 0
0.005423 15 -9 0
0.021680 15 11 0
-0.005304 15 -11 0
0.002461 15 13 0
-0.011305 15 -13 0
-0.001147 15 15 0
0.000010 15 -15 0
0.007184 16 0 0
0.010579 16 2 0
0.002716 16 -2 0
-0.010234 16 4 0
0.022200 16 -4 0
-0.009300 16 6 0
-0.004635 16 -6 0
0.005030 16 8 0
0.006431 16 -8 0
0.024823 16 10 0
0.002410 16 -10 0
0.012376 16 12 0
-0.000572 16 -12 0
-0.010558 16 14 0
0.009123 16 -14 0
0.005894 16 16 0
0.028746 16 -16 0
-0.015235 17 1 0
0.021295 17 -1 0
-0.014220 17 3 0
-0.023907 17 -3 0
-0.009904 17 5 0
0.004457 17 -5 0
0.004784 17 7 0
0.006127 17 -7 0
-0.000889 17 9 0
-0.015424 17 -9 0
0.006290 17 11 0
-0.007814 17 -11 0
-0.003026 17 13 0
-0.002481 17 -13 0
0.002030 17 15 0
0.002615 17 -15 0
-0.000662 17 17 0
-0.000258 17 -17 0
0.022361 18 0 0
-0.020309 18 2 0
-0.000030 18 -2 0
-0.002461 18 4 0
-0.034065 18 -4 0
-0.030650 18 6 0
-0.000390 18 -6 0
0.003806 18 8 0
0.022416 18 -8 0
0.031927 18 10 0
0.000572 18 -10 0
0.006954 18 12 0
-0.004456 18 -12 0
-0.006961 18 14 0
0.001792 18 -14 0
0.001007 18 16 0
0.013748 18 -16 0
0.005438 18 18 0
0.004985 18 -18 0
-0.012857 19 1 0
0.015084 19 -1 0
-0.001998 19 3 0
-0.007668 19 -3 0
0.022669 19 5 0
-0.018937 19 -5 0
-0.010210 19 7 0
-0.006643 19 -7 0
-0.015761 19 9 0
0.003680 19 -9 0
0.010313 19 11 0
