0.097753 1 1 0
-0.036308 1 -1 0
0.179280 2 0 0
0.051639 2 2 0
0.022567 2 -2 0
-0.267215 3 1 0
0.337705 3 -1 0
-0.017439 3 3 0
-0.023144 3 -3 0
-0.024083 4 0 0
-0.243969 4 2 0
-0.010237 4 -2 0
-0.005215 4 4 0
-0.066960 4 -4 0
0.240150 5 1 0
-0.198029 5 -1 0
-0.107310 5 3 0
-0.148413 5 -3 0
0.052277 5 5 0
-0.065135 5 -5 0
0.023364 6 0 0
0.343702 6 2 0
0.005077 6 -2 0
-0.030524 6 4 0
-0.141069 6 -4 0
-0.055083 6 6 0
0.005149 6 -6 0
-0.206241 7 1 0
0.279048 7 -1 0
0.148022 7 3 0
0.096690 7 -3 0
0.061873 7 5 0
-0.100708 7 -5 0
0.007716 7 7 0
0.012623 7 -7 0
0.162737 8 0 0
-0.301443 8 2 0
0.012103 8 -2 0
-0.005389 8 4 0
0.056238 8 -4 0
-0.058515 8 6 0
0.002421 8 -6 0
0.006376 8 8 0
0.067476 8 -8 0
-0.014263 9 1 0
0.062021 9 -1 0
-0.169924 9 3 0
-0.206750 9 -3 0
-0.009905 9 5 0
-0.013200 9 -5 0
0.019877 9 7 0
0.002847 9 -7 0
-0.012274 9 9 0
-0.004327 9 -9 0
-0.016032 10 0 0
0.182875 10 2 0
0.000034 10 -2 0
-0.024139 10 4 0
-0.179264 10 -4 0
-0.105690 10 6 0
0.004458 10 -6 0
0.009440 10 8 0
0.080143 10 -8 0
0.096228 10 10 0
-0.001453 10 -10 0
0.007394 11 1 0
0.039505 11 -1 0
0.121476 11 3 0
0.064319 11 -3 0
0.078291 11 5 0
-0.102321 11 -5 0
-0.017157 11 7 0
-0.020030 11 -7 0
-0.026943 11 9 0
0.002531 11 -9 0
0.029389 11 11 0
-0.027737 11 -11 0
0.076290 12 0 0
-0.063818 12 2 0
0.006108 12 -2 0
-0.005407 12 4 0
0.050505 12 -4 0
-0.021615 12 6 0
0.001495 12 -6 0
0.010213 12 8 0
0.033335 12 -8 0
0.073787 12 10 0
0.002871 12 -10 0
0.020895 12 12 0
-0.012997 12 -12 0
-0.082034 13 1 0
0.115065 13 -1 0
-0.080630 13 3 0
-0.108774 13 -3 0
-0.003956 13 5 0
-0.005628 13 -5 0
0.024155 13 7 0
0.014121 13 -7 0
-0.006889 13 9 0
-0.014951 13 -9 0
0.017245 13 11 0
-0.028458 13 -11 0
-0.008483 13 13 0
-0.012298 13 -13 0
0.045105 14 0 0
-0.006262 14 2 0
-0.001288 14 -2 0
-0.012631 14 4 0
-0.106862 14 -4 0
-0.070857 14 6 0
0.005705 14 -6 0
0.007750 14 8 0
0.063954 14 -8 0
0.067757 14 10 0
-0.000007 14 -10 0
0.018856 14 12 0
-0.012893 14 -12 0
-0.020633 14 14 0
0.009299 14 -14 0
0.001234 15 1 0
0.018955 15 -1 0
0.028285 15 3 0
0.004686 15 -3 0
0.050322 15 5 0
-0.064114 15 -5 0
-0.012927 15 7 0
-0.019160 15 -7 0
-0.028649 15 9 0
0.009683 15 -9 0
0.021985 15 11 0
-0.010870 15 -11 0
0.000213 15 13 0
-0.012538 15 -13 0
-0.004733 15 15 0
0.000501 15 -15 0
0.005376 16 0 0
0.017144 16 2 0
0.000494 16 -2 0
-0.005574 16 4 0
0.018932 16 -4 0
-0.004516 16 6 0
-0.001558 16 -6 0
0.004595 16 8 0
0.007725 16 -8 0
0.024113 16 10 0
0.000247 16 -10 0
0.009333 16 12 0
-0.004129 16 -12 0
-0.008963 16 14 0
0.009251 16 -14 0
0.005470 16 16 0
0.026203 16 -16 0
-0.015907 17 1 0
0.027632 17 -1 0
-0.012267 17 3 0
-0.026980 17 -3 0
-0.002605 17 5 0
0.002024 17 -5 0
0.011398 17 7 0
0.004219 17 -7 0
0.001285 17 9 0
-0.011764 17 -9 0
0.005625 17 11 0
-0.011703 17 -11 0
-0.001891 17 13 0
-0.002627 17 -13 0
-0.000105 17 15 0
0.000056 17 -15 0
-0.003731 17 17 0
0.001989 17 -17 0
0.021686 18 0 0
-0.017802 18 2 0
-0.000900 18 -2 0
0.000024 18 4 0
-0.033711 18 -4 0
-0.029153 18 6 0
0.000308 18 -6 0
0.002779 18 8 0
0.022906 18 -8 0
0.032241 18 10 0
0.000093 18 -10 0
0.006693 18 12 0
-0.006584 18 -12 0
-0.006684 18 14 0
0.002807 18 -14 0
0.001170 18 16 0
0.013470 18 -16 0
0.009485 18 18 0
0.000851 18 -18 0
-0.012627 19 1 0
0.018043 19 -1 0
-0.002982 19 3 0
-0.008275 19 -3 0
0.022903 19 5 0
-0.019951 19 -5 0
-0.007963 19 7 0
-0.005992 19 -7 0
-0.014118 19 9 0
0.005103 19 -9 0
0.010401 19 11 0
