0.103624 1 1 0
-0.150268 1 -1 0
-0.305134 2 0 0
0.063177 2 2 0
-0.015186 2 -2 0
-0.069940 3 1 0
0.071254 3 -1 0
0.014648 3 3 0
-0.010443 3 -3 0
0.381628 4 0 0
-0.003588 4 2 0
0.004970 4 -2 0
-0.001748 4 4 0
0.010302 4 -4 0
0.106591 5 1 0
-0.090248 5 -1 0
-0.010798 5 3 0
-0.003069 5 -3 0
-0.004911 5 5 0
-0.005737 5 -5 0
-0.421418 6 0 0
-0.011868 6 2 0
-0.001466 6 -2 0
-0.002256 6 4 0
-0.006426 6 -4 0
0.015238 6 6 0
0.003354 6 -6 0
-0.129624 7 1 0
0.137327 7 -1 0
-0.000866 7 3 0
0.011072 7 -3 0
-0.003511 7 5 0
0.002441 7 -5 0
-0.011264 7 7 0
-0.003640 7 -7 0
0.338456 8 0 0
0.021897 8 2 0
0.004769 8 -2 0
0.000752 8 4 0
-0.003539 8 -4 0
0.004853 8 6 0
0.000584 8 -6 0
0.006736 8 8 0
0.008863 8 -8 0
0.100900 9 1 0
-0.102037 9 -1 0
-0.006430 9 3 0
-0.000539 9 -3 0
-0.001398 9 5 0
0.001721 9 -5 0
0.004325 9 7 0
-0.010062 9 -7 0
0.004982 9 9 0
-0.007355 9 -9 0
-0.247109 10 0 0
-0.018063 10 2 0
-0.004584 10 -2 0
0.000928 10 4 0
0.027938 10 -4 0
0.012823 10 6 0
0.006261 10 -6 0
0.006176 10 8 0
0.009924 10 -8 0
0.000168 10 10 0
0.002794 10 -10 0
-0.092638 11 1 0
0.100398 11 -1 0
-0.010025 11 3 0
-0.002571 11 -3 0
0.002512 11 5 0
-0.007012 11 -5 0
-0.001648 11 7 0
-0.005040 11 -7 0
0.013411 11 9 0
-0.011074 11 -9 0
0.009497 11 11 0
-0.005386 11 -11 0
0.139965 12 0 0
0.018432 12 2 0
0.004251 12 -2 0
-0.002857 12 4 0
-0.030593 12 -4 0
0.003650 12 6 0
-0.001154 12 -6 0
0.005723 12 8 0
0.003470 12 -8 0
-0.003021 12 10 0
0.001048 12 -10 0
-0.000047 12 12 0
-0.011534 12 -12 0
0.055000 13 1 0
-0.048593 13 -1 0
0.004610 13 3 0
0.012769 13 -3 0
-0.009091 13 5 0
0.009671 13 -5 0
-0.000081 13 7 0
-0.007215 13 -7 0
0.011771 13 9 0
-0.006680 13 -9 0
0.011466 13 11 0
-0.002001 13 -11 0
0.000982 13 13 0
0.000214 13 -13 0
-0.095671 14 0 0
-0.011810 14 2 0
-0.006320 14 -2 0
-0.000688 14 4 0
0.036730 14 -4 0
0.013561 14 6 0
0.004399 14 -6 0
0.005465 14 8 0
0.010307 14 -8 0
-0.001765 14 10 0
-0.000165 14 -10 0
-0.000323 14 12 0
-0.007874 14 -12 0
-0.002400 14 14 0
-0.003836 14 -14 0
-0.044914 15 1 0
0.049782 15 -1 0
-0.012603 15 3 0
-0.008924 15 -3 0
0.008382 15 5 0
-0.011039 15 -5 0
-0.001113 15 7 0
-0.005433 15 -7 0
0.009094 15 9 0
-0.003811 15 -9 0
0.009795 15 11 0
-0.002365 15 -11 0
-0.003189 15 13 0
0.000619 15 -13 0
-0.003002 15 15 0
0.005635 15 -15 0
0.042216 16 0 0
0.011385 16 2 0
0.001635 16 -2 0
-0.001871 16 4 0
-0.023787 16 -4 0
0.001686 16 6 0
-0.000003 16 -6 0
0.004020 16 8 0
0.002386 16 -8 0
-0.001841 16 10 0
0.003315 16 -10 0
0.000844 16 12 0
-0.002970 16 -12 0
0.000588 16 14 0
-0.004257 16 -14 0
-0.002915 16 16 0
-0.005448 16 -16 0
0.020697 17 1 0
-0.016638 17 -1 0
0.004752 17 3 0
0.011463 17 -3 0
-0.006302 17 5 0
0.007658 17 -5 0
0.000277 17 7 0
-0.001557 17 -7 0
0.005864 17 9 0
-0.005290 17 -9 0
0.006226 17 11 0
-0.000363 17 -11 0
0.000679 17 13 0
0.001609 17 -13 0
0.000420 17 15 0
0.003753 17 -15 0
-0.001216 17 17 0
0.007757 17 -17 0
-0.027673 18 0 0
-0.006339 18 2 0
-0.003162 18 -2 0
-0.003036 18 4 0
0.019906 18 -4 0
0.005039 18 6 0
0.001388 18 -6 0
0.004244 18 8 0
0.003514 18 -8 0
0.000218 18 10 0
0.001254 18 -10 0
-0.000365 18 12 0
-0.005650 18 -12 0
-0.000600 18 14 0
-0.001809 18 -14 0
0.002131 18 16 0
-0.005266 18 -16 0
0.002229 18 18 0
-0.000909 18 -18 0
-0.015181 19 1 0
0.020093 19 -1 0
-0.008905 19 3 0
-0.005061 19 -3 0
0.005909 19 5 0
-0.008574 19 -5 0
-0.003068 19 7 0
-0.006731 19 -7 0
0.007424 19 9 0
-0.001193 19 -9 0
0.002565 19 11 0
