0.110204 1 1 0
-0.215186 1 -1 0
-0.254587 2 0 0
-0.003040 2 2 0
-0.017821 2 -2 0
-0.063001 3 1 0
0.076415 3 -1 0
0.007172 3 3 0
0.016006 3 -3 0
0.386226 4 0 0
0.009504 4 2 0
0.010023 4 -2 0
-0.007226 4 4 0
0.009090 4 -4 0
0.101262 5 1 0
-0.082817 5 -1 0
-0.007814 5 3 0
-0.007998 5 -3 0
-0.004269 5 5 0
-0.003104 5 -5 0
-0.419509 6 0 0
-0.015010 6 2 0
-0.003804 6 -2 0
0.008080 6 4 0
0.001055 6 -4 0
0.007497 6 6 0
0.003737 6 -6 0
-0.132908 7 1 0
0.129294 7 -1 0
-0.000293 7 3 0
0.007624 7 -3 0
0.000131 7 5 0
-0.000761 7 -5 0
-0.002287 7 7 0
-0.004350 7 -7 0
0.339852 8 0 0
0.025590 8 2 0
0.004246 8 -2 0
-0.002525 8 4 0
-0.004777 8 -4 0
0.004820 8 6 0
-0.000353 8 -6 0
0.006200 8 8 0
0.002483 8 -8 0
0.105454 9 1 0
-0.096750 9 -1 0
-0.005423 9 3 0
-0.000158 9 -3 0
-0.003820 9 5 0
0.001682 9 -5 0
0.001473 9 7 0
-0.006340 9 -7 0
0.004064 9 9 0
-0.007609 9 -9 0
-0.248889 10 0 0
-0.015347 10 2 0
-0.005301 10 -2 0
0.004379 10 4 0
0.027520 10 -4 0
0.006879 10 6 0
0.005959 10 -6 0
0.011130 10 8 0
0.005309 10 -8 0
0.008842 10 10 0
0.004550 10 -10 0
-0.091045 11 1 0
0.099872 11 -1 0
-0.009585 11 3 0
-0.004474 11 -3 0
0.004843 11 5 0
-0.011754 11 -5 0
-0.000957 11 7 0
0.000044 11 -7 0
0.011602 11 9 0
-0.012768 11 -9 0
0.010268 11 11 0
-0.007013 11 -11 0
0.142630 12 0 0
0.020662 12 2 0
0.004121 12 -2 0
0.000048 12 4 0
-0.030313 12 -4 0
-0.000955 12 6 0
-0.001027 12 -6 0
0.007525 12 8 0
-0.001416 12 -8 0
0.000795 12 10 0
0.002564 12 -10 0
-0.000896 12 12 0
-0.007411 12 -12 0
0.054464 13 1 0
-0.045396 13 -1 0
0.005918 13 3 0
0.012406 13 -3 0
-0.007339 13 5 0
0.009124 13 -5 0
-0.000423 13 7 0
-0.004152 13 -7 0
0.011617 13 9 0
-0.006936 13 -9 0
0.012773 13 11 0
-0.003420 13 -11 0
0.001053 13 13 0
-0.000149 13 -13 0
-0.096171 14 0 0
-0.010597 14 2 0
-0.005717 14 -2 0
-0.000687 14 4 0
0.036077 14 -4 0
0.010209 14 6 0
0.003985 14 -6 0
0.007962 14 8 0
0.004519 14 -8 0
0.002123 14 10 0
0.002796 14 -10 0
0.000027 14 12 0
-0.005485 14 -12 0
-0.007243 14 14 0
-0.003742 14 -14 0
-0.042591 15 1 0
0.048669 15 -1 0
-0.013966 15 3 0
-0.010197 15 -3 0
0.008942 15 5 0
-0.012454 15 -5 0
-0.002361 15 7 0
-0.002542 15 -7 0
0.009506 15 9 0
-0.006775 15 -9 0
0.009797 15 11 0
-0.003248 15 -11 0
-0.002266 15 13 0
-0.000164 15 -13 0
-0.004585 15 15 0
0.007659 15 -15 0
0.043148 16 0 0
0.012248 16 2 0
0.003319 16 -2 0
-0.000793 16 4 0
-0.023653 16 -4 0
-0.001311 16 6 0
-0.000102 16 -6 0
0.005569 16 8 0
-0.001487 16 -8 0
-0.000068 16 10 0
0.003130 16 -10 0
-0.000473 16 12 0
-0.002116 16 -12 0
-0.001102 16 14 0
-0.004774 16 -14 0
-0.002946 16 16 0
-0.005600 16 -16 0
0.019733 17 1 0
-0.016612 17 -1 0
0.006903 17 3 0
0.012185 17 -3 0
-0.004967 17 5 0
0.006253 17 -5 0
0.001063 17 7 0
-0.000807 17 -7 0
0.005190 17 9 0
-0.006613 17 -9 0
0.007800 17 11 0
-0.000659 17 -11 0
0.001904 17 13 0
0.000072 17 -13 0
-0.000266 17 15 0
0.006637 17 -15 0
-0.002009 17 17 0
0.007816 17 -17 0
-0.027475 18 0 0
-0.005635 18 2 0
-0.002138 18 -2 0
-0.002022 18 4 0
0.019200 18 -4 0
0.004013 18 6 0
0.001869 18 -6 0
0.005991 18 8 0
0.002271 18 -8 0
0.001735 18 10 0
0.001746 18 -10 0
0.000177 18 12 0
-0.004090 18 -12 0
-0.002029 18 14 0
-0.001681 18 -14 0
0.000998 18 16 0
-0.006602 18 -16 0
-0.000122 18 18 0
-0.000665 18 -18 0
-0.014424 19 1 0
0.020118 19 -1 0
-0.008636 19 3 0
-0.005684 19 -3 0
0.004530 19 5 0
-0.008440 19 -5 0
-0.002508 19 7 0
-0.005197 19 -7 0
0.006911 19 9 0
-0.002540 19 -9 0
0.003769 19 11 0
