0.177927 1 1 0
-0.200477 1 -1 0
-0.303425 2 0 0
0.054287 2 2 0
0.023991 2 -2 0
-0.077338 3 1 0
0.087280 3 -1 0
0.010322 3 3 0
0.011637 3 -3 0
0.388629 4 0 0
-0.002612 4 2 0
-0.008886 4 -2 0
0.018270 4 4 0
-0.005930 4 -4 0
0.117317 5 1 0
-0.087888 5 -1 0
-0.015333 5 3 0
0.000663 5 -3 0
-0.011845 5 5 0
0.000291 5 -5 0
-0.421464 6 0 0
-0.010864 6 2 0
-0.001799 6 -2 0
-0.007314 6 4 0
0.004540 6 -4 0
0.010308 6 6 0
0.008894 6 -6 0
-0.142986 7 1 0
0.125612 7 -1 0
0.002448 7 3 0
0.002569 7 -3 0
0.001595 7 5 0
-0.001800 7 -5 0
-0.004562 7 7 0
-0.006557 7 -7 0
0.337644 8 0 0
0.024679 8 2 0
0.003848 8 -2 0
0.001908 8 4 0
-0.006767 8 -4 0
0.004097 8 6 0
0.000222 8 -6 0
0.003256 8 8 0
0.006564 8 -8 0
0.105817 9 1 0
-0.098513 9 -1 0
-0.009087 9 3 0
-0.000028 9 -3 0
-0.003830 9 5 0
0.004679 9 -5 0
0.001350 9 7 0
-0.004792 9 -7 0
0.003070 9 9 0
-0.009588 9 -9 0
-0.249455 10 0 0
-0.017252 10 2 0
-0.005569 10 -2 0
0.002061 10 4 0
0.029579 10 -4 0
0.007089 10 6 0
0.006381 10 -6 0
0.006681 10 8 0
0.009154 10 -8 0
0.000023 10 10 0
0.002164 10 -10 0
-0.092457 11 1 0
0.095422 11 -1 0
-0.010641 11 3 0
-0.002498 11 -3 0
0.005315 11 5 0
-0.012315 11 -5 0
-0.004488 11 7 0
-0.000449 11 -7 0
0.007168 11 9 0
-0.010138 11 -9 0
0.006704 11 11 0
-0.003400 11 -11 0
0.140550 12 0 0
0.020258 12 2 0
0.004840 12 -2 0
-0.003099 12 4 0
-0.031072 12 -4 0
-0.000098 12 6 0
-0.000242 12 -6 0
0.006253 12 8 0
0.002241 12 -8 0
-0.002324 12 10 0
0.001634 12 -10 0
0.000087 12 12 0
-0.010798 12 -12 0
0.053183 13 1 0
-0.046804 13 -1 0
0.003631 13 3 0
0.011351 13 -3 0
-0.009836 13 5 0
0.010112 13 -5 0
-0.002278 13 7 0
-0.005004 13 -7 0
0.006396 13 9 0
-0.007577 13 -9 0
0.008679 13 11 0
-0.000322 13 -11 0
0.001497 13 13 0
0.001318 13 -13 0
-0.096400 14 0 0
-0.010739 14 2 0
-0.005755 14 -2 0
0.000216 14 4 0
0.035383 14 -4 0
0.010018 14 6 0
0.004569 14 -6 0
0.006572 14 8 0
0.007503 14 -8 0
-0.003333 14 10 0
0.002441 14 -10 0
0.002196 14 12 0
-0.008928 14 -12 0
-0.002296 14 14 0
-0.003639 14 -14 0
-0.042850 15 1 0
0.046541 15 -1 0
-0.014396 15 3 0
-0.009320 15 -3 0
0.009908 15 5 0
-0.011499 15 -5 0
-0.002694 15 7 0
-0.002731 15 -7 0
0.005757 15 9 0
-0.005508 15 -9 0
0.005421 15 11 0
-0.000159 15 -11 0
-0.003271 15 13 0
0.000374 15 -13 0
-0.003519 15 15 0
0.004955 15 -15 0
0.042438 16 0 0
0.012464 16 2 0
0.001126 16 -2 0
-0.001145 16 4 0
-0.023963 16 -4 0
0.001652 16 6 0
0.001279 16 -6 0
0.003737 16 8 0
0.001929 16 -8 0
-0.002706 16 10 0
0.002787 16 -10 0
0.001111 16 12 0
-0.002615 16 -12 0
-0.000751 16 14 0
-0.002196 16 -14 0
-0.000052 16 16 0
-0.003951 16 -16 0
0.018466 17 1 0
-0.017631 17 -1 0
0.005152 17 3 0
0.012296 17 -3 0
-0.006731 17 5 0
0.007142 17 -5 0
-0.000297 17 7 0
-0.001062 17 -7 0
0.003745 17 9 0
-0.005152 17 -9 0
0.004042 17 11 0
0.001429 17 -11 0
-0.000153 17 13 0
0.000723 17 -13 0
0.000329 17 15 0
0.002894 17 -15 0
0.000199 17 17 0
0.002879 17 -17 0
-0.027912 18 0 0
-0.004593 18 2 0
-0.002159 18 -2 0
-0.001463 18 4 0
0.017824 18 -4 0
0.002602 18 6 0
0.003252 18 -6 0
0.005880 18 8 0
0.002984 18 -8 0
0.000661 18 10 0
0.001631 18 -10 0
0.001245 18 12 0
-0.006841 18 -12 0
-0.002529 18 14 0
-0.000306 18 -14 0
0.002854 18 16 0
-0.004851 18 -16 0
0.000729 18 18 0
0.001052 18 -18 0
-0.013843 19 1 0
0.019772 19 -1 0
-0.008843 19 3 0
-0.005137 19 -3 0
0.006223 19 5 0
-0.007793 19 -5 0
-0.003620 19 7 0
-0.006194 19 -7 0
0.006306 19 9 0
-0.003069 19 -9 0
0.002192 19 11 0
