-0.006575 1 1 0
0.047927 1 -1 0
-0.128628 2 0 0
0.007552 2 2 0
0.042494 2 -2 0
-0.010913 3 1 0
-0.185396 3 -1 0
0.003184 3 3 0
0.012475 3 -3 0
0.126898 4 0 0
-0.031051 4 2 0
-0.109359 4 -2 0
-0.005049 4 4 0
-0.018464 4 -4 0
0.038774 5 1 0
0.273739 5 -1 0
-0.021360 5 3 0
-0.032775 5 -3 0
-0.005929 5 5 0
0.008571 5 -5 0
-0.055731 6 0 0
0.056023 6 2 0
0.162390 6 -2 0
-0.013967 6 4 0
-0.010333 6 -4 0
-0.000738 6 6 0
0.001907 6 -6 0
-0.025175 7 1 0
-0.226376 7 -1 0
0.036310 7 3 0
0.087382 7 -3 0
-0.004407 7 5 0
-0.013887 7 -5 0
0.005906 7 7 0
0.002777 7 -7 0
-0.006894 8 0 0
-0.069671 8 2 0
-0.166899 8 -2 0
0.022585 8 4 0
0.020171 8 -4 0
0.005453 8 6 0
0.008965 8 -6 0
-0.001342 8 8 0
0.011921 8 -8 0
0.023740 9 1 0
0.140015 9 -1 0
-0.038694 9 3 0
-0.081956 9 -3 0
0.002250 9 5 0
0.001127 9 -5 0
0.005073 9 7 0
-0.003622 9 -7 0
0.001941 9 9 0
0.001149 9 -9 0
0.037955 10 0 0
0.047125 10 2 0
0.114499 10 -2 0
-0.028302 10 4 0
-0.037898 10 -4 0
0.002464 10 6 0
-0.001756 10 -6 0
0.003238 10 8 0
0.015984 10 -8 0
0.001249 10 10 0
-0.001465 10 -10 0
0.003004 11 1 0
-0.048789 11 -1 0
0.039648 11 3 0
0.081379 11 -3 0
-0.012156 11 5 0
-0.010201 11 -5 0
0.002568 11 7 0
-0.006268 11 -7 0
0.003041 11 9 0
0.005774 11 -9 0
-0.001547 11 11 0
0.000957 11 -11 0
-0.032085 12 0 0
-0.035676 12 2 0
-0.063365 12 -2 0
0.024309 12 4 0
0.035820 12 -4 0
0.004160 12 6 0
0.011531 12 -6 0
-0.001834 12 8 0
0.009547 12 -8 0
0.004291 12 10 0
0.004018 12 -10 0
0.006569 12 12 0
0.003817 12 -12 0
-0.003367 13 1 0
0.017503 13 -1 0
-0.027667 13 3 0
-0.040013 13 -3 0
0.007788 13 5 0
0.009745 13 -5 0
0.004875 13 7 0
0.007108 13 -7 0
-0.001708 13 9 0
0.002995 13 -9 0
-0.002444 13 11 0
0.001342 13 -11 0
-0.003925 13 13 0
0.003017 13 -13 0
0.026390 14 0 0
0.010341 14 2 0
0.024629 14 -2 0
-0.023339 14 4 0
-0.032583 14 -4 0
0.004602 14 6 0
0.000808 14 -6 0
0.006300 14 8 0
0.016253 14 -8 0
0.001088 14 10 0
0.002055 14 -10 0
0.007197 14 12 0
0.004870 14 -12 0
0.004400 14 14 0
0.006963 14 -14 0
0.014075 15 1 0
0.013285 15 -1 0
0.018407 15 3 0
0.032372 15 -3 0
-0.014208 15 5 0
-0.016300 15 -5 0
0.001816 15 7 0
-0.005322 15 -7 0
0.000440 15 9 0
0.005787 15 -9 0
-0.002042 15 11 0
0.001318 15 -11 0
-0.002750 15 13 0
0.003374 15 -13 0
-0.002210 15 15 0
0.002177 15 -15 0
-0.010682 16 0 0
-0.005543 16 2 0
-0.006502 16 -2 0
0.013692 16 4 0
0.018929 16 -4 0
-0.001586 16 6 0
0.002204 16 -6 0
-0.004347 16 8 0
0.003993 16 -8 0
0.004280 16 10 0
0.001035 16 -10 0
0.004164 16 12 0
0.001387 16 -12 0
0.002641 16 14 0
0.004576 16 -14 0
0.002863 16 16 0
0.008861 16 -16 0
-0.005258 17 1 0
-0.006485 17 -1 0
-0.007138 17 3 0
-0.005072 17 -3 0
0.008457 17 5 0
0.009387 17 -5 0
0.001638 17 7 0
0.001377 17 -7 0
-0.001319 17 9 0
0.002073 17 -9 0
0.000202 17 11 0
0.000752 17 -11 0
-0.002586 17 13 0
0.002590 17 -13 0
-0.002186 17 15 0
-0.001168 17 -15 0
0.002191 17 17 0
0.002140 17 -17 0
0.006655 18 0 0
-0.002859 18 2 0
-0.000862 18 -2 0
-0.008498 18 4 0
-0.010698 18 -4 0
0.005283 18 6 0
0.002596 18 -6 0
0.003208 18 8 0
0.007164 18 -8 0
-0.000698 18 10 0
-0.000669 18 -10 0
0.003181 18 12 0
0.000886 18 -12 0
0.001995 18 14 0
0.002953 18 -14 0
-0.000148 18 16 0
0.005148 18 -16 0
-0.002049 18 18 0
0.001285 18 -18 0
0.006569 19 1 0
0.008838 19 -1 0
0.002155 19 3 0
0.002145 19 -3 0
-0.007411 19 5 0
-0.010560 19 -5 0
0.004882 19 7 0
-0.002283 19 -7 0
0.001175 19 9 0
0.002580 19 -9 0
-0.001291 19 11 0
