0.256722 1 1 0
-0.223377 1 -1 0
0.156274 2 0 0
0.089465 2 2 0
0.020006 2 -2 0
-0.303621 3 1 0
0.273580 3 -1 0
-0.002507 3 3 0
0.020240 3 -3 0
-0.070013 4 0 0
-0.284596 4 2 0
-0.021070 4 -2 0
0.008080 4 4 0
0.005084 4 -4 0
0.301977 5 1 0
-0.270992 5 -1 0
-0.119006 5 3 0
-0.116940 5 -3 0
0.013579 5 5 0
-0.016694 5 -5 0
-0.053497 6 0 0
0.358865 6 2 0
0.007132 6 -2 0
0.003705 6 4 0
-0.100788 6 -4 0
0.016376 6 6 0
0.003112 6 -6 0
-0.158053 7 1 0
0.157535 7 -1 0
0.156070 7 3 0
0.181483 7 -3 0
0.027073 7 5 0
-0.036000 7 -5 0
-0.000801 7 7 0
0.005420 7 -7 0
0.108069 8 0 0
-0.308360 8 2 0
-0.005517 8 -2 0
-0.001029 8 4 0
0.130174 8 -4 0
0.022372 8 6 0
0.004669 8 -6 0
-0.005288 8 8 0
-0.003503 8 -8 0
0.002703 9 1 0
-0.004742 9 -1 0
-0.168491 9 3 0
-0.163751 9 -3 0
-0.050716 9 5 0
0.041891 9 -5 0
0.018645 9 7 0
0.006769 9 -7 0
-0.007513 9 9 0
-0.003458 9 -9 0
-0.064885 10 0 0
0.156726 10 2 0
0.001362 10 -2 0
0.008001 10 4 0
-0.134498 10 -4 0
-0.043819 10 6 0
0.003559 10 -6 0
0.001950 10 8 0
0.017894 10 -8 0
0.018598 10 10 0
0.008873 10 -10 0
0.053106 11 1 0
-0.048926 11 -1 0
0.110850 11 3 0
0.126915 11 -3 0
0.047009 11 5 0
-0.052430 11 -5 0
-0.015890 11 7 0
-0.023119 11 -7 0
-0.016407 11 9 0
0.005024 11 -9 0
0.000448 11 11 0
-0.008952 11 -11 0
0.016803 12 0 0
-0.046858 12 2 0
0.001611 12 -2 0
-0.001621 12 4 0
0.101298 12 -4 0
0.032854 12 6 0
0.004554 12 -6 0
0.001935 12 8 0
-0.024760 12 -8 0
0.002792 12 10 0
0.005786 12 -10 0
-0.002285 12 12 0
0.003369 12 -12 0
-0.047161 13 1 0
0.053070 13 -1 0
-0.070792 13 3 0
-0.058710 13 -3 0
-0.039925 13 5 0
0.033817 13 -5 0
0.019793 13 7 0
0.017188 13 -7 0
0.007441 13 9 0
-0.015034 13 -9 0
-0.001303 13 11 0
-0.010593 13 -11 0
0.005774 13 13 0
0.005482 13 -13 0
0.016665 14 0 0
-0.015794 14 2 0
-0.000340 14 -2 0
0.003002 14 4 0
-0.076314 14 -4 0
-0.029741 14 6 0
0.001204 14 -6 0
-0.000056 14 8 0
0.027630 14 -8 0
0.020480 14 10 0
0.005922 14 -10 0
0.001431 14 12 0
-0.002932 14 -12 0
-0.005072 14 14 0
-0.000807 14 -14 0
0.013325 15 1 0
-0.014273 15 -1 0
0.017427 15 3 0
0.030505 15 -3 0
0.033142 15 5 0
-0.030317 15 -5 0
-0.011584 15 7 0
-0.017161 15 -7 0
-0.020083 15 9 0
0.012188 15 -9 0
0.004382 15 11 0
-0.001443 15 -11 0
0.006193 15 13 0
0.000516 15 -13 0
-0.000179 15 15 0
-0.000843 15 -15 0
-0.014243 16 0 0
0.018321 16 2 0
0.000112 16 -2 0
-0.003258 16 4 0
0.035376 16 -4 0
0.018711 16 6 0
0.001604 16 -6 0
0.004156 16 8 0
-0.016849 16 -8 0
-0.006369 16 10 0
0.003802 16 -10 0
-0.002642 16 12 0
0.002350 16 -12 0
0.003601 16 14 0
0.001358 16 -14 0
0.004322 16 16 0
0.002313 16 -16 0
-0.000005 17 1 0
0.003439 17 -1 0
-0.007397 17 3 0
-0.000092 17 -3 0
-0.019937 17 5 0
0.014247 17 -5 0
0.010682 17 7 0
0.009035 17 -7 0
0.008966 17 9 0
-0.013286 17 -9 0
-0.005148 17 11 0
-0.007037 17 -11 0
0.002651 17 13 0
0.002882 17 -13 0
0.003121 17 15 0
0.000675 17 -15 0
-0.000706 17 17 0
0.002007 17 -17 0
0.010906 18 0 0
-0.013202 18 2 0
0.000944 18 -2 0
0.003415 18 4 0
-0.017038 18 -4 0
-0.016155 18 6 0
-0.002380 18 -6 0
0.001436 18 8 0
0.010301 18 -8 0
0.019111 18 10 0
0.004531 18 -10 0
-0.000519 18 12 0
-0.004760 18 -12 0
-0.003754 18 14 0
-0.000853 18 -14 0
0.005833 18 16 0
0.002664 18 -16 0
0.004132 18 18 0
0.003307 18 -18 0
-0.006732 19 1 0
0.007351 19 -1 0
-0.004416 19 3 0
-0.000138 19 -3 0
0.014952 19 5 0
-0.010877 19 -5 0
-0.005328 19 7 0
-0.006677 19 -7 0
-0.008270 19 9 0
0.003346 19 -9 0
0.003307 19 11 0
