0.084648 1 1 0
-0.255103 1 -1 0
0.139689 2 0 0
0.088121 2 2 0
-0.009842 2 -2 0
-0.264147 3 1 0
0.293831 3 -1 0
0.015216 3 3 0
0.024107 3 -3 0
-0.058091 4 0 0
-0.294527 4 2 0
0.008488 4 -2 0
0.007887 4 4 0
0.003296 4 -4 0
0.291911 5 1 0
-0.266621 5 -1 0
-0.123756 5 3 0
-0.113342 5 -3 0
-0.000470 5 5 0
-0.015005 5 -5 0
-0.055062 6 0 0
0.355320 6 2 0
0.007456 6 -2 0
-0.006422 6 4 0
-0.098853 6 -4 0
0.020974 6 6 0
0.006954 6 -6 0
-0.155254 7 1 0
0.151871 7 -1 0
0.157280 7 3 0
0.173164 7 -3 0
0.040430 7 5 0
-0.037605 7 -5 0
0.005352 7 7 0
0.012985 7 -7 0
0.114812 8 0 0
-0.307616 8 2 0
-0.006093 8 -2 0
0.005030 8 4 0
0.129349 8 -4 0
0.021958 8 6 0
0.001615 8 -6 0
0.000631 8 8 0
0.000853 8 -8 0
0.004154 9 1 0
0.000342 9 -1 0
-0.165234 9 3 0
-0.162839 9 -3 0
-0.047055 9 5 0
0.039990 9 -5 0
0.019321 9 7 0
0.004131 9 -7 0
0.000235 9 9 0
-0.000638 9 -9 0
-0.060612 10 0 0
0.153498 10 2 0
0.006271 10 -2 0
0.001950 10 4 0
-0.135903 10 -4 0
-0.039723 10 6 0
-0.001189 10 -6 0
0.006676 10 8 0
0.017663 10 -8 0
0.022471 10 10 0
0.007121 10 -10 0
0.052237 11 1 0
-0.047742 11 -1 0
0.108522 11 3 0
0.120557 11 -3 0
0.052106 11 5 0
-0.051332 11 -5 0
-0.014541 11 7 0
-0.022196 11 -7 0
-0.010160 11 9 0
0.005460 11 -9 0
-0.000120 11 11 0
-0.004517 11 -11 0
0.022253 12 0 0
-0.050178 12 2 0
-0.000799 12 -2 0
-0.001594 12 4 0
0.098348 12 -4 0
0.033564 12 6 0
0.000278 12 -6 0
0.005398 12 8 0
-0.022247 12 -8 0
0.003940 12 10 0
0.002388 12 -10 0
-0.003458 12 12 0
-0.000142 12 -12 0
-0.045723 13 1 0
0.054993 13 -1 0
-0.069020 13 3 0
-0.060116 13 -3 0
-0.034302 13 5 0
0.033000 13 -5 0
0.022720 13 7 0
0.016672 13 -7 0
0.012216 13 9 0
-0.014664 13 -9 0
-0.003097 13 11 0
-0.012268 13 -11 0
0.005238 13 13 0
0.003992 13 -13 0
0.019213 14 0 0
-0.017610 14 2 0
0.000544 14 -2 0
0.002319 14 4 0
-0.076298 14 -4 0
-0.028508 14 6 0
-0.000699 14 -6 0
0.004718 14 8 0
0.028450 14 -8 0
0.022087 14 10 0
0.003738 14 -10 0
-0.002610 14 12 0
-0.004966 14 -12 0
-0.007442 14 14 0
-0.002448 14 -14 0
0.009658 15 1 0
-0.012511 15 -1 0
0.018506 15 3 0
0.026871 15 -3 0
0.035114 15 5 0
-0.031355 15 -5 0
-0.013262 15 7 0
-0.017640 15 -7 0
-0.016892 15 9 0
0.012337 15 -9 0
0.003357 15 11 0
-0.000156 15 -11 0
0.006443 15 13 0
-0.002572 15 -13 0
-0.003666 15 15 0
-0.001534 15 -15 0
-0.012151 16 0 0
0.014877 16 2 0
-0.000042 16 -2 0
-0.004067 16 4 0
0.034343 16 -4 0
0.020008 16 6 0
-0.000273 16 -6 0
0.005817 16 8 0
-0.014352 16 -8 0
-0.004643 16 10 0
0.003209 16 -10 0
-0.002652 16 12 0
-0.000188 16 -12 0
-0.000057 16 14 0
-0.001875 16 -14 0
-0.002305 16 16 0
0.003218 16 -16 0
0.001540 17 1 0
0.005058 17 -1 0
-0.007610 17 3 0
-0.002830 17 -3 0
-0.018790 17 5 0
0.015052 17 -5 0
0.014600 17 7 0
0.008986 17 -7 0
0.009644 17 9 0
-0.011173 17 -9 0
-0.005954 17 11 0
-0.008422 17 -11 0
0.002248 17 13 0
0.001271 17 -13 0
0.003338 17 15 0
-0.000225 17 -15 0
-0.003832 17 17 0
0.000290 17 -17 0
0.013097 18 0 0
-0.013893 18 2 0
0.000716 18 -2 0
0.002765 18 4 0
-0.019332 18 -4 0
-0.014920 18 6 0
-0.002646 18 -6 0
0.003449 18 8 0
0.011667 18 -8 0
0.019692 18 10 0
0.003196 18 -10 0
-0.000545 18 12 0
-0.006291 18 -12 0
-0.004850 18 14 0
-0.001754 18 -14 0
0.000954 18 16 0
0.000764 18 -16 0
0.002176 18 18 0
-0.000195 18 -18 0
-0.007417 19 1 0
0.007658 19 -1 0
-0.003390 19 3 0
-0.001401 19 -3 0
0.016453 19 5 0
-0.010824 19 -5 0
-0.006523 19 7 0
-0.007690 19 -7 0
-0.006907 19 9 0
0.003704 19 -9 0
0.002046 19 11 0
