0.146292 1 1 0
-0.230405 1 -1 0
0.167836 2 0 0
0.075380 2 2 0
0.029626 2 -2 0
-0.275231 3 1 0
0.294989 3 -1 0
-0.007042 3 3 0
-0.000717 3 -3 0
-0.074193 4 0 0
-0.280745 4 2 0
-0.016649 4 -2 0
0.011061 4 4 0
0.014915 4 -4 0
0.293604 5 1 0
-0.276515 5 -1 0
-0.120155 5 3 0
-0.118262 5 -3 0
0.009839 5 5 0
-0.017287 5 -5 0
-0.046924 6 0 0
0.352767 6 2 0
0.008620 6 -2 0
0.002795 6 4 0
-0.107766 6 -4 0
0.019736 6 6 0
0.001636 6 -6 0
-0.158518 7 1 0
0.156930 7 -1 0
0.160354 7 3 0
0.183181 7 -3 0
0.032604 7 5 0
-0.034160 7 -5 0
0.003802 7 7 0
0.003097 7 -7 0
0.111084 8 0 0
-0.309546 8 2 0
-0.001138 8 -2 0
-0.005500 8 4 0
0.130248 8 -4 0
0.022805 8 6 0
-0.000386 8 -6 0
-0.002072 8 8 0
0.000195 8 -8 0
0.001644 9 1 0
-0.002454 9 -1 0
-0.168617 9 3 0
-0.167166 9 -3 0
-0.048616 9 5 0
0.041268 9 -5 0
0.018363 9 7 0
0.005906 9 -7 0
-0.003674 9 9 0
-0.003075 9 -9 0
-0.063869 10 0 0
0.154960 10 2 0
0.002321 10 -2 0
0.006364 10 4 0
-0.136037 10 -4 0
-0.039879 10 6 0
-0.001887 10 -6 0
0.007324 10 8 0
0.017128 10 -8 0
0.020545 10 10 0
0.009290 10 -10 0
0.051095 11 1 0
-0.047552 11 -1 0
0.110349 11 3 0
0.123535 11 -3 0
0.049699 11 5 0
-0.052638 11 -5 0
-0.013803 11 7 0
-0.022905 11 -7 0
-0.011603 11 9 0
0.008139 11 -9 0
0.001310 11 11 0
-0.005710 11 -11 0
0.020965 12 0 0
-0.049839 12 2 0
0.001835 12 -2 0
-0.002593 12 4 0
0.100117 12 -4 0
0.033986 12 6 0
-0.001163 12 -6 0
0.005992 12 8 0
-0.022355 12 -8 0
0.006410 12 10 0
0.004580 12 -10 0
-0.000800 12 12 0
0.003826 12 -12 0
-0.047998 13 1 0
0.054339 13 -1 0
-0.069633 13 3 0
-0.059931 13 -3 0
-0.037807 13 5 0
0.035068 13 -5 0
0.023439 13 7 0
0.016393 13 -7 0
0.011805 13 9 0
-0.011030 13 -9 0
0.001853 13 11 0
-0.010675 13 -11 0
0.003654 13 13 0
0.005799 13 -13 0
0.017543 14 0 0
-0.016287 14 2 0
-0.001032 14 -2 0
-0.000201 14 4 0
-0.075630 14 -4 0
-0.027529 14 6 0
-0.003656 14 -6 0
0.003901 14 8 0
0.030061 14 -8 0
0.023606 14 10 0
0.005746 14 -10 0
0.001692 14 12 0
-0.003141 14 -12 0
-0.004962 14 14 0
-0.003533 14 -14 0
0.011087 15 1 0
-0.013806 15 -1 0
0.020935 15 3 0
0.027854 15 -3 0
0.032567 15 5 0
-0.030743 15 -5 0
-0.010857 15 7 0
-0.017498 15 -7 0
-0.018694 15 9 0
0.012587 15 -9 0
0.007288 15 11 0
-0.000800 15 -11 0
0.005316 15 13 0
0.001190 15 -13 0
-0.003742 15 15 0
-0.001405 15 -15 0
-0.011897 16 0 0
0.014395 16 2 0
0.001042 16 -2 0
-0.002579 16 4 0
0.034803 16 -4 0
0.021026 16 6 0
-0.001889 16 -6 0
0.005607 16 8 0
-0.015399 16 -8 0
-0.004596 16 10 0
0.003811 16 -10 0
-0.002477 16 12 0
0.001870 16 -12 0
0.004428 16 14 0
-0.002252 16 -14 0
-0.000955 16 16 0
0.004009 16 -16 0
-0.001849 17 1 0
0.004693 17 -1 0
-0.007333 17 3 0
-0.003034 17 -3 0
-0.018774 17 5 0
0.015862 17 -5 0
0.014769 17 7 0
0.007482 17 -7 0
0.010697 17 9 0
-0.011794 17 -9 0
-0.003340 17 11 0
-0.007306 17 -11 0
0.003422 17 13 0
0.002441 17 -13 0
0.002321 17 15 0
0.000341 17 -15 0
-0.001846 17 17 0
0.003030 17 -17 0
0.011204 18 0 0
-0.013226 18 2 0
0.000750 18 -2 0
0.001603 18 4 0
-0.019090 18 -4 0
-0.013385 18 6 0
-0.004040 18 -6 0
0.001686 18 8 0
0.011889 18 -8 0
0.019858 18 10 0
0.005104 18 -10 0
0.000326 18 12 0
-0.004484 18 -12 0
-0.002496 18 14 0
-0.003064 18 -14 0
0.001643 18 16 0
0.003382 18 -16 0
0.004295 18 18 0
-0.000457 18 -18 0
-0.008937 19 1 0
0.007684 19 -1 0
-0.002408 19 3 0
-0.000287 19 -3 0
0.015575 19 5 0
-0.010933 19 -5 0
-0.005440 19 7 0
-0.006498 19 -7 0
-0.007219 19 9 0
0.003193 19 -9 0
0.003890 19 11 0
