0.120058 1 1 0
-0.229029 1 -1 0
-0.213314 2 0 0
0.033664 2 2 0
-0.015460 2 -2 0
-0.049530 3 1 0
0.070211 3 -1 0
0.022919 3 3 0
-0.021403 3 -3 0
0.292715 4 0 0
0.001679 4 2 0
0.011350 4 -2 0
-0.006120 4 4 0
0.003278 4 -4 0
0.086321 5 1 0
-0.068442 5 -1 0
-0.013170 5 3 0
0.009111 5 -3 0
0.004494 5 5 0
-0.003769 5 -5 0
-0.318943 6 0 0
-0.003368 6 2 0
-0.006388 6 -2 0
-0.000184 6 4 0
0.001309 6 -4 0
0.013158 6 6 0
0.005481 6 -6 0
-0.111889 7 1 0
0.094873 7 -1 0
0.003508 7 3 0
0.000931 7 -3 0
-0.003216 7 5 0
0.001114 7 -5 0
-0.002994 7 7 0
-0.004438 7 -7 0
0.256127 8 0 0
0.018368 8 2 0
0.004097 8 -2 0
0.002893 8 4 0
-0.003028 8 -4 0
0.004915 8 6 0
0.002818 8 -6 0
0.004227 8 8 0
0.003711 8 -8 0
0.083435 9 1 0
-0.070026 9 -1 0
-0.005768 9 3 0
-0.000109 9 -3 0
0.000538 9 5 0
0.003620 9 -5 0
0.003274 9 7 0
-0.002543 9 -7 0
0.000876 9 9 0
-0.003496 9 -9 0
-0.189343 10 0 0
-0.007955 10 2 0
-0.003143 10 -2 0
0.001312 10 4 0
0.022762 10 -4 0
0.004908 10 6 0
0.002733 10 -6 0
0.007550 10 8 0
0.006118 10 -8 0
0.004027 10 10 0
0.004344 10 -10 0
-0.072100 11 1 0
0.071835 11 -1 0
-0.005938 11 3 0
-0.001982 11 -3 0
0.002977 11 5 0
-0.007254 11 -5 0
-0.001548 11 7 0
0.000492 11 -7 0
0.006331 11 9 0
-0.005615 11 -9 0
0.004329 11 11 0
-0.004606 11 -11 0
0.105671 12 0 0
0.015912 12 2 0
0.001237 12 -2 0
0.001034 12 4 0
-0.023089 12 -4 0
0.001393 12 6 0
-0.000630 12 -6 0
0.005197 12 8 0
0.000752 12 -8 0
-0.000127 12 10 0
0.002081 12 -10 0
-0.002335 12 12 0
-0.004587 12 -12 0
0.039498 13 1 0
-0.032721 13 -1 0
0.003510 13 3 0
0.008593 13 -3 0
-0.006861 13 5 0
0.008585 13 -5 0
-0.000642 13 7 0
-0.003646 13 -7 0
0.005389 13 9 0
-0.004620 13 -9 0
0.006909 13 11 0
-0.001713 13 -11 0
-0.000768 13 13 0
0.001890 13 -13 0
-0.073184 14 0 0
-0.005592 14 2 0
-0.005316 14 -2 0
-0.000920 14 4 0
0.028643 14 -4 0
0.008955 14 6 0
0.001759 14 -6 0
0.005892 14 8 0
0.005126 14 -8 0
-0.000291 14 10 0
0.001846 14 -10 0
-0.002772 14 12 0
-0.003714 14 -12 0
-0.006740 14 14 0
-0.003005 14 -14 0
-0.032625 15 1 0
0.034031 15 -1 0
-0.010421 15 3 0
-0.006240 15 -3 0
0.006919 15 5 0
-0.006365 15 -5 0
-0.000098 15 7 0
-0.000816 15 -7 0
0.003059 15 9 0
-0.001382 15 -9 0
0.005206 15 11 0
-0.001218 15 -11 0
-0.004325 15 13 0
0.004371 15 -13 0
-0.006147 15 15 0
0.004204 15 -15 0
0.032459 16 0 0
0.010851 16 2 0
0.001559 16 -2 0
-0.000363 16 4 0
-0.017741 16 -4 0
0.000033 16 6 0
-0.000404 16 -6 0
0.003301 16 8 0
0.001439 16 -8 0
0.000311 16 10 0
0.001367 16 -10 0
-0.002198 16 12 0
-0.000308 16 -12 0
-0.001909 16 14 0
-0.002931 16 -14 0
-0.003099 16 16 0
-0.001225 16 -16 0
0.013209 17 1 0
-0.011378 17 -1 0
0.005920 17 3 0
0.009714 17 -3 0
-0.004975 17 5 0
0.006536 17 -5 0
0.000508 17 7 0
-0.000456 17 -7 0
0.002048 17 9 0
-0.003877 17 -9 0
0.003395 17 11 0
0.000152 17 -11 0
-0.000173 17 13 0
0.001585 17 -13 0
-0.001835 17 15 0
0.002154 17 -15 0
-0.001677 17 17 0
0.002742 17 -17 0
-0.020732 18 0 0
-0.002639 18 2 0
-0.001109 18 -2 0
0.000146 18 4 0
0.015378 18 -4 0
0.003130 18 6 0
0.001390 18 -6 0
0.004918 18 8 0
0.001971 18 -8 0
0.000082 18 10 0
0.001219 18 -10 0
-0.001799 18 12 0
-0.004014 18 -12 0
-0.003534 18 14 0
-0.000355 18 -14 0
0.001935 18 16 0
-0.003128 18 -16 0
0.001735 18 18 0
-0.000291 18 -18 0
-0.010139 19 1 0
0.013919 19 -1 0
-0.006456 19 3 0
-0.003103 19 -3 0
0.003501 19 5 0
-0.005581 19 -5 0
-0.002937 19 7 0
-0.005168 19 -7 0
0.005054 19 9 0
-0.000744 19 -9 0
0.001135 19 11 0
