0.045429 1 1 0
-0.199210 1 -1 0
-0.247829 2 0 0
0.052165 2 2 0
0.031109 2 -2 0
-0.037077 3 1 0
0.068250 3 -1 0
0.010790 3 3 0
-0.002503 3 -3 0
0.292867 4 0 0
0.005963 4 2 0
-0.006819 4 -2 0
-0.002920 4 4 0
0.015180 4 -4 0
0.086939 5 1 0
-0.064021 5 -1 0
-0.014102 5 3 0
0.011678 5 -3 0
-0.010198 5 5 0
-0.000895 5 -5 0
-0.317170 6 0 0
-0.010712 6 2 0
-0.004586 6 -2 0
0.005518 6 4 0
-0.008763 6 -4 0
0.016262 6 6 0
0.008566 6 -6 0
-0.102352 7 1 0
0.096921 7 -1 0
0.002213 7 3 0
0.001478 7 -3 0
-0.007481 7 5 0
-0.005039 7 -5 0
-0.005364 7 7 0
-0.004444 7 -7 0
0.259182 8 0 0
0.017863 8 2 0
-0.000052 8 -2 0
0.006404 8 4 0
-0.000818 8 -4 0
0.004494 8 6 0
0.002430 8 -6 0
0.005642 8 8 0
0.008170 8 -8 0
0.082082 9 1 0
-0.072879 9 -1 0
-0.007219 9 3 0
0.001906 9 -3 0
-0.000279 9 5 0
0.003109 9 -5 0
0.004201 9 7 0
-0.008653 9 -7 0
0.006186 9 9 0
-0.004463 9 -9 0
-0.188356 10 0 0
-0.010237 10 2 0
-0.003883 10 -2 0
0.002736 10 4 0
0.019257 10 -4 0
0.007799 10 6 0
0.006125 10 -6 0
0.005838 10 8 0
0.006773 10 -8 0
0.004233 10 10 0
0.002006 10 -10 0
-0.069080 11 1 0
0.070951 11 -1 0
-0.007063 11 3 0
-0.000065 11 -3 0
-0.000150 11 5 0
-0.009324 11 -5 0
-0.000804 11 7 0
-0.002243 11 -7 0
0.007718 11 9 0
-0.007066 11 -9 0
0.001485 11 11 0
-0.008405 11 -11 0
0.106872 12 0 0
0.016352 12 2 0
0.000896 12 -2 0
0.002114 12 4 0
-0.024291 12 -4 0
0.003909 12 6 0
0.000503 12 -6 0
0.004606 12 8 0
0.001883 12 -8 0
0.003224 12 10 0
-0.001299 12 -10 0
0.002055 12 12 0
-0.003004 12 -12 0
0.044325 13 1 0
-0.033646 13 -1 0
0.001239 13 3 0
0.009097 13 -3 0
-0.008669 13 5 0
0.006926 13 -5 0
-0.001109 13 7 0
-0.006001 13 -7 0
0.008724 13 9 0
-0.006526 13 -9 0
0.006959 13 11 0
-0.003276 13 -11 0
-0.000119 13 13 0
-0.001370 13 -13 0
-0.072563 14 0 0
-0.006123 14 2 0
-0.007487 14 -2 0
0.000791 14 4 0
0.027873 14 -4 0
0.009292 14 6 0
0.004132 14 -6 0
0.006422 14 8 0
0.007060 14 -8 0
0.002799 14 10 0
0.000370 14 -10 0
-0.001464 14 12 0
-0.005014 14 -12 0
-0.003492 14 14 0
0.000366 14 -14 0
-0.031322 15 1 0
0.033754 15 -1 0
-0.009059 15 3 0
-0.003939 15 -3 0
0.004996 15 5 0
-0.008859 15 -5 0
-0.000426 15 7 0
-0.004902 15 -7 0
0.006237 15 9 0
-0.002217 15 -9 0
0.004299 15 11 0
-0.002402 15 -11 0
-0.004065 15 13 0
0.002283 15 -13 0
-0.003598 15 15 0
0.003933 15 -15 0
0.032254 16 0 0
0.010281 16 2 0
0.001183 16 -2 0
0.000095 16 4 0
-0.019049 16 -4 0
0.002694 16 6 0
0.000352 16 -6 0
0.003810 16 8 0
0.000654 16 -8 0
0.002420 16 10 0
0.000130 16 -10 0
0.001377 16 12 0
-0.000189 16 -12 0
-0.001013 16 14 0
-0.002492 16 -14 0
-0.000792 16 16 0
-0.001767 16 -16 0
0.015369 17 1 0
-0.011354 17 -1 0
0.003294 17 3 0
0.008796 17 -3 0
-0.005599 17 5 0
0.006261 17 -5 0
-0.000072 17 7 0
-0.003577 17 -7 0
0.003657 17 9 0
-0.004649 17 -9 0
0.002596 17 11 0
-0.002046 17 -11 0
-0.001007 17 13 0
0.001344 17 -13 0
-0.000534 17 15 0
0.001395 17 -15 0
0.001731 17 17 0
0.002994 17 -17 0
-0.020268 18 0 0
-0.003640 18 2 0
-0.003845 18 -2 0
-0.000196 18 4 0
0.015577 18 -4 0
0.003774 18 6 0
0.002523 18 -6 0
0.005119 18 8 0
0.003081 18 -8 0
0.002309 18 10 0
0.000750 18 -10 0
-0.001319 18 12 0
-0.003414 18 -12 0
-0.003504 18 14 0
0.000324 18 -14 0
0.002875 18 16 0
-0.003725 18 -16 0
0.000832 18 18 0
0.000415 18 -18 0
-0.008711 19 1 0
0.013097 19 -1 0
-0.006424 19 3 0
-0.002376 19 -3 0
0.003830 19 5 0
-0.006353 19 -5 0
-0.002865 19 7 0
-0.004927 19 -7 0
0.006692 19 9 0
-0.001553 19 -9 0
0.001024 19 11 0
