0.090108 1 1 0
-0.236152 1 -1 0
-0.246361 2 0 0
0.006136 2 2 0
0.002559 2 -2 0
-0.034208 3 1 0
0.059791 3 -1 0
-0.014731 3 3 0
-0.011043 3 -3 0
0.297984 4 0 0
0.006178 4 2 0
-0.001957 4 -2 0
-0.006375 4 4 0
0.008386 4 -4 0
0.074184 5 1 0
-0.065620 5 -1 0
0.005586 5 3 0
0.009059 5 -3 0
-0.000713 5 5 0
-0.005647 5 -5 0
-0.313102 6 0 0
-0.003049 6 2 0
-0.003165 6 -2 0
-0.001934 6 4 0
0.000233 6 -4 0
0.019224 6 6 0
0.009358 6 -6 0
-0.102946 7 1 0
0.100339 7 -1 0
0.000824 7 3 0
0.001186 7 -3 0
0.000978 7 5 0
0.001989 7 -5 0
0.000739 7 7 0
0.001937 7 -7 0
0.255542 8 0 0
0.018363 8 2 0
0.007759 8 -2 0
0.006498 8 4 0
-0.004648 8 -4 0
0.002710 8 6 0
-0.002771 8 -6 0
0.006583 8 8 0
0.003138 8 -8 0
0.082145 9 1 0
-0.071564 9 -1 0
-0.003500 9 3 0
0.000605 9 -3 0
0.001500 9 5 0
0.000996 9 -5 0
0.002687 9 7 0
-0.003823 9 -7 0
0.003712 9 9 0
-0.004459 9 -9 0
-0.185946 10 0 0
-0.008565 10 2 0
-0.003694 10 -2 0
0.002538 10 4 0
0.022738 10 -4 0
0.006175 10 6 0
0.004718 10 -6 0
0.009325 10 8 0
0.006558 10 -8 0
0.006410 10 10 0
0.005825 10 -10 0
-0.067797 11 1 0
0.071995 11 -1 0
-0.005905 11 3 0
-0.002813 11 -3 0
0.006420 11 5 0
-0.008616 11 -5 0
0.000445 11 7 0
0.001648 11 -7 0
0.006661 11 9 0
-0.005985 11 -9 0
0.007626 11 11 0
-0.008957 11 -11 0
0.106273 12 0 0
0.017239 12 2 0
0.005210 12 -2 0
0.000774 12 4 0
-0.025803 12 -4 0
0.001626 12 6 0
-0.001063 12 -6 0
0.005820 12 8 0
-0.001287 12 -8 0
0.002072 12 10 0
0.002099 12 -10 0
-0.003528 12 12 0
-0.007399 12 -12 0
0.044333 13 1 0
-0.031386 13 -1 0
0.002486 13 3 0
0.008232 13 -3 0
-0.002416 13 5 0
0.006047 13 -5 0
-0.001473 13 7 0
-0.001927 13 -7 0
0.008128 13 9 0
-0.004963 13 -9 0
0.007765 13 11 0
-0.005162 13 -11 0
0.002269 13 13 0
-0.001165 13 -13 0
-0.072329 14 0 0
-0.005157 14 2 0
-0.003546 14 -2 0
0.000372 14 4 0
0.027427 14 -4 0
0.009920 14 6 0
0.002591 14 -6 0
0.008603 14 8 0
0.006013 14 -8 0
0.002412 14 10 0
0.003571 14 -10 0
-0.003313 14 12 0
-0.007813 14 -12 0
-0.007448 14 14 0
-0.002882 14 -14 0
-0.030612 15 1 0
0.035853 15 -1 0
-0.008331 15 3 0
-0.005805 15 -3 0
0.009564 15 5 0
-0.009006 15 -5 0
-0.000026 15 7 0
0.000375 15 -7 0
0.006263 15 9 0
-0.001125 15 -9 0
0.005169 15 11 0
-0.003475 15 -11 0
-0.000755 15 13 0
0.002006 15 -13 0
-0.004484 15 15 0
0.005715 15 -15 0
0.031401 16 0 0
0.011314 16 2 0
0.001462 16 -2 0
0.000923 16 4 0
-0.019109 16 -4 0
0.001253 16 6 0
0.000069 16 -6 0
0.004153 16 8 0
0.000153 16 -8 0
0.002931 16 10 0
0.002204 16 -10 0
-0.000182 16 12 0
-0.003066 16 -12 0
-0.000332 16 14 0
-0.003807 16 -14 0
-0.003881 16 16 0
-0.003440 16 -16 0
0.015431 17 1 0
-0.010943 17 -1 0
0.004086 17 3 0
0.008283 17 -3 0
-0.002788 17 5 0
0.004561 17 -5 0
0.001464 17 7 0
-0.000409 17 -7 0
0.003966 17 9 0
-0.003936 17 -9 0
0.003476 17 11 0
-0.001327 17 -11 0
0.001758 17 13 0
0.001114 17 -13 0
-0.000896 17 15 0
0.003773 17 -15 0
0.001259 17 17 0
0.004663 17 -17 0
-0.020790 18 0 0
-0.002054 18 2 0
0.000025 18 -2 0
-0.000991 18 4 0
0.013871 18 -4 0
0.002761 18 6 0
0.001922 18 -6 0
0.005049 18 8 0
0.002520 18 -8 0
0.001966 18 10 0
0.002138 18 -10 0
-0.001792 18 12 0
-0.005475 18 -12 0
-0.002350 18 14 0
-0.001688 18 -14 0
0.002719 18 16 0
-0.006155 18 -16 0
0.001808 18 18 0
0.000663 18 -18 0
-0.009348 19 1 0
0.014600 19 -1 0
-0.006147 19 3 0
-0.002705 19 -3 0
0.006213 19 5 0
-0.006438 19 -5 0
-0.003246 19 7 0
-0.002798 19 -7 0
0.005288 19 9 0
-0.000576 19 -9 0
0.002385 19 11 0
