-0.052504 1 1 0
0.063050 1 -1 0
-0.263242 2 0 0
0.019760 2 2 0
0.025645 2 -2 0
-0.065996 3 1 0
0.038613 3 -1 0
-0.005270 3 3 0
-0.005307 3 -3 0
0.368778 4 0 0
0.020146 4 2 0
-0.010480 4 -2 0
-0.012012 4 4 0
0.007841 4 -4 0
0.102736 5 1 0
-0.035670 5 -1 0
-0.019865 5 3 0
-0.016997 5 -3 0
-0.000777 5 5 0
-0.025019 5 -5 0
-0.439392 6 0 0
-0.004674 6 2 0
-0.019637 6 -2 0
0.004755 6 4 0
0.025266 6 -4 0
-0.010368 6 6 0
0.006514 6 -6 0
-0.186876 7 1 0
0.109379 7 -1 0
-0.020393 7 3 0
-0.011804 7 -3 0
0.009468 7 5 0
-0.021477 7 -5 0
0.018629 7 7 0
-0.002202 7 -7 0
0.312809 8 0 0
0.034177 8 2 0
0.007688 8 -2 0
-0.002036 8 4 0
0.009505 8 -4 0
-0.006922 8 6 0
0.017150 8 -6 0
-0.012470 8 8 0
-0.017402 8 -8 0
0.120267 9 1 0
-0.051395 9 -1 0
-0.014372 9 3 0
-0.017555 9 -3 0
-0.001753 9 5 0
-0.025352 9 -5 0
0.023889 9 7 0
-0.006396 9 -7 0
-0.012186 9 9 0
0.005282 9 -9 0
-0.267897 10 0 0
-0.011452 10 2 0
-0.030869 10 -2 0
-0.002525 10 4 0
0.046604 10 -4 0
-0.008805 10 6 0
0.017150 10 -6 0
-0.002303 10 8 0
-0.008668 10 -8 0
-0.005677 10 10 0
-0.004361 10 -10 0
-0.143167 11 1 0
0.085544 11 -1 0
-0.029244 11 3 0
-0.022771 11 -3 0
0.015029 11 5 0
-0.029253 11 -5 0
0.016742 11 7 0
-0.005415 11 -7 0
-0.005712 11 9 0
0.003428 11 -9 0
-0.004665 11 11 0
0.000113 11 -11 0
0.118884 12 0 0
0.030140 12 2 0
0.007725 12 -2 0
-0.002412 12 4 0
-0.019008 12 -4 0
-0.006206 12 6 0
0.009421 12 -6 0
-0.006244 12 8 0
-0.018681 12 -8 0
-0.001506 12 10 0
0.001349 12 -10 0
0.007973 12 12 0
0.000070 12 -12 0
0.053737 13 1 0
-0.021220 13 -1 0
-0.001923 13 3 0
-0.008881 13 -3 0
-0.008521 13 5 0
-0.016266 13 -5 0
0.018432 13 7 0
-0.006044 13 -7 0
-0.009146 13 9 0
0.003016 13 -9 0
-0.003567 13 11 0
-0.003747 13 -11 0
-0.007209 13 13 0
-0.003677 13 -13 0
-0.106901 14 0 0
-0.009407 14 2 0
-0.020334 14 -2 0
-0.001651 14 4 0
0.048006 14 -4 0
-0.000543 14 6 0
0.014496 14 -6 0
-0.001925 14 8 0
-0.010365 14 -8 0
-0.001964 14 10 0
-0.000012 14 -10 0
0.006690 14 12 0
-0.004611 14 -12 0
0.008456 14 14 0
0.000196 14 -14 0
-0.071931 15 1 0
0.045293 15 -1 0
-0.027739 15 3 0
-0.017541 15 -3 0
0.014423 15 5 0
-0.024849 15 -5 0
0.011869 15 7 0
-0.006071 15 -7 0
-0.007140 15 9 0
0.000406 15 -9 0
-0.001138 15 11 0
-0.000523 15 -11 0
-0.004990 15 13 0
-0.003406 15 -13 0
0.006108 15 15 0
-0.002374 15 -15 0
0.031085 16 0 0
0.015966 16 2 0
-0.000015 16 -2 0
-0.002624 16 4 0
-0.017559 16 -4 0
-0.004850 16 6 0
0.002034 16 -6 0
-0.002961 16 8 0
-0.009721 16 -8 0
-0.001380 16 10 0
-0.001971 16 -10 0
0.003721 16 12 0
0.000155 16 -12 0
0.005967 16 14 0
0.000832 16 -14 0
-0.000706 16 16 0
-0.009143 16 -16 0
0.019614 17 1 0
-0.008426 17 -1 0
0.003156 17 3 0
-0.002982 17 -3 0
-0.006750 17 5 0
-0.005790 17 -5 0
0.008053 17 7 0
-0.002026 17 -7 0
-0.005646 17 9 0
0.000292 17 -9 0
-0.001455 17 11 0
-0.002463 17 -11 0
-0.001848 17 13 0
-0.003072 17 -13 0
0.003714 17 15 0
-0.003169 17 -15 0
-0.002336 17 17 0
0.000063 17 -17 0
-0.033802 18 0 0
-0.005792 18 2 0
-0.009326 18 -2 0
-0.001600 18 4 0
0.024272 18 -4 0
0.001114 18 6 0
0.006044 18 -6 0
0.001018 18 8 0
-0.003078 18 -8 0
-0.000185 18 10 0
-0.000233 18 -10 0
0.005186 18 12 0
-0.002460 18 -12 0
0.005319 18 14 0
-0.000250 18 -14 0
-0.002278 18 16 0
-0.002876 18 -16 0
-0.002454 18 18 0
0.002865 18 -18 0
-0.024808 19 1 0
0.018705 19 -1 0
-0.016030 19 3 0
-0.009833 19 -3 0
0.007121 19 5 0
-0.010712 19 -5 0
0.006035 19 7 0
-0.003799 19 -7 0
-0.000074 19 9 0
-0.001267 19 -9 0
-0.000008 19 11 0
