0.029140 1 1 0
-0.006705 1 -1 0
-0.281482 2 0 0
0.031247 2 2 0
0.001037 2 -2 0
-0.080965 3 1 0
0.049098 3 -1 0
-0.026418 3 3 0
0.000252 3 -3 0
0.364255 4 0 0
0.022581 4 2 0
0.001495 4 -2 0
0.000493 4 4 0
0.017815 4 -4 0
0.101274 5 1 0
-0.038209 5 -1 0
-0.012613 5 3 0
-0.018821 5 -3 0
0.007314 5 5 0
-0.007841 5 -5 0
-0.437684 6 0 0
-0.006874 6 2 0
-0.020968 6 -2 0
-0.001201 6 4 0
0.010909 6 -4 0
-0.008920 6 6 0
0.008194 6 -6 0
-0.180180 7 1 0
0.105650 7 -1 0
-0.027715 7 3 0
-0.004670 7 -3 0
-0.000046 7 5 0
-0.022834 7 -5 0
0.007136 7 7 0
-0.001792 7 -7 0
0.313437 8 0 0
0.035164 8 2 0
0.005752 8 -2 0
-0.000288 8 4 0
0.008979 8 -4 0
-0.000954 8 6 0
0.015556 8 -6 0
-0.005669 8 8 0
-0.015116 8 -8 0
0.115937 9 1 0
-0.051711 9 -1 0
-0.017484 9 3 0
-0.014683 9 -3 0
-0.004163 9 5 0
-0.015458 9 -5 0
0.012637 9 7 0
-0.009873 9 -7 0
-0.009770 9 9 0
-0.002008 9 -9 0
-0.269417 10 0 0
-0.010683 10 2 0
-0.029200 10 -2 0
-0.003204 10 4 0
0.045545 10 -4 0
-0.006309 10 6 0
0.013388 10 -6 0
0.000096 10 8 0
-0.011222 10 -8 0
0.001147 10 10 0
0.004681 10 -10 0
-0.141376 11 1 0
0.084764 11 -1 0
-0.032574 11 3 0
-0.020295 11 -3 0
0.011626 11 5 0
-0.022608 11 -5 0
0.008635 11 7 0
-0.006999 11 -7 0
-0.009389 11 9 0
-0.006678 11 -9 0
-0.006104 11 11 0
-0.005606 11 -11 0
0.119006 12 0 0
0.029937 12 2 0
0.006789 12 -2 0
-0.001141 12 4 0
-0.021219 12 -4 0
-0.004810 12 6 0
0.010886 12 -6 0
-0.001682 12 8 0
-0.015900 12 -8 0
-0.001204 12 10 0
0.006728 12 -10 0
0.008513 12 12 0
0.002961 12 -12 0
0.054552 13 1 0
-0.023194 13 -1 0
-0.005533 13 3 0
-0.005352 13 -3 0
-0.011050 13 5 0
-0.011482 13 -5 0
0.008637 13 7 0
-0.006808 13 -7 0
-0.010724 13 9 0
-0.005544 13 -9 0
-0.005592 13 11 0
-0.009177 13 -11 0
-0.003181 13 13 0
-0.008327 13 -13 0
-0.109606 14 0 0
-0.008881 14 2 0
-0.018815 14 -2 0
-0.001952 14 4 0
0.046786 14 -4 0
0.002204 14 6 0
0.014493 14 -6 0
0.000416 14 8 0
-0.010445 14 -8 0
0.000082 14 10 0
0.006588 14 -10 0
0.008244 14 12 0
-0.000217 14 -12 0
0.008880 14 14 0
0.002658 14 -14 0
-0.071909 15 1 0
0.041925 15 -1 0
-0.029084 15 3 0
-0.018188 15 -3 0
0.012993 15 5 0
-0.018876 15 -5 0
0.006371 15 7 0
-0.007509 15 -7 0
-0.006849 15 9 0
-0.005077 15 -9 0
-0.002452 15 11 0
-0.004189 15 -11 0
-0.002251 15 13 0
-0.006185 15 -13 0
0.006756 15 15 0
-0.001205 15 -15 0
0.030668 16 0 0
0.016407 16 2 0
0.001747 16 -2 0
-0.002115 16 4 0
-0.017988 16 -4 0
-0.004320 16 6 0
0.004412 16 -6 0
-0.000233 16 8 0
-0.009186 16 -8 0
0.000043 16 10 0
0.004148 16 -10 0
0.004238 16 12 0
0.001870 16 -12 0
0.005639 16 14 0
0.001069 16 -14 0
-0.000171 16 16 0
-0.009832 16 -16 0
0.019168 17 1 0
-0.007858 17 -1 0
0.002234 17 3 0
-0.000634 17 -3 0
-0.007129 17 5 0
-0.003366 17 -5 0
0.003777 17 7 0
-0.000888 17 -7 0
-0.005845 17 9 0
-0.002805 17 -9 0
-0.002791 17 11 0
-0.003247 17 -11 0
0.000339 17 13 0
-0.002377 17 -13 0
0.005043 17 15 0
-0.002710 17 -15 0
-0.003710 17 17 0
0.000894 17 -17 0
-0.034552 18 0 0
-0.004782 18 2 0
-0.009724 18 -2 0
-0.002454 18 4 0
0.024072 18 -4 0
0.001285 18 6 0
0.006771 18 -6 0
0.001593 18 8 0
-0.003815 18 -8 0
-0.000261 18 10 0
0.001226 18 -10 0
0.005217 18 12 0
-0.001312 18 -12 0
0.004711 18 14 0
0.000119 18 -14 0
-0.000352 18 16 0
-0.006796 18 -16 0
-0.001775 18 18 0
0.000858 18 -18 0
-0.025130 19 1 0
0.016394 19 -1 0
-0.017661 19 3 0
-0.009214 19 -3 0
0.007272 19 5 0
-0.009594 19 -5 0
0.002342 19 7 0
-0.005011 19 -7 0
0.000021 19 9 0
-0.003383 19 -9 0
-0.000493 19 11 0
