-0.024398 1 1 0
-0.002701 1 -1 0
-0.289350 2 0 0
0.006072 2 2 0
-0.012529 2 -2 0
-0.094182 3 1 0
0.029493 3 -1 0
-0.017394 3 3 0
-0.017272 3 -3 0
0.373295 4 0 0
0.012656 4 2 0
-0.018635 4 -2 0
-0.004499 4 4 0
0.035863 4 -4 0
0.105262 5 1 0
-0.030994 5 -1 0
-0.016014 5 3 0
-0.013971 5 -3 0
-0.003913 5 5 0
-0.017136 5 -5 0
-0.434141 6 0 0
0.000351 6 2 0
-0.002919 6 -2 0
0.000974 6 4 0
0.013809 6 -4 0
-0.010183 6 6 0
0.014356 6 -6 0
-0.179569 7 1 0
0.107734 7 -1 0
-0.017908 7 3 0
-0.008565 7 -3 0
0.011012 7 5 0
-0.022576 7 -5 0
0.022305 7 7 0
-0.001128 7 -7 0
0.312495 8 0 0
0.028542 8 2 0
0.003943 8 -2 0
-0.000345 8 4 0
0.014257 8 -4 0
-0.007296 8 6 0
0.014320 8 -6 0
-0.007817 8 8 0
-0.017594 8 -8 0
0.116441 9 1 0
-0.047254 9 -1 0
-0.015071 9 3 0
-0.009381 9 -3 0
-0.000675 9 5 0
-0.013346 9 -5 0
0.016442 9 7 0
-0.005394 9 -7 0
-0.010924 9 9 0
0.003993 9 -9 0
-0.266530 10 0 0
-0.009336 10 2 0
-0.025432 10 -2 0
-0.003733 10 4 0
0.046898 10 -4 0
-0.008220 10 6 0
0.017063 10 -6 0
-0.004764 10 8 0
-0.012727 10 -8 0
-0.002482 10 10 0
-0.000562 10 -10 0
-0.139955 11 1 0
0.083057 11 -1 0
-0.028006 11 3 0
-0.018971 11 -3 0
0.016535 11 5 0
-0.021537 11 -5 0
0.014612 11 7 0
-0.004779 11 -7 0
-0.005091 11 9 0
-0.001245 11 -9 0
-0.005856 11 11 0
0.003406 11 -11 0
0.119186 12 0 0
0.029564 12 2 0
0.009504 12 -2 0
-0.003420 12 4 0
-0.016785 12 -4 0
-0.006203 12 6 0
0.011361 12 -6 0
-0.004277 12 8 0
-0.018515 12 -8 0
-0.000714 12 10 0
0.002701 12 -10 0
0.011923 12 12 0
0.002016 12 -12 0
0.054057 13 1 0
-0.019985 13 -1 0
-0.001500 13 3 0
-0.003416 13 -3 0
-0.007309 13 5 0
-0.010016 13 -5 0
0.013822 13 7 0
-0.003547 13 -7 0
-0.010377 13 9 0
-0.000758 13 -9 0
-0.004250 13 11 0
-0.002651 13 -11 0
-0.006478 13 13 0
-0.004014 13 -13 0
-0.107239 14 0 0
-0.009551 14 2 0
-0.018050 14 -2 0
-0.001809 14 4 0
0.049228 14 -4 0
-0.000038 14 6 0
0.015228 14 -6 0
-0.001769 14 8 0
-0.011144 14 -8 0
-0.000334 14 10 0
0.003009 14 -10 0
0.008931 14 12 0
-0.001144 14 -12 0
0.010515 14 14 0
0.002915 14 -14 0
-0.069800 15 1 0
0.045622 15 -1 0
-0.026724 15 3 0
-0.014028 15 -3 0
0.016001 15 5 0
-0.018726 15 -5 0
0.010299 15 7 0
-0.004086 15 -7 0
-0.005923 15 9 0
-0.001556 15 -9 0
0.000239 15 11 0
0.001172 15 -11 0
-0.002409 15 13 0
-0.003191 15 -13 0
0.004985 15 15 0
-0.001168 15 -15 0
0.030976 16 0 0
0.016399 16 2 0
0.003781 16 -2 0
-0.001116 16 4 0
-0.015020 16 -4 0
-0.004107 16 6 0
0.004057 16 -6 0
-0.001429 16 8 0
-0.009092 16 -8 0
-0.000742 16 10 0
0.000171 16 -10 0
0.004046 16 12 0
0.002762 16 -12 0
0.007306 16 14 0
0.002446 16 -14 0
0.000629 16 16 0
-0.005436 16 -16 0
0.020018 17 1 0
-0.007548 17 -1 0
0.003798 17 3 0
-0.000423 17 -3 0
-0.005326 17 5 0
-0.002894 17 -5 0
0.006163 17 7 0
-0.000920 17 -7 0
-0.005590 17 9 0
-0.001846 17 -9 0
0.000489 17 11 0
-0.000624 17 -11 0
0.000437 17 13 0
-0.000789 17 -13 0
0.006020 17 15 0
-0.000684 17 -15 0
-0.003285 17 17 0
0.000412 17 -17 0
-0.034088 18 0 0
-0.004816 18 2 0
-0.009078 18 -2 0
-0.001821 18 4 0
0.024368 18 -4 0
0.002191 18 6 0
0.006779 18 -6 0
0.002257 18 8 0
-0.003650 18 -8 0
-0.000398 18 10 0
0.000800 18 -10 0
0.005331 18 12 0
-0.000690 18 -12 0
0.005838 18 14 0
0.000177 18 -14 0
-0.001097 18 16 0
-0.006500 18 -16 0
-0.002431 18 18 0
0.002202 18 -18 0
-0.024729 19 1 0
0.018023 19 -1 0
-0.016546 19 3 0
-0.007964 19 -3 0
0.007496 19 5 0
-0.009379 19 -5 0
0.004693 19 7 0
-0.003681 19 -7 0
-0.001109 19 9 0
-0.002180 19 -9 0
0.001041 19 11 0
