-0.018633 1 1 0
-0.044358 1 -1 0
0.035399 2 0 0
-0.134694 2 2 0
-0.066661 2 -2 0
0.100040 3 1 0
0.176634 3 -1 0
-0.102957 3 3 0
0.018744 3 -3 0
0.127762 4 0 0
0.216840 4 2 0
0.114734 4 -2 0
-0.131016 4 4 0
0.035301 4 -4 0
0.073079 5 1 0
0.112699 5 -1 0
0.270319 5 3 0
-0.011889 5 -3 0
-0.051803 5 5 0
0.055665 5 -5 0
-0.020165 6 0 0
-0.030947 6 2 0
-0.016069 6 -2 0
0.162341 6 4 0
-0.138269 6 -4 0
-0.013195 6 6 0
0.100086 6 -6 0
-0.065597 7 1 0
-0.092967 7 -1 0
-0.093484 7 3 0
0.023358 7 -3 0
0.075676 7 5 0
-0.204817 7 -5 0
0.026924 7 7 0
-0.011775 7 -7 0
-0.018333 8 0 0
-0.099562 8 2 0
-0.047811 8 -2 0
-0.137086 8 4 0
0.065102 8 -4 0
-0.023394 8 6 0
-0.113114 8 -6 0
0.060715 8 8 0
0.012456 8 -8 0
0.016946 9 1 0
0.024846 9 -1 0
-0.017490 9 3 0
0.021041 9 -3 0
-0.065588 9 5 0
0.087970 9 -5 0
-0.054654 9 7 0
-0.122196 9 -7 0
0.010974 9 9 0
0.012287 9 -9 0
0.035780 10 0 0
0.033161 10 2 0
0.004291 10 -2 0
-0.003897 10 4 0
-0.025569 10 -4 0
-0.000620 10 6 0
0.116703 10 -6 0
-0.054903 10 8 0
-0.039515 10 -8 0
0.051260 10 10 0
-0.071880 10 -10 0
0.029632 11 1 0
0.045571 11 -1 0
0.062050 11 3 0
-0.003345 11 -3 0
0.018294 11 5 0
-0.088941 11 -5 0
0.031444 11 7 0
0.018795 11 -7 0
-0.056779 11 9 0
0.036979 11 -9 0
-0.035827 11 11 0
0.018219 11 -11 0
0.016118 12 0 0
-0.001326 12 2 0
-0.002589 12 -2 0
0.001810 12 4 0
-0.034267 12 -4 0
-0.015553 12 6 0
-0.052085 12 -6 0
0.050017 12 8 0
0.022086 12 -8 0
0.020220 12 10 0
-0.011446 12 -10 0
-0.003757 12 12 0
0.023516 12 -12 0
0.000328 13 1 0
0.005839 13 -1 0
0.002528 13 3 0
0.018453 13 -3 0
-0.009944 13 5 0
-0.033491 13 -5 0
-0.041441 13 7 0
-0.081153 13 -7 0
0.020074 13 9 0
0.019994 13 -9 0
-0.013577 13 11 0
0.044867 13 -11 0
-0.021536 13 13 0
-0.047008 13 -13 0
0.000679 14 0 0
-0.024320 14 2 0
-0.005434 14 -2 0
-0.021650 14 4 0
0.007733 14 -4 0
-0.005917 14 6 0
0.015836 14 -6 0
-0.035709 14 8 0
-0.024363 14 -8 0
0.047527 14 10 0
-0.031958 14 -10 0
0.015674 14 12 0
0.034296 14 -12 0
-0.018364 14 14 0
0.030678 14 -14 0
0.006069 15 1 0
0.000013 15 -1 0
0.001295 15 3 0
0.010743 15 -3 0
-0.001816 15 5 0
-0.004272 15 -5 0
-0.001380 15 7 0
-0.012551 15 -7 0
-0.041824 15 9 0
0.010557 15 -9 0
-0.002674 15 11 0
0.004919 15 -11 0
0.003598 15 13 0
-0.024252 15 -13 0
0.018027 15 15 0
-0.027353 15 -15 0
0.005809 16 0 0
-0.003440 16 2 0
-0.008691 16 -2 0
-0.011482 16 4 0
-0.005395 16 -4 0
0.001918 16 6 0
0.006340 16 -6 0
0.012683 16 8 0
0.005723 16 -8 0
-0.002639 16 10 0
-0.000245 16 -10 0
0.001985 16 12 0
0.004327 16 -12 0
0.000568 16 14 0
0.015192 16 -14 0
-0.002475 16 16 0
-0.005037 16 -16 0
0.009644 17 1 0
0.012468 17 -1 0
0.009995 17 3 0
0.000330 17 -3 0
-0.006104 17 5 0
-0.017116 17 -5 0
-0.004225 17 7 0
-0.018621 17 -7 0
0.007310 17 9 0
0.005627 17 -9 0
-0.010556 17 11 0
0.021972 17 -11 0
-0.012917 17 13 0
-0.017523 17 -13 0
0.014544 17 15 0
-0.023758 17 -15 0
0.003695 17 17 0
0.011525 17 -17 0
0.007008 18 0 0
0.001609 18 2 0
0.002447 18 -2 0
-0.003126 18 4 0
-0.006171 18 -4 0
-0.005035 18 6 0
0.000047 18 -6 0
-0.006705 18 8 0
-0.004915 18 -8 0
0.015876 18 10 0
-0.007492 18 -10 0
0.000485 18 12 0
0.018170 18 -12 0
-0.012061 18 14 0
0.010350 18 -14 0
-0.003248 18 16 0
-0.009452 18 -16 0
0.010728 18 18 0
-0.001207 18 -18 0
0.006686 19 1 0
0.003836 19 -1 0
0.006096 19 3 0
0.004150 19 -3 0
-0.001163 19 5 0
-0.008522 19 -5 0
-0.010980 19 7 0
-0.006907 19 -7 0
-0.010755 19 9 0
0.000573 19 -9 0
0.003594 19 11 0
