0.075190 1 1 0
-0.012157 1 -1 0
0.025746 2 0 0
-0.101862 2 2 0
-0.068795 2 -2 0
0.103094 3 1 0
0.153437 3 -1 0
-0.112559 3 3 0
0.016465 3 -3 0
0.124444 4 0 0
0.227127 4 2 0
0.125043 4 -2 0
-0.107136 4 4 0
0.026782 4 -4 0
0.051905 5 1 0
0.105643 5 -1 0
0.249820 5 3 0
-0.011858 5 -3 0
-0.070360 5 5 0
0.062241 5 -5 0
-0.009460 6 0 0
-0.031944 6 2 0
-0.004582 6 -2 0
0.150050 6 4 0
-0.134909 6 -4 0
0.000824 6 6 0
0.081400 6 -6 0
-0.063109 7 1 0
-0.111663 7 -1 0
-0.099984 7 3 0
0.019645 7 -3 0
0.058047 7 5 0
-0.190020 7 -5 0
0.045605 7 7 0
-0.005655 7 -7 0
-0.014749 8 0 0
-0.098621 8 2 0
-0.025919 8 -2 0
-0.138175 8 4 0
0.068871 8 -4 0
-0.022290 8 6 0
-0.132969 8 -6 0
0.063308 8 8 0
0.004283 8 -8 0
0.003340 9 1 0
0.011303 9 -1 0
-0.027598 9 3 0
0.014813 9 -3 0
-0.081921 9 5 0
0.089780 9 -5 0
-0.039591 9 7 0
-0.122209 9 -7 0
0.035369 9 9 0
0.031054 9 -9 0
0.041451 10 0 0
0.035135 10 2 0
0.015840 10 -2 0
-0.012141 10 4 0
-0.023205 10 -4 0
0.001708 10 6 0
0.097740 10 -6 0
-0.058981 10 8 0
-0.038305 10 -8 0
0.045629 10 10 0
-0.060907 10 -10 0
0.024905 11 1 0
0.034236 11 -1 0
0.049364 11 3 0
-0.006846 11 -3 0
0.003911 11 5 0
-0.078053 11 -5 0
0.050821 11 7 0
0.021079 11 -7 0
-0.030790 11 9 0
0.050951 11 -9 0
-0.049822 11 11 0
0.021562 11 -11 0
0.018431 12 0 0
0.001801 12 2 0
0.008604 12 -2 0
0.001097 12 4 0
-0.032365 12 -4 0
-0.013104 12 6 0
-0.065289 12 -6 0
0.049208 12 8 0
0.021428 12 -8 0
0.014785 12 10 0
-0.003684 12 -10 0
-0.010580 12 12 0
0.019509 12 -12 0
-0.009037 13 1 0
-0.004491 13 -1 0
-0.006739 13 3 0
0.014372 13 -3 0
-0.019927 13 5 0
-0.026770 13 -5 0
-0.030662 13 7 0
-0.083003 13 -7 0
0.039128 13 9 0
0.034675 13 -9 0
-0.027777 13 11 0
0.049422 13 -11 0
-0.038050 13 13 0
-0.044676 13 -13 0
0.003967 14 0 0
-0.023029 14 2 0
0.004065 14 -2 0
-0.025387 14 4 0
0.010035 14 -4 0
-0.004289 14 6 0
0.004515 14 -6 0
-0.037284 14 8 0
-0.026840 14 -8 0
0.043529 14 10 0
-0.025116 14 -10 0
0.006007 14 12 0
0.030003 14 -12 0
-0.026509 14 14 0
0.010237 14 -14 0
0.001645 15 1 0
-0.003663 15 -1 0
-0.006699 15 3 0
0.006189 15 -3 0
-0.008340 15 5 0
-0.001124 15 -5 0
0.007827 15 7 0
-0.012197 15 -7 0
-0.029675 15 9 0
0.017261 15 -9 0
-0.009932 15 11 0
0.002831 15 -11 0
-0.005245 15 13 0
-0.023675 15 -13 0
0.019170 15 15 0
-0.029202 15 -15 0
0.007261 16 0 0
-0.001509 16 2 0
-0.002995 16 -2 0
-0.013732 16 4 0
-0.004286 16 -4 0
0.003857 16 6 0
0.002096 16 -6 0
0.012609 16 8 0
0.006181 16 -8 0
-0.004743 16 10 0
0.002686 16 -10 0
-0.003712 16 12 0
0.002420 16 -12 0
-0.004663 16 14 0
0.000652 16 -14 0
-0.001658 16 16 0
-0.010564 16 -16 0
0.003255 17 1 0
0.009439 17 -1 0
0.005762 17 3 0
-0.001184 17 -3 0
-0.009296 17 5 0
-0.014920 17 -5 0
0.001270 17 7 0
-0.019877 17 -7 0
0.015300 17 9 0
0.010838 17 -9 0
-0.014085 17 11 0
0.022025 17 -11 0
-0.017464 17 13 0
-0.017735 17 -13 0
0.013454 17 15 0
-0.026277 17 -15 0
0.007202 17 17 0
0.014083 17 -17 0
0.006651 18 0 0
0.002207 18 2 0
0.006157 18 -2 0
-0.003830 18 4 0
-0.007346 18 -4 0
-0.003562 18 6 0
-0.004028 18 -6 0
-0.006012 18 8 0
-0.006013 18 -8 0
0.015765 18 10 0
-0.005400 18 -10 0
-0.002060 18 12 0
0.017525 18 -12 0
-0.013937 18 14 0
0.005397 18 -14 0
-0.001956 18 16 0
-0.012307 18 -16 0
0.010021 18 18 0
-0.001676 18 -18 0
0.003770 19 1 0
0.005682 19 -1 0
0.000997 19 3 0
0.001723 19 -3 0
-0.003431 19 5 0
-0.007113 19 -5 0
-0.007235 19 7 0
-0.007875 19 -7 0
-0.007003 19 9 0
0.002866 19 -9 0
0.001837 19 11 0
