0.089678 1 1 0
0.088264 1 -1 0
0.037709 2 0 0
-0.085750 2 2 0
-0.133772 2 -2 0
0.109719 3 1 0
0.189447 3 -1 0
-0.084101 3 3 0
0.014906 3 -3 0
0.121285 4 0 0
0.206951 4 2 0
0.134472 4 -2 0
-0.136071 4 4 0
0.010134 4 -4 0
0.067092 5 1 0
0.107295 5 -1 0
0.263289 5 3 0
-0.012670 5 -3 0
-0.047279 5 5 0
0.076567 5 -5 0
-0.011073 6 0 0
-0.024514 6 2 0
-0.006245 6 -2 0
0.159346 6 4 0
-0.125029 6 -4 0
-0.006757 6 6 0
0.086181 6 -6 0
-0.060547 7 1 0
-0.086699 7 -1 0
-0.092089 7 3 0
0.012457 7 -3 0
0.065447 7 5 0
-0.215698 7 -5 0
0.035604 7 7 0
-0.009145 7 -7 0
-0.023132 8 0 0
-0.109179 8 2 0
-0.035950 8 -2 0
-0.149552 8 4 0
0.064305 8 -4 0
-0.025667 8 6 0
-0.125927 8 -6 0
0.073465 8 8 0
0.012772 8 -8 0
0.016363 9 1 0
0.030609 9 -1 0
-0.011577 9 3 0
0.011333 9 -3 0
-0.067502 9 5 0
0.084887 9 -5 0
-0.051370 9 7 0
-0.132667 9 -7 0
0.005993 9 9 0
-0.008421 9 -9 0
0.037415 10 0 0
0.032906 10 2 0
0.008819 10 -2 0
-0.013670 10 4 0
-0.022263 10 -4 0
-0.012129 10 6 0
0.106897 10 -6 0
-0.042690 10 8 0
-0.034102 10 -8 0
0.056085 10 10 0
-0.037389 10 -10 0
0.035662 11 1 0
0.052738 11 -1 0
0.062299 11 3 0
-0.010072 11 -3 0
0.016505 11 5 0
-0.091773 11 -5 0
0.043459 11 7 0
0.012978 11 -7 0
-0.056247 11 9 0
0.014173 11 -9 0
-0.045764 11 11 0
0.010785 11 -11 0
0.014606 12 0 0
-0.004297 12 2 0
0.004659 12 -2 0
-0.004403 12 4 0
-0.035515 12 -4 0
-0.017399 12 6 0
-0.060542 12 -6 0
0.055031 12 8 0
0.026404 12 -8 0
0.016228 12 10 0
0.008200 12 -10 0
-0.002306 12 12 0
0.024720 12 -12 0
-0.001407 13 1 0
0.009317 13 -1 0
0.002891 13 3 0
0.011178 13 -3 0
-0.014953 13 5 0
-0.034936 13 -5 0
-0.035076 13 7 0
-0.085692 13 -7 0
0.020411 13 9 0
0.004068 13 -9 0
-0.024393 13 11 0
0.039439 13 -11 0
-0.028375 13 13 0
-0.044516 13 -13 0
-0.000094 14 0 0
-0.026482 14 2 0
-0.002142 14 -2 0
-0.025039 14 4 0
0.009444 14 -4 0
-0.008956 14 6 0
0.008531 14 -6 0
-0.028916 14 8 0
-0.023788 14 -8 0
0.044167 14 10 0
-0.017737 14 -10 0
0.012825 14 12 0
0.035341 14 -12 0
-0.028768 14 14 0
0.016196 14 -14 0
0.007064 15 1 0
0.004855 15 -1 0
-0.000054 15 3 0
0.004760 15 -3 0
-0.003811 15 5 0
-0.006338 15 -5 0
0.003079 15 7 0
-0.016388 15 -7 0
-0.042245 15 9 0
0.000445 15 -9 0
-0.006132 15 11 0
0.002236 15 -11 0
-0.000944 15 13 0
-0.023979 15 -13 0
0.022292 15 15 0
-0.028957 15 -15 0
0.005694 16 0 0
-0.002180 16 2 0
-0.007284 16 -2 0
-0.014109 16 4 0
-0.006432 16 -4 0
0.000398 16 6 0
0.004521 16 -6 0
0.016282 16 8 0
0.007827 16 -8 0
-0.005774 16 10 0
0.006314 16 -10 0
0.001936 16 12 0
0.002847 16 -12 0
-0.007569 16 14 0
0.005947 16 -14 0
0.005101 16 16 0
-0.012297 16 -16 0
0.010323 17 1 0
0.015806 17 -1 0
0.009867 17 3 0
-0.004235 17 -3 0
-0.008683 17 5 0
-0.018556 17 -5 0
-0.002296 17 7 0
-0.021491 17 -7 0
0.008436 17 9 0
-0.000033 17 -9 0
-0.013062 17 11 0
0.021030 17 -11 0
-0.014765 17 13 0
-0.016319 17 -13 0
0.017117 17 15 0
-0.024695 17 -15 0
0.010316 17 17 0
0.006135 17 -17 0
0.005990 18 0 0
0.000854 18 2 0
0.003351 18 -2 0
-0.004931 18 4 0
-0.006529 18 -4 0
-0.004881 18 6 0
-0.002325 18 -6 0
-0.004154 18 8 0
-0.004683 18 -8 0
0.015940 18 10 0
-0.004039 18 -10 0
0.000231 18 12 0
0.019091 18 -12 0
-0.015223 18 14 0
0.006012 18 -14 0
-0.002670 18 16 0
-0.012998 18 -16 0
0.007183 18 18 0
-0.006717 18 -18 0
0.005625 19 1 0
0.006905 19 -1 0
0.004257 19 3 0
0.002301 19 -3 0
-0.002200 19 5 0
-0.007618 19 -5 0
-0.008448 19 7 0
-0.008594 19 -7 0
-0.011124 19 9 0
-0.002944 19 -9 0
0.002743 19 11 0
