0.146991 1 1 0
-0.262607 1 -1 0
0.032721 2 0 0
-0.098281 2 2 0
0.022440 2 -2 0
0.163304 3 1 0
0.144325 3 -1 0
0.016168 3 3 0
0.008162 3 -3 0
-0.011213 4 0 0
0.174924 4 2 0
-0.044670 4 -2 0
0.014163 4 4 0
0.011748 4 -4 0
-0.130165 5 1 0
-0.061164 5 -1 0
0.055924 5 3 0
-0.101397 5 -3 0
0.041158 5 5 0
-0.013559 5 -5 0
-0.076631 6 0 0
-0.173699 6 2 0
0.029829 6 -2 0
-0.032222 6 4 0
-0.065873 6 -4 0
0.011007 6 6 0
0.003594 6 -6 0
0.021714 7 1 0
0.038352 7 -1 0
-0.043930 7 3 0
0.143248 7 -3 0
-0.025472 7 5 0
-0.015329 7 -5 0
0.027604 7 7 0
-0.011166 7 -7 0
0.042707 8 0 0
0.108502 8 2 0
-0.043416 8 -2 0
0.046894 8 4 0
0.098172 8 -4 0
-0.013204 8 6 0
0.015356 8 -6 0
0.034413 8 8 0
0.012810 8 -8 0
0.049262 9 1 0
0.073586 9 -1 0
0.060394 9 3 0
-0.099099 9 -3 0
0.077911 9 5 0
0.006517 9 -5 0
0.018837 9 7 0
-0.001547 9 -7 0
-0.001334 9 9 0
-0.000177 9 -9 0
-0.028573 10 0 0
-0.014797 10 2 0
0.000663 10 -2 0
-0.037915 10 4 0
-0.077072 10 -4 0
0.030532 10 6 0
-0.013029 10 -6 0
0.041319 10 8 0
0.017958 10 -8 0
0.021033 10 10 0
0.015412 10 -10 0
-0.037613 11 1 0
-0.014133 11 -1 0
-0.005527 11 3 0
0.060279 11 -3 0
-0.038066 11 5 0
-0.008693 11 -5 0
0.019242 11 7 0
-0.032273 11 -7 0
0.011209 11 9 0
-0.001015 11 -9 0
-0.001087 11 11 0
-0.011768 11 -11 0
-0.019823 12 0 0
-0.023522 12 2 0
-0.009783 12 -2 0
0.025490 12 4 0
0.057707 12 -4 0
-0.020169 12 6 0
0.024057 12 -6 0
0.016917 12 8 0
-0.000314 12 -8 0
0.024604 12 10 0
0.003284 12 -10 0
0.015799 12 12 0
-0.012027 12 -12 0
0.017265 13 1 0
0.027238 13 -1 0
0.015573 13 3 0
-0.006156 13 -3 0
0.052150 13 5 0
0.006609 13 -5 0
0.014671 13 7 0
0.006858 13 -7 0
-0.007872 13 9 0
-0.000991 13 -9 0
0.000737 13 11 0
-0.019229 13 -11 0
0.031838 13 13 0
-0.004216 13 -13 0
0.002449 14 0 0
0.023102 14 2 0
-0.004358 14 -2 0
-0.011684 14 4 0
-0.015171 14 -4 0
0.023319 14 6 0
-0.018142 14 -6 0
0.030735 14 8 0
0.013096 14 -8 0
0.007195 14 10 0
0.011713 14 -10 0
0.007263 14 12 0
-0.013042 14 -12 0
0.012932 14 14 0
-0.004547 14 -14 0
0.009672 15 1 0
0.016067 15 -1 0
0.019654 15 3 0
0.001709 15 -3 0
-0.017093 15 5 0
-0.003034 15 -5 0
0.006176 15 7 0
-0.024313 15 -7 0
0.013852 15 9 0
-0.002842 15 -9 0
-0.002161 15 11 0
-0.001710 15 -11 0
0.017898 15 13 0
-0.001048 15 -13 0
0.008770 15 15 0
0.003543 15 -15 0
-0.009991 16 0 0
-0.007962 16 2 0
-0.004478 16 -2 0
0.002278 16 4 0
0.006394 16 -4 0
-0.011150 16 6 0
0.009555 16 -6 0
0.004072 16 8 0
-0.001846 16 -8 0
0.011726 16 10 0
0.001086 16 -10 0
0.008211 16 12 0
-0.005572 16 -12 0
0.008766 16 14 0
-0.005840 16 -14 0
0.011114 16 16 0
-0.002176 16 -16 0
-0.003177 17 1 0
-0.000916 17 -1 0
0.001795 17 3 0
0.008683 17 -3 0
0.013619 17 5 0
0.003672 17 -5 0
0.007203 17 7 0
0.006047 17 -7 0
-0.004936 17 9 0
0.003100 17 -9 0
0.000005 17 11 0
-0.008684 17 -11 0
0.010241 17 13 0
-0.001365 17 -13 0
0.006887 17 15 0
0.001307 17 -15 0
-0.005311 17 17 0
0.003687 17 -17 0
-0.003734 18 0 0
-0.004064 18 2 0
0.001451 18 -2 0
-0.004685 18 4 0
0.005535 18 -4 0
0.005972 18 6 0
-0.006661 18 -6 0
0.009973 18 8 0
0.000658 18 -8 0
-0.001380 18 10 0
0.005943 18 -10 0
0.000781 18 12 0
-0.006613 18 -12 0
0.004185 18 14 0
-0.000457 18 -14 0
0.008003 18 16 0
-0.001612 18 -16 0
0.002175 18 18 0
-0.000036 18 -18 0
0.007055 19 1 0
0.004302 19 -1 0
0.008426 19 3 0
0.001773 19 -3 0
-0.002298 19 5 0
0.002882 19 -5 0
0.000161 19 7 0
-0.010237 19 -7 0
0.005261 19 9 0
-0.001355 19 -9 0
-0.002032 19 11 0
