0.175351 1 1 0
-0.124240 1 -1 0
0.058852 2 0 0
-0.085582 2 2 0
0.071230 2 -2 0
0.118208 3 1 0
0.126867 3 -1 0
0.018662 3 3 0
-0.001510 3 -3 0
-0.012255 4 0 0
0.163939 4 2 0
-0.042674 4 -2 0
0.009639 4 4 0
0.017434 4 -4 0
-0.102281 5 1 0
-0.064219 5 -1 0
0.041819 5 3 0
-0.097575 5 -3 0
0.036503 5 5 0
0.002667 5 -5 0
-0.071667 6 0 0
-0.161590 6 2 0
0.033043 6 -2 0
-0.031164 6 4 0
-0.068711 6 -4 0
0.010779 6 6 0
-0.008941 6 -6 0
0.011567 7 1 0
0.026431 7 -1 0
-0.049226 7 3 0
0.141028 7 -3 0
-0.026298 7 5 0
-0.019390 7 -5 0
0.027253 7 7 0
-0.014982 7 -7 0
0.045665 8 0 0
0.106639 8 2 0
-0.033593 8 -2 0
0.047071 8 4 0
0.090866 8 -4 0
-0.012740 8 6 0
0.006085 8 -6 0
0.034061 8 8 0
0.014106 8 -8 0
0.051867 9 1 0
0.060766 9 -1 0
0.054977 9 3 0
-0.099268 9 -3 0
0.072004 9 5 0
0.005073 9 -5 0
0.016257 9 7 0
0.003878 9 -7 0
0.000876 9 9 0
-0.007032 9 -9 0
-0.025417 10 0 0
-0.008313 10 2 0
0.003597 10 -2 0
-0.042164 10 4 0
-0.077239 10 -4 0
0.029237 10 6 0
-0.026315 10 -6 0
0.041154 10 8 0
0.011372 10 -8 0
0.015488 10 10 0
0.009666 10 -10 0
-0.033747 11 1 0
-0.020957 11 -1 0
-0.015987 11 3 0
0.056381 11 -3 0
-0.040397 11 5 0
-0.011681 11 -5 0
0.019818 11 7 0
-0.031191 11 -7 0
0.015696 11 9 0
-0.003598 11 -9 0
0.010593 11 11 0
-0.010551 11 -11 0
-0.018655 12 0 0
-0.023351 12 2 0
-0.004680 12 -2 0
0.025891 12 4 0
0.059210 12 -4 0
-0.018249 12 6 0
0.014655 12 -6 0
0.016241 12 8 0
-0.003956 12 -8 0
0.022000 12 10 0
0.002488 12 -10 0
0.008288 12 12 0
-0.010617 12 -12 0
0.015749 13 1 0
0.021214 13 -1 0
0.012387 13 3 0
-0.009090 13 -3 0
0.049139 13 5 0
0.005585 13 -5 0
0.013274 13 7 0
0.011367 13 -7 0
-0.006231 13 9 0
-0.004477 13 -9 0
0.007571 13 11 0
-0.018666 13 -11 0
0.034159 13 13 0
0.003236 13 -13 0
0.004452 14 0 0
0.024805 14 2 0
-0.001379 14 -2 0
-0.012721 14 4 0
-0.018820 14 -4 0
0.022427 14 6 0
-0.024438 14 -6 0
0.032739 14 8 0
0.010846 14 -8 0
0.004341 14 10 0
0.010138 14 -10 0
0.003288 14 12 0
-0.010038 14 -12 0
0.003806 14 14 0
-0.012639 14 -14 0
0.011988 15 1 0
0.012572 15 -1 0
0.014818 15 3 0
-0.001699 15 -3 0
-0.018726 15 5 0
-0.006922 15 -5 0
0.005865 15 7 0
-0.022204 15 -7 0
0.014735 15 9 0
-0.003305 15 -9 0
0.005650 15 11 0
-0.000437 15 -11 0
0.018335 15 13 0
0.002949 15 -13 0
0.010029 15 15 0
-0.001782 15 -15 0
-0.009630 16 0 0
-0.008688 16 2 0
-0.003524 16 -2 0
0.001786 16 4 0
0.008268 16 -4 0
-0.010166 16 6 0
0.006055 16 -6 0
0.003627 16 8 0
-0.004242 16 -8 0
0.010598 16 10 0
-0.000921 16 -10 0
0.005972 16 12 0
-0.005484 16 -12 0
0.003957 16 14 0
-0.008769 16 -14 0
0.012997 16 16 0
-0.006615 16 -16 0
-0.004125 17 1 0
-0.001910 17 -1 0
-0.001105 17 3 0
0.006617 17 -3 0
0.014117 17 5 0
0.002857 17 -5 0
0.005164 17 7 0
0.007722 17 -7 0
-0.004026 17 9 0
0.001338 17 -9 0
0.003552 17 11 0
-0.009859 17 -11 0
0.011576 17 13 0
-0.000016 17 -13 0
0.006983 17 15 0
-0.000054 17 -15 0
0.001175 17 17 0
0.003018 17 -17 0
-0.003567 18 0 0
-0.004402 18 2 0
0.002569 18 -2 0
-0.003726 18 4 0
0.005466 18 -4 0
0.007720 18 6 0
-0.008409 18 -6 0
0.011798 18 8 0
0.000624 18 -8 0
-0.002486 18 10 0
0.005820 18 -10 0
-0.001302 18 12 0
-0.004804 18 -12 0
0.001714 18 14 0
-0.003168 18 -14 0
0.008529 18 16 0
-0.002288 18 -16 0
0.002200 18 18 0
-0.001746 18 -18 0
0.007315 19 1 0
0.003687 19 -1 0
0.009305 19 3 0
-0.000464 19 -3 0
-0.003477 19 5 0
0.000470 19 -5 0
0.000345 19 7 0
-0.008815 19 -7 0
0.005688 19 9 0
-0.001689 19 -9 0
0.000197 19 11 0
