0.176358 1 1 0
-0.113344 1 -1 0
0.049375 2 0 0
-0.065894 2 2 0
0.045486 2 -2 0
0.151058 3 1 0
0.130056 3 -1 0
0.017980 3 3 0
0.011867 3 -3 0
-0.000328 4 0 0
0.160369 4 2 0
-0.053234 4 -2 0
0.007728 4 4 0
0.015204 4 -4 0
-0.114052 5 1 0
-0.070017 5 -1 0
0.039713 5 3 0
-0.106254 5 -3 0
0.028528 5 5 0
-0.007267 5 -5 0
-0.077692 6 0 0
-0.164302 6 2 0
0.037801 6 -2 0
-0.027681 6 4 0
-0.067363 6 -4 0
0.008983 6 6 0
-0.005799 6 -6 0
0.018797 7 1 0
0.033922 7 -1 0
-0.046656 7 3 0
0.142964 7 -3 0
-0.024599 7 5 0
-0.018789 7 -5 0
0.021918 7 7 0
-0.013603 7 -7 0
0.047070 8 0 0
0.106624 8 2 0
-0.036900 8 -2 0
0.045604 8 4 0
0.092055 8 -4 0
-0.012354 8 6 0
0.000724 8 -6 0
0.029006 8 8 0
0.020103 8 -8 0
0.054159 9 1 0
0.060009 9 -1 0
0.053822 9 3 0
-0.103230 9 -3 0
0.073362 9 5 0
0.005748 9 -5 0
0.013845 9 7 0
0.004113 9 -7 0
-0.005536 9 9 0
-0.009386 9 -9 0
-0.025721 10 0 0
-0.009400 10 2 0
0.002539 10 -2 0
-0.038951 10 4 0
-0.076569 10 -4 0
0.027349 10 6 0
-0.025829 10 -6 0
0.039031 10 8 0
0.013403 10 -8 0
0.014584 10 10 0
0.017125 10 -10 0
-0.032272 11 1 0
-0.016298 11 -1 0
-0.014657 11 3 0
0.058686 11 -3 0
-0.038237 11 5 0
-0.012089 11 -5 0
0.017626 11 7 0
-0.030774 11 -7 0
0.008349 11 9 0
-0.007716 11 -9 0
-0.002048 11 11 0
-0.013932 11 -11 0
-0.017582 12 0 0
-0.024825 12 2 0
-0.007379 12 -2 0
0.026362 12 4 0
0.058434 12 -4 0
-0.017181 12 6 0
0.012371 12 -6 0
0.014246 12 8 0
0.001193 12 -8 0
0.022171 12 10 0
0.006202 12 -10 0
0.006201 12 12 0
-0.000868 12 -12 0
0.018702 13 1 0
0.024199 13 -1 0
0.012016 13 3 0
-0.008114 13 -3 0
0.049784 13 5 0
0.006088 13 -5 0
0.010973 13 7 0
0.010926 13 -7 0
-0.011424 13 9 0
-0.006429 13 -9 0
0.000855 13 11 0
-0.021599 13 -11 0
0.029036 13 13 0
0.002109 13 -13 0
0.004191 14 0 0
0.025704 14 2 0
-0.003482 14 -2 0
-0.011453 14 4 0
-0.019346 14 -4 0
0.022024 14 6 0
-0.026436 14 -6 0
0.030525 14 8 0
0.013979 14 -8 0
0.002759 14 10 0
0.013629 14 -10 0
0.000441 14 12 0
-0.005364 14 -12 0
-0.002791 14 14 0
-0.007266 14 -14 0
0.014352 15 1 0
0.015786 15 -1 0
0.013721 15 3 0
0.001785 15 -3 0
-0.016396 15 5 0
-0.004765 15 -5 0
0.005148 15 7 0
-0.021853 15 -7 0
0.012468 15 9 0
-0.003588 15 -9 0
-0.001130 15 11 0
-0.002380 15 -11 0
0.016018 15 13 0
0.001127 15 -13 0
0.007867 15 15 0
-0.002221 15 -15 0
-0.009156 16 0 0
-0.007942 16 2 0
-0.004422 16 -2 0
0.004184 16 4 0
0.007393 16 -4 0
-0.009167 16 6 0
0.004400 16 -6 0
0.003005 16 8 0
-0.001450 16 -8 0
0.010203 16 10 0
0.000093 16 -10 0
0.003952 16 12 0
-0.000838 16 -12 0
-0.000065 16 14 0
-0.006542 16 -14 0
0.009340 16 16 0
-0.004128 16 -16 0
-0.003362 17 1 0
0.000501 17 -1 0
-0.001223 17 3 0
0.007368 17 -3 0
0.014382 17 5 0
0.003712 17 -5 0
0.004912 17 7 0
0.008437 17 -7 0
-0.005345 17 9 0
-0.000304 17 -9 0
0.000094 17 11 0
-0.010585 17 -11 0
0.009980 17 13 0
0.000998 17 -13 0
0.005773 17 15 0
-0.001735 17 -15 0
0.000251 17 17 0
0.002559 17 -17 0
-0.003974 18 0 0
-0.003546 18 2 0
0.001524 18 -2 0
-0.003630 18 4 0
0.004371 18 -4 0
0.008198 18 6 0
-0.010202 18 -6 0
0.011754 18 8 0
0.001551 18 -8 0
-0.002916 18 10 0
0.006790 18 -10 0
-0.001284 18 12 0
-0.003802 18 -12 0
0.000457 18 14 0
-0.000979 18 -14 0
0.006544 18 16 0
-0.001574 18 -16 0
0.002511 18 18 0
-0.003434 18 -18 0
0.008414 19 1 0
0.006380 19 -1 0
0.009452 19 3 0
0.000320 19 -3 0
-0.001537 19 5 0
0.000901 19 -5 0
0.000462 19 7 0
-0.007648 19 -7 0
0.004783 19 9 0
-0.001775 19 -9 0
-0.001441 19 11 0
