0.070374 1 1 0
0.255697 1 -1 0
-0.041940 2 0 0
0.014760 2 2 0
0.114698 2 -2 0
-0.004260 3 1 0
-0.213473 3 -1 0
0.024653 3 3 0
0.100496 3 -3 0
-0.104792 4 0 0
-0.043033 4 2 0
-0.271147 4 -2 0
-0.000587 4 4 0
0.058751 4 -4 0
-0.001519 5 1 0
0.056376 5 -1 0
-0.048103 5 3 0
-0.249802 5 -3 0
0.037865 5 5 0
0.030072 5 -5 0
0.102077 6 0 0
-0.001034 6 2 0
0.157293 6 -2 0
-0.099774 6 4 0
-0.175983 6 -4 0
-0.002646 6 6 0
-0.005101 6 -6 0
0.009539 7 1 0
0.188777 7 -1 0
0.052330 7 3 0
0.224111 7 -3 0
-0.039214 7 5 0
-0.144198 7 -5 0
-0.000238 7 7 0
-0.038702 7 -7 0
-0.009538 8 0 0
-0.012856 8 2 0
0.039198 8 -2 0
0.033420 8 4 0
0.185229 8 -4 0
-0.051452 8 6 0
-0.110838 8 -6 0
0.068682 8 8 0
-0.004590 8 -8 0
-0.005079 9 1 0
-0.040197 9 -1 0
-0.009430 9 3 0
-0.043248 9 -3 0
0.070285 9 5 0
0.130381 9 -5 0
-0.031441 9 7 0
-0.069075 9 -7 0
-0.001514 9 9 0
-0.067320 9 -9 0
-0.012057 10 0 0
-0.031988 10 2 0
-0.053456 10 -2 0
-0.069325 10 4 0
-0.070741 10 -4 0
0.034000 10 6 0
0.071663 10 -6 0
0.036002 10 8 0
-0.015907 10 -8 0
0.025128 10 10 0
0.063530 10 -10 0
0.007678 11 1 0
0.086338 11 -1 0
-0.001499 11 3 0
0.001238 11 -3 0
-0.028648 11 5 0
-0.093428 11 -5 0
0.031438 11 7 0
0.035389 11 -7 0
-0.011456 11 9 0
-0.037153 11 -9 0
0.009307 11 11 0
-0.068268 11 -11 0
0.035510 12 0 0
-0.000700 12 2 0
0.069924 12 -2 0
-0.016491 12 4 0
0.016470 12 -4 0
-0.050230 12 6 0
-0.094096 12 -6 0
0.062807 12 8 0
0.039246 12 -8 0
0.032843 12 10 0
0.072800 12 -10 0
-0.064620 12 12 0
-0.014927 12 -12 0
0.006310 13 1 0
0.058937 13 -1 0
0.023817 13 3 0
0.056478 13 -3 0
0.015445 13 5 0
0.020983 13 -5 0
-0.041148 13 7 0
-0.076226 13 -7 0
0.012445 13 9 0
-0.014154 13 -9 0
0.015666 13 11 0
-0.027723 13 -11 0
0.003944 13 13 0
-0.041166 13 -13 0
0.001570 14 0 0
-0.011433 14 2 0
0.007526 14 -2 0
-0.008600 14 4 0
0.034126 14 -4 0
0.006215 14 6 0
0.019168 14 -6 0
0.001590 14 8 0
-0.031242 14 -8 0
0.028593 14 10 0
0.055636 14 -10 0
-0.036406 14 12 0
0.006600 14 -12 0
-0.008711 14 14 0
-0.066003 14 -14 0
0.006379 15 1 0
0.016203 15 -1 0
-0.000539 15 3 0
0.003769 15 -3 0
0.006495 15 5 0
0.016374 15 -5 0
0.007445 15 7 0
0.014278 15 -7 0
-0.018603 15 9 0
-0.038951 15 -9 0
0.008077 15 11 0
-0.021402 15 -11 0
0.006005 15 13 0
-0.012445 15 -13 0
0.012816 15 15 0
-0.018212 15 -15 0
0.007742 16 0 0
-0.005074 16 2 0
0.010001 16 -2 0
-0.020529 16 4 0
-0.004074 16 -4 0
-0.008593 16 6 0
-0.003374 16 -6 0
0.029067 16 8 0
0.028924 16 -8 0
0.004533 16 10 0
0.021321 16 -10 0
-0.023914 16 12 0
0.000241 16 -12 0
-0.001826 16 14 0
-0.028164 16 -14 0
0.018019 16 16 0
-0.024934 16 -16 0
0.004079 17 1 0
0.028699 17 -1 0
0.005431 17 3 0
0.015542 17 -3 0
-0.008467 17 5 0
-0.009819 17 -5 0
-0.011799 17 7 0
-0.017318 17 -7 0
0.011645 17 9 0
0.006368 17 -9 0
0.003771 17 11 0
-0.009938 17 -11 0
-0.003196 17 13 0
-0.008864 17 -13 0
0.007818 17 15 0
-0.010093 17 -15 0
0.005954 17 17 0
-0.000054 17 -17 0
0.005549 18 0 0
-0.003709 18 2 0
0.015022 18 -2 0
-0.003459 18 4 0
0.011157 18 -4 0
-0.010358 18 6 0
-0.008307 18 -6 0
-0.002616 18 8 0
-0.005905 18 -8 0
0.018222 18 10 0
0.028895 18 -10 0
-0.010005 18 12 0
0.002704 18 -12 0
-0.004899 18 14 0
-0.012430 18 -14 0
0.006948 18 16 0
-0.006428 18 -16 0
0.009153 18 18 0
-0.001100 18 -18 0
0.003683 19 1 0
0.008534 19 -1 0
0.004459 19 3 0
0.005564 19 -3 0
0.003498 19 5 0
0.007142 19 -5 0
-0.010070 19 7 0
-0.008734 19 -7 0
-0.010280 19 9 0
-0.013401 19 -9 0
0.009145 19 11 0
