0.172602 1 1 0
0.255690 1 -1 0
-0.058885 2 0 0
0.054178 2 2 0
0.081975 2 -2 0
-0.006565 3 1 0
-0.229046 3 -1 0
0.048974 3 3 0
0.076066 3 -3 0
-0.096192 4 0 0
-0.049015 4 2 0
-0.280538 4 -2 0
-0.017307 4 4 0
0.072075 4 -4 0
-0.002608 5 1 0
0.083889 5 -1 0
-0.061063 5 3 0
-0.246956 5 -3 0
0.030293 5 5 0
0.041682 5 -5 0
0.087659 6 0 0
0.005118 6 2 0
0.160607 6 -2 0
-0.090768 6 4 0
-0.189761 6 -4 0
0.005549 6 6 0
0.000847 6 -6 0
0.006353 7 1 0
0.184887 7 -1 0
0.063272 7 3 0
0.205560 7 -3 0
-0.036641 7 5 0
-0.139976 7 -5 0
0.013438 7 7 0
-0.036443 7 -7 0
-0.019367 8 0 0
-0.011984 8 2 0
0.030970 8 -2 0
0.020956 8 4 0
0.186373 8 -4 0
-0.052209 8 6 0
-0.117130 8 -6 0
0.070239 8 8 0
0.009526 8 -8 0
-0.010819 9 1 0
-0.027327 9 -1 0
-0.010024 9 3 0
-0.052246 9 -3 0
0.061380 9 5 0
0.140491 9 -5 0
-0.025283 9 7 0
-0.071453 9 -7 0
0.002089 9 9 0
-0.069587 9 -9 0
-0.017942 10 0 0
-0.027090 10 2 0
-0.053151 10 -2 0
-0.071323 10 4 0
-0.081370 10 -4 0
0.040022 10 6 0
0.070780 10 -6 0
0.042596 10 8 0
-0.007707 10 -8 0
0.026450 10 10 0
0.092661 10 -10 0
0.008332 11 1 0
0.088477 11 -1 0
0.005019 11 3 0
-0.008952 11 -3 0
-0.027552 11 5 0
-0.079972 11 -5 0
0.034866 11 7 0
0.035939 11 -7 0
-0.002389 11 9 0
-0.046836 11 -9 0
-0.011774 11 11 0
-0.079411 11 -11 0
0.029181 12 0 0
0.000664 12 2 0
0.065569 12 -2 0
-0.021775 12 4 0
0.014046 12 -4 0
-0.051445 12 6 0
-0.095890 12 -6 0
0.071699 12 8 0
0.046157 12 -8 0
0.031294 12 10 0
0.092486 12 -10 0
-0.070214 12 12 0
-0.004783 12 -12 0
0.004774 13 1 0
0.069412 13 -1 0
0.023517 13 3 0
0.049757 13 -3 0
0.013875 13 5 0
0.031651 13 -5 0
-0.034646 13 7 0
-0.074255 13 -7 0
0.014749 13 9 0
-0.015660 13 -9 0
0.002407 13 11 0
-0.036564 13 -11 0
-0.010667 13 13 0
-0.050882 13 -13 0
-0.001632 14 0 0
-0.006930 14 2 0
0.011592 14 -2 0
-0.012065 14 4 0
0.032163 14 -4 0
0.006958 14 6 0
0.019329 14 -6 0
0.004837 14 8 0
-0.028757 14 -8 0
0.027785 14 10 0
0.070012 14 -10 0
-0.040049 14 12 0
0.011011 14 -12 0
-0.014678 14 14 0
-0.074190 14 -14 0
0.007819 15 1 0
0.019831 15 -1 0
0.004100 15 3 0
-0.002084 15 -3 0
0.009539 15 5 0
0.024753 15 -5 0
0.011270 15 7 0
0.018669 15 -7 0
-0.013220 15 9 0
-0.038412 15 -9 0
-0.000897 15 11 0
-0.025883 15 -11 0
-0.000494 15 13 0
-0.017467 15 -13 0
0.009758 15 15 0
-0.024174 15 -15 0
0.006606 16 0 0
-0.005018 16 2 0
0.009222 16 -2 0
-0.022999 16 4 0
-0.005920 16 -4 0
-0.006981 16 6 0
-0.004924 16 -6 0
0.033595 16 8 0
0.033235 16 -8 0
0.005190 16 10 0
0.029621 16 -10 0
-0.024813 16 12 0
0.002162 16 -12 0
-0.006563 16 14 0
-0.036031 16 -14 0
0.016776 16 16 0
-0.017968 16 -16 0
0.003154 17 1 0
0.031345 17 -1 0
0.005608 17 3 0
0.012603 17 -3 0
-0.007436 17 5 0
-0.002850 17 -5 0
-0.007978 17 7 0
-0.013560 17 -7 0
0.013983 17 9 0
0.008812 17 -9 0
-0.000301 17 11 0
-0.011822 17 -11 0
-0.007650 17 13 0
-0.013205 17 -13 0
0.007368 17 15 0
-0.012685 17 -15 0
0.004566 17 17 0
-0.006156 17 -17 0
0.005758 18 0 0
-0.001309 18 2 0
0.016537 18 -2 0
-0.003636 18 4 0
0.010920 18 -4 0
-0.009151 18 6 0
-0.007770 18 -6 0
-0.000490 18 8 0
-0.005220 18 -8 0
0.017884 18 10 0
0.029487 18 -10 0
-0.010429 18 12 0
0.006652 18 -12 0
-0.006528 18 14 0
-0.017355 18 -14 0
0.006874 18 16 0
-0.003492 18 -16 0
0.005540 18 18 0
0.004407 18 -18 0
0.005883 19 1 0
0.010873 19 -1 0
0.005158 19 3 0
0.002355 19 -3 0
0.006230 19 5 0
0.010803 19 -5 0
-0.007841 19 7 0
-0.007430 19 -7 0
-0.008668 19 9 0
-0.011023 19 -9 0
0.005958 19 11 0
