0.177936 1 1 0
0.267348 1 -1 0
-0.067731 2 0 0
-0.018264 2 2 0
0.046271 2 -2 0
-0.028782 3 1 0
-0.229199 3 -1 0
0.039569 3 3 0
0.087056 3 -3 0
-0.095575 4 0 0
-0.036301 4 2 0
-0.265276 4 -2 0
0.005117 4 4 0
0.045516 4 -4 0
0.000748 5 1 0
0.067649 5 -1 0
-0.048783 5 3 0
-0.243731 5 -3 0
0.049171 5 5 0
0.041367 5 -5 0
0.094793 6 0 0
0.013254 6 2 0
0.155264 6 -2 0
-0.082956 6 4 0
-0.177910 6 -4 0
0.006776 6 6 0
0.007274 6 -6 0
0.011604 7 1 0
0.181236 7 -1 0
0.062002 7 3 0
0.211751 7 -3 0
-0.033698 7 5 0
-0.147792 7 -5 0
0.003337 7 7 0
-0.033917 7 -7 0
-0.014574 8 0 0
-0.006414 8 2 0
0.032950 8 -2 0
0.039165 8 4 0
0.192915 8 -4 0
-0.054950 8 6 0
-0.103758 8 -6 0
0.061227 8 8 0
0.012664 8 -8 0
-0.013255 9 1 0
-0.043013 9 -1 0
-0.003881 9 3 0
-0.046492 9 -3 0
0.071172 9 5 0
0.139542 9 -5 0
-0.034202 9 7 0
-0.063581 9 -7 0
-0.012237 9 9 0
-0.064766 9 -9 0
-0.014673 10 0 0
-0.025307 10 2 0
-0.056359 10 -2 0
-0.061570 10 4 0
-0.072574 10 -4 0
0.033196 10 6 0
0.080078 10 -6 0
0.028991 10 8 0
-0.016360 10 -8 0
0.020964 10 10 0
0.074172 10 -10 0
0.006705 11 1 0
0.082853 11 -1 0
0.005864 11 3 0
-0.003819 11 -3 0
-0.023849 11 5 0
-0.094430 11 -5 0
0.029265 11 7 0
0.040155 11 -7 0
-0.013806 11 9 0
-0.037396 11 -9 0
-0.002790 11 11 0
-0.072332 11 -11 0
0.030882 12 0 0
0.006513 12 2 0
0.066398 12 -2 0
-0.009858 12 4 0
0.020676 12 -4 0
-0.049758 12 6 0
-0.087127 12 -6 0
0.061287 12 8 0
0.042879 12 -8 0
0.023493 12 10 0
0.080681 12 -10 0
-0.057608 12 12 0
-0.012030 12 -12 0
0.003386 13 1 0
0.058863 13 -1 0
0.027667 13 3 0
0.052569 13 -3 0
0.019196 13 5 0
0.025828 13 -5 0
-0.041599 13 7 0
-0.071106 13 -7 0
0.007703 13 9 0
-0.010532 13 -9 0
0.009919 13 11 0
-0.030076 13 -11 0
-0.004055 13 13 0
-0.040893 13 -13 0
0.001675 14 0 0
-0.008141 14 2 0
0.009212 14 -2 0
-0.004056 14 4 0
0.034903 14 -4 0
0.003080 14 6 0
0.023000 14 -6 0
0.000032 14 8 0
-0.031090 14 -8 0
0.024584 14 10 0
0.060822 14 -10 0
-0.030734 14 12 0
0.006232 14 -12 0
-0.009285 14 14 0
-0.061867 14 -14 0
0.004679 15 1 0
0.016507 15 -1 0
0.005413 15 3 0
0.000350 15 -3 0
0.010794 15 5 0
0.017036 15 -5 0
0.005840 15 7 0
0.018186 15 -7 0
-0.020511 15 9 0
-0.034806 15 -9 0
0.004337 15 11 0
-0.021365 15 -11 0
0.000619 15 13 0
-0.011494 15 -13 0
0.012046 15 15 0
-0.018893 15 -15 0
0.005964 16 0 0
-0.003371 16 2 0
0.007890 16 -2 0
-0.019136 16 4 0
-0.001110 16 -4 0
-0.007987 16 6 0
0.000275 16 -6 0
0.029853 16 8 0
0.029917 16 -8 0
0.001682 16 10 0
0.025882 16 -10 0
-0.018956 16 12 0
0.000283 16 -12 0
-0.002252 16 14 0
-0.025657 16 -14 0
0.018143 16 16 0
-0.016729 16 -16 0
0.002855 17 1 0
0.026890 17 -1 0
0.007605 17 3 0
0.014883 17 -3 0
-0.006891 17 5 0
-0.008320 17 -5 0
-0.012002 17 7 0
-0.014468 17 -7 0
0.010525 17 9 0
0.009350 17 -9 0
0.003435 17 11 0
-0.010621 17 -11 0
-0.004943 17 13 0
-0.009107 17 -13 0
0.007068 17 15 0
-0.008756 17 -15 0
0.005944 17 17 0
-0.005744 17 -17 0
0.005463 18 0 0
-0.001945 18 2 0
0.014695 18 -2 0
-0.001300 18 4 0
0.010700 18 -4 0
-0.010932 18 6 0
-0.006470 18 -6 0
-0.002541 18 8 0
-0.007053 18 -8 0
0.015705 18 10 0
0.029601 18 -10 0
-0.010051 18 12 0
0.005619 18 -12 0
-0.004251 18 14 0
-0.011566 18 -14 0
0.006278 18 16 0
-0.001961 18 -16 0
0.008268 18 18 0
0.004258 18 -18 0
0.003520 19 1 0
0.009673 19 -1 0
0.006422 19 3 0
0.004932 19 -3 0
0.005348 19 5 0
0.008464 19 -5 0
-0.010976 19 7 0
-0.008019 19 -7 0
-0.010304 19 9 0
-0.011349 19 -9 0
0.009856 19 11 0
