0.111760 1 1 0
0.427710 1 -1 0
0.106682 2 0 0
0.058214 2 2 0
-0.000424 2 -2 0
-0.260549 3 1 0
0.086846 3 -1 0
-0.033617 3 3 0
0.063693 3 -3 0
0.123041 4 0 0
-0.235535 4 2 0
-0.157590 4 -2 0
-0.054853 4 4 0
0.012268 4 -4 0
-0.055291 5 1 0
-0.059624 5 -1 0
0.019231 5 3 0
-0.229382 5 -3 0
-0.001157 5 5 0
-0.073812 5 -5 0
-0.047846 6 0 0
0.084395 6 2 0
0.047781 6 -2 0
0.208976 6 4 0
-0.028242 6 -4 0
0.009819 6 6 0
-0.001825 6 -6 0
0.109242 7 1 0
-0.155329 7 -1 0
-0.040413 7 3 0
0.205808 7 -3 0
0.133272 7 5 0
0.093874 7 -5 0
0.007036 7 7 0
-0.060552 7 -7 0
0.025696 8 0 0
0.048832 8 2 0
0.033258 8 -2 0
-0.150911 8 4 0
0.068774 8 -4 0
-0.062424 8 6 0
0.158957 8 -6 0
0.157994 8 8 0
-0.071244 8 -8 0
-0.067128 9 1 0
-0.048551 9 -1 0
0.001333 9 3 0
0.007748 9 -3 0
-0.055734 9 5 0
-0.102020 9 -5 0
-0.124245 9 7 0
-0.013593 9 -7 0
-0.017631 9 9 0
0.057266 9 -9 0
0.051035 10 0 0
-0.070250 10 2 0
-0.039179 10 -2 0
0.085705 10 4 0
-0.001214 10 -4 0
0.037529 10 6 0
-0.025551 10 -6 0
0.070405 10 8 0
-0.127315 10 -8 0
-0.093315 10 10 0
-0.071120 10 -10 0
-0.015132 11 1 0
-0.080862 11 -1 0
-0.000638 11 3 0
-0.017591 11 -3 0
0.097867 11 5 0
0.068033 11 -5 0
0.028338 11 7 0
-0.004060 11 -7 0
0.008503 11 9 0
0.001134 11 -9 0
0.068492 11 11 0
0.118434 11 -11 0
0.001482 12 0 0
0.015650 12 2 0
0.000715 12 -2 0
0.016235 12 4 0
0.005376 12 -4 0
-0.031160 12 6 0
0.119684 12 -6 0
0.099832 12 8 0
-0.015401 12 -8 0
-0.036076 12 10 0
-0.072186 12 -10 0
-0.190717 12 12 0
0.005584 12 -12 0
0.024362 13 1 0
-0.078036 13 -1 0
0.018864 13 3 0
0.055571 13 -3 0
0.016026 13 5 0
-0.008811 13 -5 0
-0.094486 13 7 0
0.002090 13 -7 0
-0.020843 13 9 0
0.041626 13 -9 0
0.080233 13 11 0
0.087405 13 -11 0
-0.005097 13 13 0
-0.044632 13 -13 0
0.007199 14 0 0
0.005877 14 2 0
0.004142 14 -2 0
-0.012727 14 4 0
0.026500 14 -4 0
0.016265 14 6 0
0.010375 14 -6 0
0.043041 14 8 0
-0.078067 14 -8 0
-0.059428 14 10 0
-0.040086 14 -10 0
-0.116996 14 12 0
0.022794 14 -12 0
-0.032192 14 14 0
0.010010 14 -14 0
-0.000776 15 1 0
-0.041464 15 -1 0
0.001979 15 3 0
0.011004 15 -3 0
0.014692 15 5 0
0.013150 15 -5 0
0.003839 15 7 0
0.013383 15 -7 0
0.023656 15 9 0
-0.002645 15 -9 0
0.035171 15 11 0
0.036347 15 -11 0
-0.003422 15 13 0
-0.014944 15 -13 0
-0.020601 15 15 0
-0.041086 15 -15 0
0.008769 16 0 0
-0.019182 16 2 0
-0.008980 16 -2 0
0.013912 16 4 0
-0.009447 16 -4 0
0.003378 16 6 0
0.023727 16 -6 0
0.036819 16 8 0
0.001643 16 -8 0
-0.005716 16 10 0
-0.016913 16 -10 0
-0.055417 16 12 0
0.001623 16 -12 0
-0.016487 16 14 0
0.013042 16 -14 0
0.050875 16 16 0
-0.002344 16 -16 0
-0.001821 17 1 0
-0.021937 17 -1 0
0.008705 17 3 0
0.003096 17 -3 0
0.027170 17 5 0
0.006350 17 -5 0
-0.022746 17 7 0
0.008597 17 -7 0
-0.010163 17 9 0
0.017536 17 -9 0
0.030200 17 11 0
0.032892 17 -11 0
0.011247 17 13 0
-0.013364 17 -13 0
-0.006728 17 15 0
-0.022766 17 -15 0
-0.005085 17 17 0
-0.004513 17 -17 0
-0.000917 18 0 0
-0.001196 18 2 0
-0.005640 18 -2 0
0.004146 18 4 0
0.006148 18 -4 0
0.010466 18 6 0
0.022436 18 -6 0
0.009601 18 8 0
-0.019947 18 -8 0
-0.023466 18 10 0
-0.015968 18 -10 0
-0.028218 18 12 0
0.012088 18 -12 0
0.001764 18 14 0
0.014523 18 -14 0
0.021163 18 16 0
0.003388 18 -16 0
0.006634 18 18 0
0.000037 18 -18 0
0.006801 19 1 0
-0.019326 19 -1 0
0.009073 19 3 0
0.006658 19 -3 0
0.002171 19 5 0
0.008335 19 -5 0
-0.010803 19 7 0
0.015051 19 -7 0
0.009832 19 9 0
0.000065 19 -9 0
0.010283 19 11 0
