0.251751 1 1 0
0.418041 1 -1 0
0.100529 2 0 0
0.066829 2 2 0
0.014912 2 -2 0
-0.262321 3 1 0
0.081511 3 -1 0
-0.046897 3 3 0
0.067125 3 -3 0
0.134054 4 0 0
-0.230897 4 2 0
-0.179753 4 -2 0
-0.059713 4 4 0
-0.005099 4 -4 0
-0.071643 5 1 0
-0.045002 5 -1 0
0.029718 5 3 0
-0.258192 5 -3 0
-0.017738 5 5 0
-0.060675 5 -5 0
-0.048362 6 0 0
0.084547 6 2 0
0.033252 6 -2 0
0.197748 6 4 0
-0.029375 6 -4 0
0.007536 6 6 0
-0.001451 6 -6 0
0.097122 7 1 0
-0.153425 7 -1 0
-0.034815 7 3 0
0.190431 7 -3 0
0.139362 7 5 0
0.096159 7 -5 0
0.001284 7 7 0
-0.078607 7 -7 0
0.032094 8 0 0
0.051931 8 2 0
0.024098 8 -2 0
-0.155646 8 4 0
0.066568 8 -4 0
-0.060393 8 6 0
0.155603 8 -6 0
0.130524 8 8 0
-0.063837 8 -8 0
-0.079707 9 1 0
-0.030954 9 -1 0
0.008967 9 3 0
-0.002481 9 -3 0
-0.058225 9 5 0
-0.091586 9 -5 0
-0.122361 9 7 0
-0.023039 9 -7 0
-0.009296 9 9 0
0.060113 9 -9 0
0.058675 10 0 0
-0.070951 10 2 0
-0.049980 10 -2 0
0.080016 10 4 0
-0.001424 10 -4 0
0.039662 10 6 0
-0.026270 10 -6 0
0.045669 10 8 0
-0.124726 10 -8 0
-0.063440 10 10 0
-0.037559 10 -10 0
-0.025532 11 1 0
-0.059618 11 -1 0
0.003570 11 3 0
-0.020599 11 -3 0
0.100145 11 5 0
0.083847 11 -5 0
0.027238 11 7 0
-0.007973 11 -7 0
0.012322 11 9 0
0.006769 11 -9 0
0.056180 11 11 0
0.092280 11 -11 0
0.008348 12 0 0
0.014142 12 2 0
-0.007058 12 -2 0
0.014689 12 4 0
0.004815 12 -4 0
-0.027093 12 6 0
0.123098 12 -6 0
0.078873 12 8 0
-0.009834 12 -8 0
-0.012965 12 10 0
-0.043368 12 -10 0
-0.157837 12 12 0
0.015594 12 -12 0
0.019741 13 1 0
-0.057086 13 -1 0
0.021907 13 3 0
0.058067 13 -3 0
0.016925 13 5 0
0.009225 13 -5 0
-0.094445 13 7 0
0.003655 13 -7 0
-0.015941 13 9 0
0.051837 13 -9 0
0.073639 13 11 0
0.074632 13 -11 0
-0.010119 13 13 0
-0.054624 13 -13 0
0.014242 14 0 0
0.004446 14 2 0
0.000724 14 -2 0
-0.014290 14 4 0
0.028119 14 -4 0
0.020415 14 6 0
0.012140 14 -6 0
0.030787 14 8 0
-0.073945 14 -8 0
-0.046861 14 10 0
-0.020986 14 -10 0
-0.095724 14 12 0
0.027515 14 -12 0
-0.023030 14 14 0
0.028124 14 -14 0
-0.006352 15 1 0
-0.023789 15 -1 0
0.005147 15 3 0
0.017410 15 -3 0
0.015329 15 5 0
0.026859 15 -5 0
0.002683 15 7 0
0.015164 15 -7 0
0.026847 15 9 0
0.006000 15 -9 0
0.032346 15 11 0
0.032551 15 -11 0
-0.000809 15 13 0
-0.016905 15 -13 0
-0.017534 15 15 0
-0.047479 15 -15 0
0.013435 16 0 0
-0.020768 16 2 0
-0.014111 16 -2 0
0.013558 16 4 0
-0.009844 16 -4 0
0.007460 16 6 0
0.026036 16 -6 0
0.029670 16 8 0
0.005503 16 -8 0
0.001734 16 10 0
-0.006223 16 -10 0
-0.043919 16 12 0
0.005297 16 -12 0
-0.011746 16 14 0
0.021716 16 -14 0
0.044276 16 16 0
0.000460 16 -16 0
-0.005373 17 1 0
-0.010863 17 -1 0
0.010448 17 3 0
0.005753 17 -3 0
0.026597 17 5 0
0.014888 17 -5 0
-0.023461 17 7 0
0.012309 17 -7 0
-0.007307 17 9 0
0.024312 17 -9 0
0.029358 17 11 0
0.032299 17 -11 0
0.012274 17 13 0
-0.014158 17 -13 0
-0.005731 17 15 0
-0.024663 17 -15 0
-0.001363 17 17 0
-0.006499 17 -17 0
0.002084 18 0 0
-0.002177 18 2 0
-0.009053 18 -2 0
0.004366 18 4 0
0.006707 18 -4 0
0.012104 18 6 0
0.022297 18 -6 0
0.004891 18 8 0
-0.016620 18 -8 0
-0.020553 18 10 0
-0.012898 18 -10 0
-0.024144 18 12 0
0.014492 18 -12 0
0.003563 18 14 0
0.017692 18 -14 0
0.019274 18 16 0
0.004064 18 -16 0
0.005472 18 18 0
0.000416 18 -18 0
0.006088 19 1 0
-0.012786 19 -1 0
0.011477 19 3 0
0.008679 19 -3 0
0.002099 19 5 0
0.012633 19 -5 0
-0.012030 19 7 0
0.015492 19 -7 0
0.012092 19 9 0
0.002834 19 -9 0
0.010694 19 11 0
