0.232949 1 1 0
0.389992 1 -1 0
0.082566 2 0 0
0.070143 2 2 0
0.036540 2 -2 0
-0.268166 3 1 0
0.086100 3 -1 0
-0.039159 3 3 0
0.068162 3 -3 0
0.128352 4 0 0
-0.228835 4 2 0
-0.178305 4 -2 0
-0.082336 4 4 0
0.011659 4 -4 0
-0.064656 5 1 0
-0.048179 5 -1 0
0.029794 5 3 0
-0.242174 5 -3 0
-0.009569 5 5 0
-0.071544 5 -5 0
-0.058399 6 0 0
0.092903 6 2 0
0.036435 6 -2 0
0.189745 6 4 0
-0.034179 6 -4 0
0.021022 6 6 0
-0.003066 6 -6 0
0.105708 7 1 0
-0.152183 7 -1 0
-0.034132 7 3 0
0.199680 7 -3 0
0.140074 7 5 0
0.086817 7 -5 0
0.010683 7 7 0
-0.073750 7 -7 0
0.020639 8 0 0
0.058238 8 2 0
0.027513 8 -2 0
-0.173360 8 4 0
0.067374 8 -4 0
-0.047522 8 6 0
0.150796 8 -6 0
0.121392 8 8 0
-0.057035 8 -8 0
-0.076372 9 1 0
-0.033948 9 -1 0
0.003523 9 3 0
0.008886 9 -3 0
-0.060971 9 5 0
-0.101240 9 -5 0
-0.125001 9 7 0
-0.022220 9 -7 0
-0.015767 9 9 0
0.065265 9 -9 0
0.048231 10 0 0
-0.064251 10 2 0
-0.046629 10 -2 0
0.066960 10 4 0
-0.003608 10 -4 0
0.053597 10 6 0
-0.029029 10 -6 0
0.036604 10 8 0
-0.114101 10 -8 0
-0.058644 10 10 0
-0.052527 10 -10 0
-0.019664 11 1 0
-0.064012 11 -1 0
0.001728 11 3 0
-0.012974 11 -3 0
0.098661 11 5 0
0.074939 11 -5 0
0.028538 11 7 0
-0.006552 11 -7 0
0.003139 11 9 0
0.007562 11 -9 0
0.058446 11 11 0
0.096311 11 -11 0
-0.000525 12 0 0
0.022299 12 2 0
-0.002915 12 -2 0
0.002537 12 4 0
0.005509 12 -4 0
-0.018869 12 6 0
0.120574 12 -6 0
0.072457 12 8 0
-0.000003 12 -8 0
-0.010174 12 10 0
-0.053889 12 -10 0
-0.159429 12 12 0
0.015093 12 -12 0
0.021440 13 1 0
-0.062060 13 -1 0
0.021188 13 3 0
0.063318 13 -3 0
0.013998 13 5 0
0.000973 13 -5 0
-0.098427 13 7 0
0.001378 13 -7 0
-0.022972 13 9 0
0.052191 13 -9 0
0.076558 13 11 0
0.074851 13 -11 0
-0.000975 13 13 0
-0.053155 13 -13 0
0.008087 14 0 0
0.009363 14 2 0
0.003362 14 -2 0
-0.022062 14 4 0
0.028400 14 -4 0
0.027631 14 6 0
0.009921 14 -6 0
0.024955 14 8 0
-0.066652 14 -8 0
-0.046026 14 10 0
-0.027220 14 -10 0
-0.100470 14 12 0
0.026076 14 -12 0
-0.009334 14 14 0
0.012179 14 -14 0
-0.003689 15 1 0
-0.028559 15 -1 0
0.003656 15 3 0
0.019408 15 -3 0
0.012307 15 5 0
0.021588 15 -5 0
0.001462 15 7 0
0.013785 15 -7 0
0.021202 15 9 0
0.005058 15 -9 0
0.032956 15 11 0
0.032723 15 -11 0
0.002434 15 13 0
-0.016476 15 -13 0
-0.013086 15 15 0
-0.050717 15 -15 0
0.009405 16 0 0
-0.017187 16 2 0
-0.012600 16 -2 0
0.007937 16 4 0
-0.009203 16 -4 0
0.010600 16 6 0
0.024664 16 -6 0
0.025554 16 8 0
0.010093 16 -8 0
0.000381 16 10 0
-0.008840 16 -10 0
-0.048062 16 12 0
0.005427 16 -12 0
-0.005489 16 14 0
0.012746 16 -14 0
0.044204 16 16 0
-0.016003 16 -16 0
-0.003669 17 1 0
-0.013955 17 -1 0
0.011098 17 3 0
0.007558 17 -3 0
0.026367 17 5 0
0.012344 17 -5 0
-0.025203 17 7 0
0.010251 17 -7 0
-0.011818 17 9 0
0.023649 17 -9 0
0.029313 17 11 0
0.033649 17 -11 0
0.013265 17 13 0
-0.013342 17 -13 0
-0.006415 17 15 0
-0.024710 17 -15 0
-0.002609 17 17 0
-0.006985 17 -17 0
-0.000018 18 0 0
-0.000533 18 2 0
-0.006201 18 -2 0
0.001804 18 4 0
0.007352 18 -4 0
0.013770 18 6 0
0.021164 18 -6 0
0.003437 18 8 0
-0.015089 18 -8 0
-0.022042 18 10 0
-0.013274 18 -10 0
-0.027203 18 12 0
0.014318 18 -12 0
0.006182 18 14 0
0.015825 18 -14 0
0.017746 18 16 0
-0.001274 18 -16 0
0.005872 18 18 0
-0.004322 18 -18 0
0.005528 19 1 0
-0.015142 19 -1 0
0.010819 19 3 0
0.009866 19 -3 0
0.000874 19 5 0
0.012428 19 -5 0
-0.013167 19 7 0
0.014969 19 -7 0
0.008974 19 9 0
0.002038 19 -9 0
0.010619 19 11 0
