-0.083000 1 1 0
0.022345 1 -1 0
-0.127599 2 0 0
-0.009870 2 2 0
-0.025553 2 -2 0
0.222176 3 1 0
-0.028712 3 -1 0
0.034101 3 3 0
0.022029 3 -3 0
0.220427 4 0 0
-0.033836 4 2 0
0.089326 4 -2 0
0.057121 4 4 0
-0.032892 4 -4 0
-0.350192 5 1 0
-0.091810 5 -1 0
0.013137 5 3 0
0.005345 5 -3 0
0.077459 5 5 0
0.072996 5 -5 0
-0.060462 6 0 0
0.054411 6 2 0
-0.168313 6 -2 0
0.039729 6 4 0
-0.059071 6 -4 0
0.025988 6 6 0
-0.027498 6 -6 0
0.330514 7 1 0
-0.005175 7 -1 0
0.123872 7 3 0
0.075531 7 -3 0
0.086830 7 5 0
0.072481 7 -5 0
0.026308 7 7 0
-0.013396 7 -7 0
0.073808 8 0 0
-0.079390 8 2 0
0.213396 8 -2 0
0.031382 8 4 0
-0.028838 8 -4 0
0.028245 8 6 0
-0.029742 8 -6 0
-0.006676 8 8 0
0.026155 8 -8 0
-0.240741 9 1 0
-0.083143 9 -1 0
-0.048894 9 3 0
-0.019731 9 -3 0
0.084341 9 5 0
0.069507 9 -5 0
0.027786 9 7 0
-0.011560 9 -7 0
-0.027001 9 9 0
-0.029333 9 -9 0
0.072937 10 0 0
0.055923 10 2 0
-0.162651 10 -2 0
0.066528 10 4 0
-0.085955 10 -4 0
0.019853 10 6 0
-0.015026 10 -6 0
-0.003155 10 8 0
0.026383 10 -8 0
-0.018108 10 10 0
0.005351 10 -10 0
0.112933 11 1 0
-0.035404 11 -1 0
0.136948 11 3 0
0.072553 11 -3 0
0.078671 11 5 0
0.077940 11 -5 0
0.011639 11 7 0
-0.013313 11 -7 0
-0.029636 11 9 0
-0.027732 11 -9 0
-0.018155 11 11 0
0.027802 11 -11 0
-0.002468 12 0 0
-0.043255 12 2 0
0.108335 12 -2 0
0.009967 12 4 0
-0.000270 12 -4 0
0.022827 12 6 0
-0.033809 12 -6 0
0.002898 12 8 0
0.018320 12 -8 0
-0.009027 12 10 0
0.002872 12 -10 0
-0.014001 12 12 0
-0.008409 12 -12 0
-0.053751 13 1 0
-0.035122 13 -1 0
-0.037646 13 3 0
-0.011226 13 -3 0
0.050653 13 5 0
0.042127 13 -5 0
0.028303 13 7 0
-0.003400 13 -7 0
-0.021796 13 9 0
-0.019168 13 -9 0
-0.013161 13 11 0
0.020170 13 -11 0
0.010537 13 13 0
0.027022 13 -13 0
0.063430 14 0 0
0.021396 14 2 0
-0.053661 14 -2 0
0.049590 14 4 0
-0.075389 14 -4 0
0.013364 14 6 0
-0.007673 14 -6 0
-0.006550 14 8 0
0.020577 14 -8 0
-0.008195 14 10 0
0.002080 14 -10 0
-0.008770 14 12 0
-0.004760 14 -12 0
-0.003207 14 14 0
-0.003586 14 -14 0
0.000502 15 1 0
-0.036369 15 -1 0
0.066496 15 3 0
0.038863 15 -3 0
0.056503 15 5 0
0.047522 15 -5 0
0.001651 15 7 0
-0.011085 15 -7 0
-0.019348 15 9 0
-0.018446 15 -9 0
-0.009815 15 11 0
0.012852 15 -11 0
0.009043 15 13 0
0.016400 15 -13 0
0.008370 15 15 0
0.002116 15 -15 0
-0.005760 16 0 0
-0.012234 16 2 0
0.020882 16 -2 0
0.000982 16 4 0
0.007540 16 -4 0
0.007677 16 6 0
-0.015500 16 -6 0
0.003011 16 8 0
0.006983 16 -8 0
-0.000749 16 10 0
0.000351 16 -10 0
-0.004711 16 12 0
-0.004212 16 -12 0
-0.004566 16 14 0
-0.001346 16 -14 0
-0.001304 16 16 0
0.015010 16 -16 0
0.002971 17 1 0
-0.008692 17 -1 0
-0.012171 17 3 0
-0.005671 17 -3 0
0.011600 17 5 0
0.013101 17 -5 0
0.012936 17 7 0
-0.001110 17 -7 0
-0.007080 17 9 0
-0.006307 17 -9 0
-0.004923 17 11 0
0.006533 17 -11 0
0.006470 17 13 0
0.010924 17 -13 0
0.001526 17 15 0
-0.002786 17 -15 0
-0.003337 17 17 0
0.001962 17 -17 0
0.021501 18 0 0
0.004218 18 2 0
-0.005310 18 -2 0
0.021211 18 4 0
-0.033645 18 -4 0
0.005090 18 6 0
-0.008636 18 -6 0
-0.003932 18 8 0
0.007705 18 -8 0
-0.003021 18 10 0
0.001395 18 -10 0
-0.000918 18 12 0
-0.000438 18 -12 0
-0.000802 18 14 0
0.000202 18 -14 0
0.000641 18 16 0
0.003322 18 -16 0
-0.001170 18 18 0
0.000616 18 -18 0
-0.009133 19 1 0
-0.018475 19 -1 0
0.013713 19 3 0
0.011054 19 -3 0
0.026122 19 5 0
0.017034 19 -5 0
-0.000287 19 7 0
-0.002087 19 -7 0
-0.007473 19 9 0
-0.008368 19 -9 0
-0.003749 19 11 0
