-0.086989 1 1 0
0.034051 1 -1 0
-0.138976 2 0 0
-0.006840 2 2 0
-0.012959 2 -2 0
0.225467 3 1 0
-0.023339 3 -1 0
0.036192 3 3 0
0.023118 3 -3 0
0.225615 4 0 0
-0.013721 4 2 0
0.093678 4 -2 0
0.045935 4 4 0
-0.043958 4 -4 0
-0.346799 5 1 0
-0.073597 5 -1 0
0.017872 5 3 0
0.002879 5 -3 0
0.075729 5 5 0
0.060211 5 -5 0
-0.063581 6 0 0
0.080354 6 2 0
-0.178255 6 -2 0
0.064352 6 4 0
-0.064198 6 -4 0
0.024432 6 6 0
-0.033076 6 -6 0
0.337275 7 1 0
0.004468 7 -1 0
0.138117 7 3 0
0.068118 7 -3 0
0.092810 7 5 0
0.069743 7 -5 0
0.028247 7 7 0
-0.008108 7 -7 0
0.076962 8 0 0
-0.058443 8 2 0
0.211055 8 -2 0
0.040479 8 4 0
-0.031543 8 -4 0
0.022416 8 6 0
-0.030364 8 -6 0
-0.006844 8 8 0
0.028417 8 -8 0
-0.238288 9 1 0
-0.071012 9 -1 0
-0.041139 9 3 0
-0.021032 9 -3 0
0.088721 9 5 0
0.064037 9 -5 0
0.027537 9 7 0
-0.009564 9 -7 0
-0.019701 9 9 0
-0.033518 9 -9 0
0.074865 10 0 0
0.076316 10 2 0
-0.165286 10 -2 0
0.076845 10 4 0
-0.090063 10 -4 0
0.016720 10 6 0
-0.014116 10 -6 0
-0.003348 10 8 0
0.028244 10 -8 0
-0.003700 10 10 0
0.002470 10 -10 0
0.116720 11 1 0
-0.025453 11 -1 0
0.146916 11 3 0
0.065876 11 -3 0
0.083654 11 5 0
0.074336 11 -5 0
0.013079 11 7 0
-0.010999 11 -7 0
-0.022418 11 9 0
-0.031564 11 -9 0
-0.013685 11 11 0
0.023178 11 -11 0
-0.001656 12 0 0
-0.027981 12 2 0
0.105389 12 -2 0
0.017357 12 4 0
-0.002977 12 -4 0
0.018410 12 6 0
-0.035365 12 -6 0
0.001528 12 8 0
0.019331 12 -8 0
0.003409 12 10 0
0.001944 12 -10 0
-0.010202 12 12 0
-0.001252 12 -12 0
-0.050962 13 1 0
-0.027098 13 -1 0
-0.030794 13 3 0
-0.013059 13 -3 0
0.052294 13 5 0
0.038411 13 -5 0
0.027479 13 7 0
-0.001646 13 -7 0
-0.016037 13 9 0
-0.020410 13 -9 0
-0.007983 13 11 0
0.016706 13 -11 0
0.004979 13 13 0
0.022843 13 -13 0
0.065357 14 0 0
0.032760 14 2 0
-0.054126 14 -2 0
0.054434 14 4 0
-0.078085 14 -4 0
0.010690 14 6 0
-0.007714 14 -6 0
-0.007895 14 8 0
0.021218 14 -8 0
-0.001363 14 10 0
0.003549 14 -10 0
-0.007947 14 12 0
-0.000203 14 -12 0
-0.007772 14 14 0
0.004287 14 -14 0
0.001910 15 1 0
-0.030481 15 -1 0
0.070489 15 3 0
0.035484 15 -3 0
0.059571 15 5 0
0.048013 15 -5 0
0.002435 15 7 0
-0.008694 15 -7 0
-0.014857 15 9 0
-0.020178 15 -9 0
-0.005996 15 11 0
0.008935 15 -11 0
0.004794 15 13 0
0.013442 15 -13 0
0.002961 15 15 0
0.000936 15 -15 0
-0.005503 16 0 0
-0.006033 16 2 0
0.020873 16 -2 0
0.004214 16 4 0
0.006730 16 -4 0
0.004669 16 6 0
-0.014934 16 -6 0
0.001293 16 8 0
0.005362 16 -8 0
0.002803 16 10 0
-0.000269 16 -10 0
-0.003221 16 12 0
-0.002391 16 -12 0
-0.006970 16 14 0
0.004821 16 -14 0
-0.000192 16 16 0
0.019716 16 -16 0
0.002915 17 1 0
-0.006740 17 -1 0
-0.007853 17 3 0
-0.006432 17 -3 0
0.013021 17 5 0
0.013472 17 -5 0
0.012045 17 7 0
-0.000589 17 -7 0
-0.003509 17 9 0
-0.008550 17 -9 0
-0.002291 17 11 0
0.005282 17 -11 0
0.004710 17 13 0
0.008963 17 -13 0
0.000228 17 15 0
-0.004026 17 -15 0
-0.005675 17 17 0
0.003908 17 -17 0
0.022384 18 0 0
0.008280 18 2 0
-0.005105 18 -2 0
0.022375 18 4 0
-0.034461 18 -4 0
0.004118 18 6 0
-0.007780 18 -6 0
-0.005541 18 8 0
0.006920 18 -8 0
-0.002285 18 10 0
0.002857 18 -10 0
-0.001646 18 12 0
0.000496 18 -12 0
-0.001869 18 14 0
0.002583 18 -14 0
-0.000914 18 16 0
0.008355 18 -16 0
0.000316 18 18 0
0.000494 18 -18 0
-0.008370 19 1 0
-0.016476 19 -1 0
0.014824 19 3 0
0.010800 19 -3 0
0.026940 19 5 0
0.017095 19 -5 0
-0.001623 19 7 0
0.000173 19 -7 0
-0.007040 19 9 0
-0.007551 19 -9 0
-0.003524 19 11 0
