-0.023348 1 1 0
-0.016262 1 -1 0
-0.135245 2 0 0
0.015185 2 2 0
-0.023237 2 -2 0
0.219840 3 1 0
-0.004268 3 -1 0
0.030983 3 3 0
0.008841 3 -3 0
0.228436 4 0 0
-0.024776 4 2 0
0.095356 4 -2 0
0.034498 4 4 0
-0.050163 4 -4 0
-0.350668 5 1 0
-0.101491 5 -1 0
0.003722 5 3 0
-0.004140 5 -3 0
0.086136 5 5 0
0.065140 5 -5 0
-0.069958 6 0 0
0.063839 6 2 0
-0.177445 6 -2 0
0.042291 6 4 0
-0.056520 6 -4 0
0.021453 6 6 0
-0.023686 6 -6 0
0.327219 7 1 0
-0.003080 7 -1 0
0.124053 7 3 0
0.069544 7 -3 0
0.088779 7 5 0
0.065189 7 -5 0
0.043651 7 7 0
0.008739 7 -7 0
0.066373 8 0 0
-0.069462 8 2 0
0.213744 8 -2 0
0.023952 8 4 0
-0.029285 8 -4 0
0.017063 8 6 0
-0.022878 8 -6 0
-0.014601 8 8 0
0.037586 8 -8 0
-0.246040 9 1 0
-0.083422 9 -1 0
-0.054676 9 3 0
-0.028320 9 -3 0
0.091002 9 5 0
0.064305 9 -5 0
0.040200 9 7 0
0.001701 9 -7 0
-0.032147 9 9 0
-0.017402 9 -9 0
0.072737 10 0 0
0.061140 10 2 0
-0.163627 10 -2 0
0.061382 10 4 0
-0.090104 10 -4 0
0.011800 10 6 0
-0.004805 10 -6 0
-0.009289 10 8 0
0.036311 10 -8 0
-0.019072 10 10 0
-0.009039 10 -10 0
0.110052 11 1 0
-0.036087 11 -1 0
0.135970 11 3 0
0.063755 11 -3 0
0.082939 11 5 0
0.070700 11 -5 0
0.023805 11 7 0
0.003588 11 -7 0
-0.032670 11 9 0
-0.021330 11 -9 0
-0.022014 11 11 0
0.025356 11 -11 0
-0.005181 12 0 0
-0.036711 12 2 0
0.107292 12 -2 0
0.005725 12 4 0
-0.001367 12 -4 0
0.013394 12 6 0
-0.028969 12 -6 0
-0.003050 12 8 0
0.024505 12 -8 0
-0.010598 12 10 0
-0.006587 12 -10 0
0.002596 12 12 0
-0.014713 12 -12 0
-0.056063 13 1 0
-0.034893 13 -1 0
-0.039566 13 3 0
-0.015466 13 -3 0
0.055428 13 5 0
0.039652 13 -5 0
0.035688 13 7 0
0.006218 13 -7 0
-0.023866 13 9 0
-0.013871 13 -9 0
-0.016080 13 11 0
0.018265 13 -11 0
0.001978 13 13 0
0.020076 13 -13 0
0.064425 14 0 0
0.023982 14 2 0
-0.052520 14 -2 0
0.046968 14 4 0
-0.075776 14 -4 0
0.008134 14 6 0
-0.001707 14 -6 0
-0.010493 14 8 0
0.025668 14 -8 0
-0.010240 14 10 0
-0.004133 14 -10 0
0.002206 14 12 0
-0.009215 14 -12 0
-0.000004 14 14 0
0.005108 14 -14 0
0.000007 15 1 0
-0.035958 15 -1 0
0.065416 15 3 0
0.033640 15 -3 0
0.061030 15 5 0
0.045938 15 -5 0
0.007058 15 7 0
-0.004047 15 -7 0
-0.020286 15 9 0
-0.015412 15 -9 0
-0.009628 15 11 0
0.011105 15 -11 0
0.003342 15 13 0
0.011227 15 -13 0
0.004913 15 15 0
-0.000181 15 -15 0
-0.005048 16 0 0
-0.010432 16 2 0
0.021653 16 -2 0
-0.000847 16 4 0
0.007841 16 -4 0
0.001859 16 6 0
-0.013582 16 -6 0
0.001259 16 8 0
0.009727 16 -8 0
-0.003744 16 10 0
-0.003171 16 -10 0
0.001136 16 12 0
-0.007706 16 -12 0
-0.003109 16 14 0
0.004924 16 -14 0
0.010892 16 16 0
0.017029 16 -16 0
0.003322 17 1 0
-0.008893 17 -1 0
-0.010363 17 3 0
-0.007573 17 -3 0
0.013970 17 5 0
0.012826 17 -5 0
0.015902 17 7 0
0.002908 17 -7 0
-0.006720 17 9 0
-0.006157 17 -9 0
-0.004785 17 11 0
0.004898 17 -11 0
0.003405 17 13 0
0.006538 17 -13 0
0.000348 17 15 0
-0.004462 17 -15 0
-0.006210 17 17 0
0.001269 17 -17 0
0.021926 18 0 0
0.005250 18 2 0
-0.005023 18 -2 0
0.020419 18 4 0
-0.032049 18 -4 0
0.004096 18 6 0
-0.006587 18 -6 0
-0.005357 18 8 0
0.008703 18 -8 0
-0.004321 18 10 0
-0.001233 18 -10 0
0.002180 18 12 0
-0.001510 18 -12 0
-0.000886 18 14 0
0.002326 18 -14 0
0.004674 18 16 0
0.006342 18 -16 0
0.001261 18 18 0
0.001794 18 -18 0
-0.009370 19 1 0
-0.018320 19 -1 0
0.013845 19 3 0
0.010705 19 -3 0
0.027280 19 5 0
0.017372 19 -5 0
-0.000388 19 7 0
-0.000154 19 -7 0
-0.006628 19 9 0
-0.008845 19 -9 0
-0.003682 19 11 0
