-0.008025 1 1 0
-0.065823 1 -1 0
0.179766 2 0 0
-0.003435 2 2 0
-0.043498 2 -2 0
0.047984 3 1 0
0.281976 3 -1 0
-0.022111 3 3 0
-0.021498 3 -3 0
-0.191376 4 0 0
0.059982 4 2 0
0.138358 4 -2 0
-0.001264 4 4 0
0.008578 4 -4 0
-0.092070 5 1 0
-0.447183 5 -1 0
0.022362 5 3 0
0.054307 5 -3 0
0.021991 5 5 0
-0.003547 5 -5 0
0.075072 6 0 0
-0.069682 6 2 0
-0.253650 6 -2 0
0.012085 6 4 0
0.028757 6 -4 0
-0.022007 6 6 0
-0.006740 6 -6 0
0.043560 7 1 0
0.390177 7 -1 0
-0.072552 7 3 0
-0.122320 7 -3 0
0.020675 7 5 0
0.003443 7 -5 0
0.020061 7 7 0
0.006533 7 -7 0
0.008813 8 0 0
0.122755 8 2 0
0.277766 8 -2 0
-0.028479 8 4 0
-0.018054 8 -4 0
-0.020892 8 6 0
-0.006683 8 -6 0
-0.014697 8 8 0
-0.021741 8 -8 0
-0.061136 9 1 0
-0.237172 9 -1 0
0.071661 9 3 0
0.136789 9 -3 0
0.002637 9 5 0
0.008556 9 -5 0
0.021577 9 7 0
0.000309 9 -7 0
-0.006048 9 9 0
0.003953 9 -9 0
-0.072983 10 0 0
-0.064969 10 2 0
-0.197808 10 -2 0
0.043315 10 4 0
0.075420 10 -4 0
-0.021174 10 6 0
0.012187 10 -6 0
-0.009750 10 8 0
-0.019310 10 -8 0
-0.000447 10 10 0
0.004741 10 -10 0
-0.017748 11 1 0
0.092250 11 -1 0
-0.076251 11 3 0
-0.130727 11 -3 0
0.033345 11 5 0
0.021566 11 -5 0
0.023747 11 7 0
0.021815 11 -7 0
-0.010910 11 9 0
-0.002663 11 -9 0
0.001337 11 11 0
0.006932 11 -11 0
0.054656 12 0 0
0.073619 12 2 0
0.116809 12 -2 0
-0.039956 12 4 0
-0.048138 12 -4 0
-0.014389 12 6 0
-0.015102 12 -6 0
-0.003016 12 8 0
-0.010107 12 -8 0
0.002063 12 10 0
0.001115 12 -10 0
-0.001064 12 12 0
0.010858 12 -12 0
-0.010012 13 1 0
-0.020164 13 -1 0
0.049349 13 3 0
0.080362 13 -3 0
-0.008339 13 5 0
-0.009805 13 -5 0
0.011299 13 7 0
-0.009580 13 -7 0
-0.009168 13 9 0
0.004040 13 -9 0
-0.000850 13 11 0
0.002067 13 -11 0
-0.001041 13 13 0
0.006722 13 -13 0
-0.051237 14 0 0
-0.010482 14 2 0
-0.046593 14 -2 0
0.037439 14 4 0
0.069113 14 -4 0
-0.019871 14 6 0
0.006183 14 -6 0
-0.010200 14 8 0
-0.022252 14 -8 0
0.004559 14 10 0
0.006275 14 -10 0
0.002250 14 12 0
0.009967 14 -12 0
-0.003824 14 14 0
0.002225 14 -14 0
-0.034350 15 1 0
-0.018503 15 -1 0
-0.035895 15 3 0
-0.048132 15 -3 0
0.030185 15 5 0
0.034157 15 -5 0
0.019031 15 7 0
0.019725 15 -7 0
-0.011252 15 9 0
-0.006919 15 -9 0
0.003881 15 11 0
0.006156 15 -11 0
0.000336 15 13 0
0.004255 15 -13 0
0.006499 15 15 0
-0.003541 15 -15 0
0.019616 16 0 0
0.018992 16 2 0
0.013600 16 -2 0
-0.023754 16 4 0
-0.025901 16 -4 0
-0.003093 16 6 0
-0.001155 16 -6 0
0.003454 16 8 0
-0.002516 16 -8 0
-0.001599 16 10 0
-0.001182 16 -10 0
0.003055 16 12 0
0.006722 16 -12 0
-0.002458 16 14 0
0.002946 16 -14 0
0.000045 16 16 0
-0.003774 16 -16 0
0.006000 17 1 0
0.014608 17 -1 0
0.015654 17 3 0
0.016939 17 -3 0
-0.009471 17 5 0
-0.013936 17 -5 0
0.004766 17 7 0
-0.005837 17 -7 0
-0.000548 17 9 0
0.004240 17 -9 0
0.000580 17 11 0
0.001231 17 -11 0
0.001719 17 13 0
0.007175 17 -13 0
0.005134 17 15 0
-0.002830 17 -15 0
-0.007794 17 17 0
0.000076 17 -17 0
-0.013024 18 0 0
0.009863 18 2 0
0.001353 18 -2 0
0.017928 18 4 0
0.027670 18 -4 0
-0.014405 18 6 0
-0.005856 18 -6 0
-0.006426 18 8 0
-0.011863 18 -8 0
0.002262 18 10 0
0.005421 18 -10 0
-0.000909 18 12 0
0.005331 18 -12 0
-0.002664 18 14 0
0.001562 18 -14 0
0.000757 18 16 0
-0.001213 18 -16 0
0.001683 18 18 0
-0.000047 18 -18 0
-0.018255 19 1 0
-0.015864 19 -1 0
-0.008349 19 3 0
-0.007022 19 -3 0
0.015795 19 5 0
0.019893 19 -5 0
0.003487 19 7 0
0.007804 19 -7 0
-0.006794 19 9 0
-0.006935 19 -9 0
0.002035 19 11 0
