0.039197 1 1 0
-0.099341 1 -1 0
0.194518 2 0 0
-0.031078 2 2 0
-0.062415 2 -2 0
0.037380 3 1 0
0.267582 3 -1 0
-0.022140 3 3 0
-0.013655 3 -3 0
-0.192259 4 0 0
0.076004 4 2 0
0.153538 4 -2 0
0.008180 4 4 0
0.007144 4 -4 0
-0.087643 5 1 0
-0.441723 5 -1 0
0.024034 5 3 0
0.052345 5 -3 0
0.010958 5 5 0
0.004481 5 -5 0
0.078448 6 0 0
-0.074970 6 2 0
-0.255598 6 -2 0
0.012200 6 4 0
0.026385 6 -4 0
-0.025085 6 6 0
-0.009748 6 -6 0
0.044425 7 1 0
0.380457 7 -1 0
-0.075733 7 3 0
-0.120302 7 -3 0
0.014556 7 5 0
0.001580 7 -5 0
0.018620 7 7 0
0.006634 7 -7 0
0.014543 8 0 0
0.120905 8 2 0
0.277639 8 -2 0
-0.026941 8 4 0
-0.024345 8 -4 0
-0.017145 8 6 0
-0.012420 8 -6 0
-0.014755 8 8 0
-0.020232 8 -8 0
-0.061144 9 1 0
-0.244645 9 -1 0
0.069480 9 3 0
0.135234 9 -3 0
0.002974 9 5 0
0.010505 9 -5 0
0.017389 9 7 0
0.001319 9 -7 0
-0.009153 9 9 0
-0.000721 9 -9 0
-0.068712 10 0 0
-0.062536 10 2 0
-0.198107 10 -2 0
0.043420 10 4 0
0.073453 10 -4 0
-0.022643 10 6 0
0.006799 10 -6 0
-0.005579 10 8 0
-0.019065 10 -8 0
0.000580 10 10 0
0.004240 10 -10 0
-0.018198 11 1 0
0.087318 11 -1 0
-0.078512 11 3 0
-0.130209 11 -3 0
0.027732 11 5 0
0.022833 11 -5 0
0.020890 11 7 0
0.017750 11 -7 0
-0.014370 11 9 0
-0.003805 11 -9 0
0.004781 11 11 0
0.005240 11 -11 0
0.057986 12 0 0
0.074579 12 2 0
0.116464 12 -2 0
-0.038473 12 4 0
-0.049350 12 -4 0
-0.013679 12 6 0
-0.020510 12 -6 0
0.002152 12 8 0
-0.009352 12 -8 0
0.003837 12 10 0
0.001474 12 -10 0
-0.003192 12 12 0
0.010491 12 -12 0
-0.009640 13 1 0
-0.026320 13 -1 0
0.045853 13 3 0
0.079909 13 -3 0
-0.012638 13 5 0
-0.009902 13 -5 0
0.009031 13 7 0
-0.008328 13 -7 0
-0.011600 13 9 0
0.001822 13 -9 0
-0.000038 13 11 0
0.000300 13 -11 0
0.002805 13 13 0
0.005994 13 -13 0
-0.048328 14 0 0
-0.009366 14 2 0
-0.047750 14 -2 0
0.039264 14 4 0
0.066028 14 -4 0
-0.020322 14 6 0
0.002335 14 -6 0
-0.008375 14 8 0
-0.023186 14 -8 0
0.006022 14 10 0
0.002716 14 -10 0
-0.000512 14 12 0
0.007961 14 -12 0
-0.007160 14 14 0
-0.000827 14 -14 0
-0.035940 15 1 0
-0.022554 15 -1 0
-0.037064 15 3 0
-0.048148 15 -3 0
0.027256 15 5 0
0.033997 15 -5 0
0.016739 15 7 0
0.017627 15 -7 0
-0.013299 15 9 0
-0.008033 15 -9 0
0.005575 15 11 0
0.004791 15 -11 0
0.002499 15 13 0
0.002523 15 -13 0
0.007625 15 15 0
-0.003644 15 -15 0
0.021713 16 0 0
0.019698 16 2 0
0.015009 16 -2 0
-0.022161 16 4 0
-0.028074 16 -4 0
-0.004784 16 6 0
-0.004023 16 -6 0
0.004953 16 8 0
-0.001944 16 -8 0
-0.000386 16 10 0
-0.002995 16 -10 0
0.001388 16 12 0
0.007520 16 -12 0
-0.004899 16 14 0
0.000707 16 -14 0
0.001919 16 16 0
-0.002967 16 -16 0
0.006174 17 1 0
0.012289 17 -1 0
0.013588 17 3 0
0.016177 17 -3 0
-0.011818 17 5 0
-0.014276 17 -5 0
0.003501 17 7 0
-0.006745 17 -7 0
-0.001444 17 9 0
0.004808 17 -9 0
0.001018 17 11 0
0.001254 17 -11 0
0.002931 17 13 0
0.006028 17 -13 0
0.005364 17 15 0
-0.002586 17 -15 0
-0.008670 17 17 0
-0.002337 17 -17 0
-0.011964 18 0 0
0.010839 18 2 0
-0.000251 18 -2 0
0.018628 18 4 0
0.026391 18 -4 0
-0.014926 18 6 0
-0.007404 18 -6 0
-0.005071 18 8 0
-0.012793 18 -8 0
0.002983 18 10 0
0.003206 18 -10 0
0.000020 18 12 0
0.005256 18 -12 0
-0.003316 18 14 0
0.001379 18 -14 0
0.001455 18 16 0
-0.000821 18 -16 0
0.004186 18 18 0
-0.000043 18 -18 0
-0.018932 19 1 0
-0.016555 19 -1 0
-0.009737 19 3 0
-0.007468 19 -3 0
0.013377 19 5 0
0.018714 19 -5 0
0.004167 19 7 0
0.007426 19 -7 0
-0.007739 19 9 0
-0.006979 19 -9 0
0.002600 19 11 0
