0.004217 1 1 0
-0.107955 1 -1 0
0.180312 2 0 0
-0.018879 2 2 0
-0.042805 2 -2 0
0.020103 3 1 0
0.273298 3 -1 0
-0.006755 3 3 0
-0.011248 3 -3 0
-0.183705 4 0 0
0.080643 4 2 0
0.147212 4 -2 0
-0.001796 4 4 0
0.005276 4 -4 0
-0.082931 5 1 0
-0.441346 5 -1 0
0.025630 5 3 0
0.054227 5 -3 0
0.015623 5 5 0
0.005531 5 -5 0
0.070830 6 0 0
-0.078365 6 2 0
-0.253591 6 -2 0
0.014351 6 4 0
0.031538 6 -4 0
-0.021972 6 6 0
-0.004420 6 -6 0
0.045919 7 1 0
0.387301 7 -1 0
-0.079335 7 3 0
-0.127594 7 -3 0
0.015286 7 5 0
0.003097 7 -5 0
0.017367 7 7 0
0.007049 7 -7 0
0.013647 8 0 0
0.122371 8 2 0
0.280274 8 -2 0
-0.030118 8 4 0
-0.020534 8 -4 0
-0.014223 8 6 0
-0.015385 8 -6 0
-0.010803 8 8 0
-0.020054 8 -8 0
-0.062774 9 1 0
-0.244621 9 -1 0
0.069766 9 3 0
0.136868 9 -3 0
-0.001075 9 5 0
0.010718 9 -5 0
0.017013 9 7 0
0.000512 9 -7 0
-0.009142 9 9 0
0.000545 9 -9 0
-0.068694 10 0 0
-0.062425 10 2 0
-0.197537 10 -2 0
0.044579 10 4 0
0.078257 10 -4 0
-0.021150 10 6 0
0.008715 10 -6 0
-0.007283 10 8 0
-0.015380 10 -8 0
-0.000932 10 10 0
-0.000679 10 -10 0
-0.019242 11 1 0
0.088706 11 -1 0
-0.079460 11 3 0
-0.131042 11 -3 0
0.025896 11 5 0
0.022847 11 -5 0
0.020700 11 7 0
0.021775 11 -7 0
-0.013041 11 9 0
-0.000295 11 -9 0
0.006319 11 11 0
0.007131 11 -11 0
0.056974 12 0 0
0.073529 12 2 0
0.117436 12 -2 0
-0.040831 12 4 0
-0.046655 12 -4 0
-0.010677 12 6 0
-0.020705 12 -6 0
0.000234 12 8 0
-0.011444 12 -8 0
0.001662 12 10 0
-0.000857 12 -10 0
-0.001645 12 12 0
0.012081 12 -12 0
-0.009524 13 1 0
-0.024187 13 -1 0
0.046225 13 3 0
0.080346 13 -3 0
-0.012755 13 5 0
-0.009897 13 -5 0
0.006482 13 7 0
-0.007845 13 -7 0
-0.009629 13 9 0
0.002011 13 -9 0
0.000646 13 11 0
0.002229 13 -11 0
0.002101 13 13 0
0.009464 13 -13 0
-0.048683 14 0 0
-0.009976 14 2 0
-0.045463 14 -2 0
0.037224 14 4 0
0.070309 14 -4 0
-0.017872 14 6 0
0.003040 14 -6 0
-0.006914 14 8 0
-0.021294 14 -8 0
0.004806 14 10 0
0.003136 14 -10 0
0.000678 14 12 0
0.008766 14 -12 0
-0.007256 14 14 0
-0.001562 14 -14 0
-0.036702 15 1 0
-0.022168 15 -1 0
-0.036875 15 3 0
-0.047908 15 -3 0
0.025880 15 5 0
0.035542 15 -5 0
0.016203 15 7 0
0.017692 15 -7 0
-0.013600 15 9 0
-0.006016 15 -9 0
0.006292 15 11 0
0.005816 15 -11 0
0.000227 15 13 0
0.004681 15 -13 0
0.009560 15 15 0
-0.002804 15 -15 0
0.020796 16 0 0
0.019079 16 2 0
0.015483 16 -2 0
-0.023541 16 4 0
-0.025965 16 -4 0
-0.002112 16 6 0
-0.004477 16 -6 0
0.005480 16 8 0
-0.001565 16 -8 0
-0.000534 16 10 0
-0.002629 16 -10 0
0.002037 16 12 0
0.008851 16 -12 0
-0.002985 16 14 0
0.002501 16 -14 0
-0.001438 16 16 0
-0.004409 16 -16 0
0.005674 17 1 0
0.013850 17 -1 0
0.015109 17 3 0
0.015797 17 -3 0
-0.013859 17 5 0
-0.013623 17 -5 0
0.003741 17 7 0
-0.005842 17 -7 0
-0.001739 17 9 0
0.005131 17 -9 0
0.001671 17 11 0
0.001159 17 -11 0
0.001087 17 13 0
0.009002 17 -13 0
0.003405 17 15 0
-0.003585 17 -15 0
-0.006689 17 17 0
0.000703 17 -17 0
-0.012170 18 0 0
0.010232 18 2 0
0.001140 18 -2 0
0.017167 18 4 0
0.028096 18 -4 0
-0.013074 18 6 0
-0.007582 18 -6 0
-0.005486 18 8 0
-0.011765 18 -8 0
0.002497 18 10 0
0.003299 18 -10 0
-0.001546 18 12 0
0.005325 18 -12 0
-0.003356 18 14 0
-0.000703 18 -14 0
-0.000843 18 16 0
-0.002688 18 -16 0
0.002724 18 18 0
-0.001256 18 -18 0
-0.018970 19 1 0
-0.016794 19 -1 0
-0.009768 19 3 0
-0.006741 19 -3 0
0.013441 19 5 0
0.020021 19 -5 0
0.003299 19 7 0
0.006654 19 -7 0
-0.006863 19 9 0
-0.006203 19 -9 0
0.003448 19 11 0
