0.048394 1 1 0
0.043799 1 -1 0
0.131630 2 0 0
-0.020762 2 2 0
0.001899 2 -2 0
0.017794 3 1 0
-0.170684 3 -1 0
0.023074 3 3 0
0.011813 3 -3 0
-0.066135 4 0 0
-0.045243 4 2 0
0.111540 4 -2 0
-0.004401 4 4 0
-0.028334 4 -4 0
-0.029738 5 1 0
0.236019 5 -1 0
0.056781 5 3 0
-0.071555 5 -3 0
0.045037 5 5 0
-0.012037 5 -5 0
0.004570 6 0 0
0.021263 6 2 0
-0.135713 6 -2 0
-0.030079 6 4 0
0.017865 6 -4 0
0.031389 6 6 0
-0.043049 6 -6 0
0.012500 7 1 0
-0.131465 7 -1 0
-0.029370 7 3 0
0.078791 7 -3 0
0.045677 7 5 0
-0.023473 7 -5 0
0.021288 7 7 0
0.024630 7 -7 0
0.050075 8 0 0
-0.077385 8 2 0
0.169686 8 -2 0
0.007609 8 4 0
-0.051673 8 -4 0
0.027902 8 6 0
-0.036229 8 -6 0
-0.002576 8 8 0
-0.000612 8 -8 0
-0.006220 9 1 0
0.072724 9 -1 0
0.076886 9 3 0
-0.120169 9 -3 0
0.026821 9 5 0
0.000027 9 -5 0
0.011966 9 7 0
0.023549 9 -7 0
-0.017292 9 9 0
0.012205 9 -9 0
-0.037660 10 0 0
0.006795 10 2 0
-0.069584 10 -2 0
-0.048763 10 4 0
0.045597 10 -4 0
0.034258 10 6 0
-0.034469 10 -6 0
0.008877 10 8 0
0.000358 10 -8 0
-0.034968 10 10 0
0.004511 10 -10 0
-0.011192 11 1 0
0.022005 11 -1 0
-0.016196 11 3 0
0.056979 11 -3 0
0.056081 11 5 0
-0.034596 11 -5 0
0.012127 11 7 0
0.012837 11 -7 0
-0.014666 11 9 0
0.009522 11 -9 0
0.001958 11 11 0
0.005765 11 -11 0
0.037576 12 0 0
-0.035483 12 2 0
0.055303 12 -2 0
0.012601 12 4 0
-0.054261 12 -4 0
0.018032 12 6 0
-0.028001 12 -6 0
-0.000786 12 8 0
0.005857 12 -8 0
-0.027596 12 10 0
0.007936 12 -10 0
0.009728 12 12 0
-0.000984 12 -12 0
0.008079 13 1 0
-0.004913 13 -1 0
0.038082 13 3 0
-0.048987 13 -3 0
0.009917 13 5 0
0.014193 13 -5 0
0.007558 13 7 0
0.021818 13 -7 0
-0.009195 13 9 0
0.003219 13 -9 0
0.000017 13 11 0
0.002373 13 -11 0
-0.009376 13 13 0
0.001269 13 -13 0
-0.010474 14 0 0
-0.014432 14 2 0
0.006259 14 -2 0
-0.029559 14 4 0
0.030112 14 -4 0
0.030049 14 6 0
-0.033150 14 -6 0
0.007513 14 8 0
-0.004604 14 -8 0
-0.021292 14 10 0
0.007060 14 -10 0
0.007535 14 12 0
-0.001577 14 -12 0
0.017045 14 14 0
0.004780 14 -14 0
-0.011879 15 1 0
0.032358 15 -1 0
0.001652 15 3 0
0.005261 15 -3 0
0.034485 15 5 0
-0.030591 15 -5 0
0.001155 15 7 0
0.010697 15 -7 0
-0.012867 15 9 0
0.007972 15 -9 0
0.004513 15 11 0
0.003583 15 -11 0
-0.004274 15 13 0
-0.000640 15 -13 0
-0.000948 15 15 0
0.008957 15 -15 0
0.009977 16 0 0
-0.006544 16 2 0
0.003808 16 -2 0
0.003133 16 4 0
-0.018217 16 -4 0
0.003013 16 6 0
-0.004358 16 -6 0
0.000986 16 8 0
0.005048 16 -8 0
-0.007945 16 10 0
-0.000057 16 -10 0
0.003948 16 12 0
-0.000776 16 -12 0
0.009903 16 14 0
0.001630 16 -14 0
0.000145 16 16 0
0.004285 16 -16 0
0.005229 17 1 0
-0.003649 17 -1 0
0.008902 17 3 0
-0.005762 17 -3 0
0.002125 17 5 0
0.009308 17 -5 0
0.004800 17 7 0
0.006330 17 -7 0
-0.001908 17 9 0
-0.001502 17 -9 0
0.000244 17 11 0
0.001857 17 -11 0
-0.002315 17 13 0
-0.000988 17 -13 0
-0.002230 17 15 0
0.002964 17 -15 0
-0.005438 17 17 0
0.004807 17 -17 0
0.000874 18 0 0
-0.010961 18 2 0
0.010172 18 -2 0
-0.008188 18 4 0
0.006676 18 -4 0
0.012649 18 6 0
-0.019770 18 -6 0
0.002340 18 8 0
-0.003092 18 -8 0
-0.008945 18 10 0
0.004107 18 -10 0
0.004293 18 12 0
-0.001159 18 -12 0
0.005422 18 14 0
0.002088 18 -14 0
-0.003433 18 16 0
0.003495 18 -16 0
-0.000344 18 18 0
0.001812 18 -18 0
-0.003201 19 1 0
0.012865 19 -1 0
0.001698 19 3 0
-0.004948 19 -3 0
0.011252 19 5 0
-0.008252 19 -5 0
-0.004319 19 7 0
0.007520 19 -7 0
-0.004937 19 9 0
0.002896 19 -9 0
0.002663 19 11 0
