-0.027031 1 1 0
0.008896 1 -1 0
0.075967 2 0 0
0.009475 2 2 0
0.002693 2 -2 0
0.027026 3 1 0
-0.151188 3 -1 0
0.015106 3 3 0
0.003616 3 -3 0
-0.053716 4 0 0
-0.036541 4 2 0
0.111675 4 -2 0
-0.008047 4 4 0
-0.009542 4 -4 0
-0.023185 5 1 0
0.242516 5 -1 0
0.061344 5 3 0
-0.065130 5 -3 0
0.043327 5 5 0
-0.004365 5 -5 0
-0.000955 6 0 0
0.040886 6 2 0
-0.120987 6 -2 0
-0.034542 6 4 0
0.018825 6 -4 0
0.023277 6 6 0
-0.049869 6 -6 0
0.027810 7 1 0
-0.124181 7 -1 0
-0.011113 7 3 0
0.085996 7 -3 0
0.045266 7 5 0
-0.024986 7 -5 0
0.010086 7 7 0
0.019199 7 -7 0
0.046466 8 0 0
-0.060725 8 2 0
0.174754 8 -2 0
0.006265 8 4 0
-0.044032 8 -4 0
0.024937 8 6 0
-0.045319 8 -6 0
-0.002252 8 8 0
-0.009836 8 -8 0
-0.000298 9 1 0
0.081885 9 -1 0
0.086211 9 3 0
-0.112460 9 -3 0
0.028616 9 5 0
0.001825 9 -5 0
0.006367 9 7 0
0.020959 9 -7 0
0.000641 9 9 0
0.002449 9 -9 0
-0.043656 10 0 0
0.022575 10 2 0
-0.064665 10 -2 0
-0.055233 10 4 0
0.051379 10 -4 0
0.028646 10 6 0
-0.041297 10 -6 0
0.004801 10 8 0
-0.007861 10 -8 0
-0.028053 10 10 0
-0.006911 10 -10 0
-0.001905 11 1 0
0.025029 11 -1 0
-0.004072 11 3 0
0.063381 11 -3 0
0.056171 11 5 0
-0.034933 11 -5 0
0.004834 11 7 0
0.015541 11 -7 0
-0.002412 11 9 0
0.000304 11 -9 0
0.021035 11 11 0
0.007587 11 -11 0
0.033845 12 0 0
-0.023729 12 2 0
0.060135 12 -2 0
0.013264 12 4 0
-0.049123 12 -4 0
0.013096 12 6 0
-0.033334 12 -6 0
-0.000484 12 8 0
-0.001338 12 -8 0
-0.018715 12 10 0
-0.002005 12 -10 0
0.021451 12 12 0
-0.005471 12 -12 0
0.014917 13 1 0
-0.001409 13 -1 0
0.046445 13 3 0
-0.046590 13 -3 0
0.008463 13 5 0
0.012261 13 -5 0
0.003014 13 7 0
0.020667 13 -7 0
-0.000082 13 9 0
-0.002197 13 -9 0
0.018138 13 11 0
0.003787 13 -11 0
-0.005389 13 13 0
0.005653 13 -13 0
-0.014920 14 0 0
-0.006480 14 2 0
0.007036 14 -2 0
-0.032380 14 4 0
0.030201 14 -4 0
0.027397 14 6 0
-0.034890 14 -6 0
0.006357 14 8 0
-0.008399 14 -8 0
-0.015555 14 10 0
0.003089 14 -10 0
0.018890 14 12 0
-0.004908 14 -12 0
0.023105 14 14 0
0.001468 14 -14 0
-0.009024 15 1 0
0.034150 15 -1 0
0.009441 15 3 0
0.007962 15 -3 0
0.036321 15 5 0
-0.030680 15 -5 0
-0.002802 15 7 0
0.011283 15 -7 0
-0.005657 15 9 0
0.002177 15 -9 0
0.018849 15 11 0
0.003294 15 -11 0
-0.002925 15 13 0
0.002079 15 -13 0
-0.002690 15 15 0
0.006981 15 -15 0
0.007899 16 0 0
-0.000596 16 2 0
0.005879 16 -2 0
0.002691 16 4 0
-0.016692 16 -4 0
0.000815 16 6 0
-0.008018 16 -6 0
-0.000999 16 8 0
0.000507 16 -8 0
-0.005266 16 10 0
-0.001850 16 -10 0
0.009173 16 12 0
-0.001774 16 -12 0
0.012728 16 14 0
0.002026 16 -14 0
0.002802 16 16 0
0.000859 16 -16 0
0.007625 17 1 0
-0.004134 17 -1 0
0.012086 17 3 0
-0.006422 17 -3 0
0.002307 17 5 0
0.008115 17 -5 0
0.004017 17 7 0
0.006088 17 -7 0
0.001723 17 9 0
-0.003017 17 -9 0
0.006734 17 11 0
0.003101 17 -11 0
0.000421 17 13 0
0.002694 17 -13 0
-0.001345 17 15 0
0.001517 17 -15 0
-0.004987 17 17 0
0.002489 17 -17 0
-0.002050 18 0 0
-0.008589 18 2 0
0.011382 18 -2 0
-0.010072 18 4 0
0.004830 18 -4 0
0.012448 18 6 0
-0.019923 18 -6 0
0.001593 18 8 0
-0.002780 18 -8 0
-0.006202 18 10 0
0.003342 18 -10 0
0.005802 18 12 0
-0.001744 18 -12 0
0.006243 18 14 0
0.001837 18 -14 0
-0.001506 18 16 0
0.002050 18 -16 0
0.003121 18 18 0
0.001623 18 -18 0
-0.002581 19 1 0
0.012571 19 -1 0
0.004120 19 3 0
-0.004566 19 -3 0
0.011887 19 5 0
-0.011719 19 -5 0
-0.005631 19 7 0
0.009532 19 -7 0
-0.003352 19 9 0
0.001080 19 -9 0
0.006554 19 11 0
