-0.013637 1 1 0
0.085166 1 -1 0
0.114301 2 0 0
0.006157 2 2 0
-0.013496 2 -2 0
0.031812 3 1 0
-0.154316 3 -1 0
0.037273 3 3 0
-0.013953 3 -3 0
-0.052877 4 0 0
-0.028121 4 2 0
0.126837 4 -2 0
0.007672 4 4 0
-0.021941 4 -4 0
-0.029509 5 1 0
0.243667 5 -1 0
0.066952 5 3 0
-0.060577 5 -3 0
0.057378 5 5 0
-0.009772 5 -5 0
0.010377 6 0 0
0.030776 6 2 0
-0.126450 6 -2 0
-0.024777 6 4 0
0.014614 6 -4 0
0.041409 6 6 0
-0.063433 6 -6 0
0.030654 7 1 0
-0.131043 7 -1 0
-0.006314 7 3 0
0.075527 7 -3 0
0.062487 7 5 0
-0.023493 7 -5 0
0.013914 7 7 0
0.023232 7 -7 0
0.059244 8 0 0
-0.060269 8 2 0
0.177794 8 -2 0
0.017745 8 4 0
-0.062128 8 -4 0
0.035581 8 6 0
-0.048223 8 -6 0
0.009824 8 8 0
-0.004505 8 -8 0
0.001536 9 1 0
0.079240 9 -1 0
0.097359 9 3 0
-0.117496 9 -3 0
0.042606 9 5 0
-0.000560 9 -5 0
0.010055 9 7 0
0.028866 9 -7 0
-0.022884 9 9 0
0.005744 9 -9 0
-0.030489 10 0 0
0.018984 10 2 0
-0.057084 10 -2 0
-0.046426 10 4 0
0.042307 10 -4 0
0.033628 10 6 0
-0.049318 10 -6 0
0.011587 10 8 0
-0.001613 10 -8 0
-0.023477 10 10 0
0.004379 10 -10 0
-0.004740 11 1 0
0.023571 11 -1 0
-0.000760 11 3 0
0.055517 11 -3 0
0.068761 11 5 0
-0.035748 11 -5 0
0.007626 11 7 0
0.020117 11 -7 0
-0.022108 11 9 0
0.008271 11 -9 0
0.006419 11 11 0
-0.001551 11 -11 0
0.042374 12 0 0
-0.025864 12 2 0
0.061841 12 -2 0
0.020322 12 4 0
-0.058368 12 -4 0
0.023050 12 6 0
-0.037797 12 -6 0
0.007918 12 8 0
0.002455 12 -8 0
-0.014510 12 10 0
0.004460 12 -10 0
0.010137 12 12 0
0.000857 12 -12 0
0.013240 13 1 0
-0.003469 13 -1 0
0.051887 13 3 0
-0.051259 13 -3 0
0.019941 13 5 0
0.012423 13 -5 0
0.006811 13 7 0
0.022778 13 -7 0
-0.014591 13 9 0
0.000352 13 -9 0
0.008266 13 11 0
-0.001240 13 -11 0
-0.001543 13 13 0
0.004007 13 -13 0
-0.008417 14 0 0
-0.006767 14 2 0
0.011153 14 -2 0
-0.025670 14 4 0
0.025881 14 -4 0
0.032002 14 6 0
-0.039397 14 -6 0
0.010115 14 8 0
-0.006346 14 -8 0
-0.014435 14 10 0
0.005210 14 -10 0
0.009456 14 12 0
-0.000127 14 -12 0
0.011710 14 14 0
-0.001271 14 -14 0
-0.009432 15 1 0
0.034533 15 -1 0
0.010977 15 3 0
0.003856 15 -3 0
0.041795 15 5 0
-0.031519 15 -5 0
-0.000039 15 7 0
0.012174 15 -7 0
-0.018470 15 9 0
0.005692 15 -9 0
0.009409 15 11 0
0.000045 15 -11 0
0.000486 15 13 0
0.001738 15 -13 0
-0.002236 15 15 0
0.010968 15 -15 0
0.011681 16 0 0
-0.000936 16 2 0
0.008401 16 -2 0
0.005378 16 4 0
-0.020584 16 -4 0
0.003983 16 6 0
-0.008205 16 -6 0
0.002115 16 8 0
0.003107 16 -8 0
-0.002656 16 10 0
0.000312 16 -10 0
0.004566 16 12 0
-0.000431 16 -12 0
0.005844 16 14 0
0.000953 16 -14 0
-0.001041 16 16 0
0.002482 16 -16 0
0.007132 17 1 0
-0.004625 17 -1 0
0.013168 17 3 0
-0.008950 17 -3 0
0.007036 17 5 0
0.008719 17 -5 0
0.005289 17 7 0
0.006602 17 -7 0
-0.002864 17 9 0
-0.001362 17 -9 0
0.003007 17 11 0
-0.000255 17 -11 0
0.001098 17 13 0
0.001016 17 -13 0
-0.001573 17 15 0
0.001955 17 -15 0
-0.006345 17 17 0
0.005749 17 -17 0
0.001362 18 0 0
-0.010552 18 2 0
0.012696 18 -2 0
-0.007564 18 4 0
0.004667 18 -4 0
0.015083 18 6 0
-0.022096 18 -6 0
0.003805 18 8 0
-0.002257 18 -8 0
-0.006032 18 10 0
0.002732 18 -10 0
0.005277 18 12 0
0.000592 18 -12 0
0.003870 18 14 0
-0.000693 18 -14 0
-0.004723 18 16 0
0.000932 18 -16 0
0.000439 18 18 0
-0.001790 18 -18 0
-0.002602 19 1 0
0.011883 19 -1 0
0.005465 19 3 0
-0.004480 19 -3 0
0.013561 19 5 0
-0.009759 19 -5 0
-0.004751 19 7 0
0.007866 19 -7 0
-0.006039 19 9 0
0.001420 19 -9 0
0.003286 19 11 0
