0.017531 1 1 0
0.153774 1 -1 0
0.032251 2 0 0
0.009749 2 2 0
-0.084522 2 -2 0
0.015096 3 1 0
-0.005215 3 -1 0
0.012224 3 3 0
0.048999 3 -3 0
-0.002757 4 0 0
-0.006712 4 2 0
0.024888 4 -2 0
-0.004532 4 4 0
-0.016628 4 -4 0
0.007559 5 1 0
0.020252 5 -1 0
0.016557 5 3 0
-0.016617 5 -3 0
0.012095 5 5 0
-0.002567 5 -5 0
-0.002231 6 0 0
-0.003635 6 2 0
-0.008285 6 -2 0
-0.030740 6 4 0
-0.008601 6 -4 0
-0.027474 6 6 0
0.023734 6 -6 0
-0.018128 7 1 0
0.001330 7 -1 0
0.010810 7 3 0
-0.005538 7 -3 0
0.003412 7 5 0
-0.009671 7 -5 0
-0.010154 7 7 0
-0.038333 7 -7 0
0.007899 8 0 0
0.000478 8 2 0
0.013195 8 -2 0
-0.016883 8 4 0
0.006857 8 -4 0
0.008019 8 6 0
0.003116 8 -6 0
0.002097 8 8 0
0.011174 8 -8 0
0.006368 9 1 0
0.005531 9 -1 0
0.016446 9 3 0
-0.015669 9 -3 0
-0.007157 9 5 0
-0.010121 9 -5 0
-0.012909 9 7 0
-0.021092 9 -7 0
-0.006246 9 9 0
0.016951 9 -9 0
0.001238 10 0 0
-0.007166 10 2 0
0.003229 10 -2 0
-0.025081 10 4 0
-0.002212 10 -4 0
-0.001351 10 6 0
0.015119 10 -6 0
0.005275 10 8 0
-0.007400 10 -8 0
0.022887 10 10 0
-0.023378 10 -10 0
-0.002460 11 1 0
0.007612 11 -1 0
0.015806 11 3 0
-0.007015 11 -3 0
0.001193 11 5 0
-0.012967 11 -5 0
-0.011666 11 7 0
-0.027208 11 -7 0
-0.001409 11 9 0
0.019596 11 -9 0
-0.018083 11 11 0
0.008563 11 -11 0
0.004104 12 0 0
-0.004027 12 2 0
0.005504 12 -2 0
-0.011191 12 4 0
0.001448 12 -4 0
-0.000143 12 6 0
0.007382 12 -6 0
0.000324 12 8 0
0.007293 12 -8 0
0.028323 12 10 0
-0.024119 12 -10 0
0.004036 12 12 0
-0.000118 12 -12 0
-0.001927 13 1 0
0.001744 13 -1 0
0.010685 13 3 0
-0.011314 13 -3 0
-0.006795 13 5 0
-0.009819 13 -5 0
-0.012502 13 7 0
-0.023756 13 -7 0
-0.002101 13 9 0
0.010263 13 -9 0
-0.013128 13 11 0
0.013171 13 -11 0
-0.004315 13 13 0
-0.002047 13 -13 0
0.003887 14 0 0
-0.001242 14 2 0
0.004816 14 -2 0
-0.016220 14 4 0
-0.000226 14 -4 0
0.001888 14 6 0
0.009506 14 -6 0
0.003491 14 8 0
0.003716 14 -8 0
0.016898 14 10 0
-0.011763 14 -10 0
0.002104 14 12 0
-0.003454 14 -12 0
0.006048 14 14 0
0.001153 14 -14 0
0.003940 15 1 0
0.001087 15 -1 0
0.010223 15 3 0
-0.008324 15 -3 0
-0.003399 15 5 0
-0.006240 15 -5 0
-0.010568 15 7 0
-0.017431 15 -7 0
-0.000304 15 9 0
0.004593 15 -9 0
-0.009167 15 11 0
0.002212 15 -11 0
-0.007598 15 13 0
0.001129 15 -13 0
-0.003438 15 15 0
0.001696 15 -15 0
0.000757 16 0 0
-0.002754 16 2 0
0.003036 16 -2 0
-0.009581 16 4 0
0.000478 16 -4 0
0.002216 16 6 0
0.003033 16 -6 0
0.000819 16 8 0
0.005313 16 -8 0
0.010009 16 10 0
-0.007107 16 -10 0
0.000020 16 12 0
0.001748 16 -12 0
0.004338 16 14 0
0.001813 16 -14 0
0.006817 16 16 0
0.003324 16 -16 0
0.001463 17 1 0
0.001999 17 -1 0
0.006544 17 3 0
-0.003573 17 -3 0
-0.002427 17 5 0
-0.005342 17 -5 0
-0.004476 17 7 0
-0.010539 17 -7 0
0.001271 17 9 0
0.001288 17 -9 0
-0.000922 17 11 0
0.001370 17 -11 0
-0.000831 17 13 0
-0.002932 17 -13 0
-0.000678 17 15 0
-0.000255 17 -15 0
-0.005934 17 17 0
0.002799 17 -17 0
0.002049 18 0 0
-0.002517 18 2 0
0.004333 18 -2 0
-0.005687 18 4 0
0.000131 18 -4 0
0.000713 18 6 0
0.005761 18 -6 0
-0.001164 18 8 0
0.003985 18 -8 0
0.005070 18 10 0
-0.001732 18 -10 0
-0.002517 18 12 0
-0.003098 18 -12 0
0.000897 18 14 0
0.003084 18 -14 0
-0.000045 18 16 0
0.001240 18 -16 0
0.009185 18 18 0
0.003837 18 -18 0
0.003317 19 1 0
-0.000468 19 -1 0
0.003163 19 3 0
-0.002893 19 -3 0
-0.001927 19 5 0
-0.002743 19 -5 0
-0.006861 19 7 0
-0.006118 19 -7 0
0.002162 19 9 0
0.000837 19 -9 0
-0.001591 19 11 0
