0.052208 1 1 0
0.110028 1 -1 0
0.019764 2 0 0
-0.025865 2 2 0
-0.066872 2 -2 0
0.021469 3 1 0
0.007358 3 -1 0
-0.019787 3 3 0
0.029650 3 -3 0
-0.005314 4 0 0
-0.004019 4 2 0
0.013238 4 -2 0
-0.013713 4 4 0
-0.002970 4 -4 0
-0.010523 5 1 0
0.020111 5 -1 0
0.021880 5 3 0
-0.017595 5 -3 0
0.014000 5 5 0
0.013034 5 -5 0
-0.006665 6 0 0
-0.004892 6 2 0
-0.007054 6 -2 0
-0.009274 6 4 0
0.000125 6 -4 0
-0.001970 6 6 0
0.019974 6 -6 0
-0.006892 7 1 0
0.009991 7 -1 0
0.010986 7 3 0
-0.001035 7 -3 0
0.012636 7 5 0
-0.019214 7 -5 0
-0.022726 7 7 0
-0.029212 7 -7 0
-0.007279 8 0 0
-0.009982 8 2 0
-0.010661 8 -2 0
-0.017825 8 4 0
-0.001997 8 -4 0
-0.013799 8 6 0
0.016568 8 -6 0
0.011975 8 8 0
0.014102 8 -8 0
0.004996 9 1 0
0.015682 9 -1 0
0.014582 9 3 0
-0.007121 9 -3 0
0.012926 9 5 0
-0.005390 9 -5 0
-0.008717 9 7 0
-0.006540 9 -7 0
-0.024471 9 9 0
-0.015939 9 -9 0
-0.002570 10 0 0
-0.006632 10 2 0
-0.007142 10 -2 0
-0.015121 10 4 0
0.000598 10 -4 0
-0.009683 10 6 0
0.013979 10 -6 0
0.008931 10 8 0
-0.006233 10 -8 0
0.022125 10 10 0
-0.003349 10 -10 0
-0.001732 11 1 0
0.011845 11 -1 0
0.014592 11 3 0
-0.004738 11 -3 0
0.009149 11 5 0
-0.012958 11 -5 0
-0.012640 11 7 0
-0.016004 11 -7 0
-0.014584 11 9 0
-0.012290 11 -9 0
0.006049 11 11 0
-0.008500 11 -11 0
-0.003802 12 0 0
-0.008485 12 2 0
-0.005666 12 -2 0
-0.010533 12 4 0
-0.000474 12 -4 0
-0.005609 12 6 0
0.011550 12 -6 0
0.008724 12 8 0
0.004759 12 -8 0
0.019482 12 10 0
-0.006058 12 -10 0
0.001710 12 12 0
0.001178 12 -12 0
0.000419 13 1 0
0.007985 13 -1 0
0.011280 13 3 0
-0.006921 13 -3 0
0.004067 13 5 0
-0.003715 13 -5 0
-0.011789 13 7 0
-0.009173 13 -7 0
-0.014322 13 9 0
-0.010987 13 -9 0
0.008257 13 11 0
-0.004778 13 -11 0
0.012226 13 13 0
0.000232 13 -13 0
-0.000573 14 0 0
-0.004773 14 2 0
-0.001166 14 -2 0
-0.011463 14 4 0
-0.002896 14 -4 0
-0.003770 14 6 0
0.008660 14 -6 0
0.008456 14 8 0
-0.000380 14 -8 0
0.010937 14 10 0
0.000054 14 -10 0
0.002112 14 12 0
-0.000272 14 -12 0
0.002091 14 14 0
0.007468 14 -14 0
0.003437 15 1 0
0.001655 15 -1 0
0.009391 15 3 0
-0.003843 15 -3 0
0.004231 15 5 0
-0.004002 15 -5 0
-0.011125 15 7 0
-0.009020 15 -7 0
-0.008880 15 9 0
-0.008342 15 -9 0
0.003929 15 11 0
-0.003838 15 -11 0
0.006040 15 13 0
0.000629 15 -13 0
0.003877 15 15 0
0.005268 15 -15 0
-0.000814 16 0 0
-0.004966 16 2 0
-0.001159 16 -2 0
-0.007504 16 4 0
-0.000446 16 -4 0
-0.002989 16 6 0
0.001961 16 -6 0
0.004891 16 8 0
0.003041 16 -8 0
0.006949 16 10 0
-0.002427 16 -10 0
0.000922 16 12 0
0.000902 16 -12 0
0.001141 16 14 0
0.009492 16 -14 0
0.005716 16 16 0
0.009317 16 -16 0
0.001506 17 1 0
0.003956 17 -1 0
0.005175 17 3 0
-0.002864 17 -3 0
0.001977 17 5 0
-0.003224 17 -5 0
-0.003082 17 7 0
-0.004960 17 -7 0
-0.004375 17 9 0
-0.003637 17 -9 0
0.003887 17 11 0
-0.003294 17 -11 0
0.003152 17 13 0
0.000182 17 -13 0
-0.000940 17 15 0
-0.001914 17 -15 0
-0.003017 17 17 0
0.001814 17 -17 0
0.000497 18 0 0
-0.002875 18 2 0
0.002762 18 -2 0
-0.004620 18 4 0
0.001176 18 -4 0
-0.000340 18 6 0
0.006036 18 -6 0
0.000875 18 8 0
0.000778 18 -8 0
0.002507 18 10 0
0.000774 18 -10 0
-0.001959 18 12 0
-0.000674 18 -12 0
0.000012 18 14 0
0.004323 18 -14 0
-0.000835 18 16 0
0.005534 18 -16 0
0.001670 18 18 0
0.001431 18 -18 0
0.003093 19 1 0
-0.001791 19 -1 0
0.002824 19 3 0
-0.002460 19 -3 0
-0.000815 19 5 0
-0.000952 19 -5 0
-0.005772 19 7 0
-0.002285 19 -7 0
-0.001723 19 9 0
-0.001898 19 -9 0
0.001114 19 11 0
