-0.043975 1 1 0
0.320730 1 -1 0
-0.020721 2 0 0
-0.075757 2 2 0
0.080006 2 -2 0
0.136030 3 1 0
-0.253497 3 -1 0
-0.095651 3 3 0
0.056412 3 -3 0
-0.123691 4 0 0
0.245883 4 2 0
-0.201534 4 -2 0
-0.097428 4 4 0
-0.008586 4 -4 0
0.036710 5 1 0
-0.089176 5 -1 0
0.296446 5 3 0
-0.106203 5 -3 0
-0.074341 5 5 0
-0.058321 5 -5 0
0.082415 6 0 0
-0.072268 6 2 0
0.034976 6 -2 0
0.247329 6 4 0
0.015443 6 -4 0
-0.050126 6 6 0
-0.033179 6 -6 0
-0.072861 7 1 0
0.139610 7 -1 0
-0.146072 7 3 0
0.044928 7 -3 0
0.184856 7 5 0
0.062736 7 -5 0
-0.013674 7 7 0
-0.101204 7 -7 0
0.041885 8 0 0
-0.071968 8 2 0
0.045855 8 -2 0
-0.164853 8 4 0
-0.039888 8 -4 0
0.076119 8 6 0
0.143072 8 -6 0
0.050670 8 8 0
-0.023083 8 -8 0
0.027065 9 1 0
-0.035249 9 -1 0
0.013634 9 3 0
-0.003938 9 -3 0
-0.113946 9 5 0
-0.083491 9 -5 0
-0.004443 9 7 0
0.085586 9 -7 0
-0.009482 9 9 0
0.019584 9 -9 0
-0.013979 10 0 0
0.054834 10 2 0
-0.038215 10 -2 0
0.068782 10 4 0
0.005501 10 -4 0
-0.070695 10 6 0
-0.045785 10 -6 0
-0.012107 10 8 0
0.063811 10 -8 0
0.001883 10 10 0
-0.047976 10 -10 0
0.012371 11 1 0
0.014767 11 -1 0
0.059089 11 3 0
0.013774 11 -3 0
0.089667 11 5 0
0.043055 11 -5 0
-0.042617 11 7 0
-0.064217 11 -7 0
-0.065482 11 9 0
0.056087 11 -9 0
0.007793 11 11 0
0.008695 11 -11 0
0.029364 12 0 0
-0.022312 12 2 0
0.010768 12 -2 0
0.026282 12 4 0
0.013149 12 -4 0
0.044236 12 6 0
0.098058 12 -6 0
0.014916 12 8 0
-0.030734 12 -8 0
-0.033655 12 10 0
-0.045686 12 -10 0
-0.029982 12 12 0
-0.017848 12 -12 0
-0.014231 13 1 0
0.058761 13 -1 0
-0.025278 13 3 0
0.017323 13 -3 0
-0.003270 13 5 0
0.011432 13 -5 0
0.001869 13 7 0
0.074293 13 -7 0
-0.010504 13 9 0
0.010896 13 -9 0
-0.000366 13 11 0
-0.006017 13 -11 0
0.032285 13 13 0
-0.038952 13 -13 0
0.017526 14 0 0
-0.017653 14 2 0
0.015147 14 -2 0
-0.015337 14 4 0
-0.007543 14 -4 0
-0.017989 14 6 0
0.020057 14 -6 0
0.008965 14 8 0
0.056908 14 -8 0
0.009841 14 10 0
-0.034287 14 -10 0
-0.020148 14 12 0
-0.025454 14 -12 0
-0.032718 14 14 0
0.035515 14 -14 0
0.010875 15 1 0
0.032224 15 -1 0
0.007814 15 3 0
0.028087 15 -3 0
0.006361 15 5 0
0.011460 15 -5 0
-0.024519 15 7 0
0.003455 15 -7 0
-0.027920 15 9 0
0.066511 15 -9 0
0.019228 15 11 0
0.013662 15 -11 0
0.026896 15 13 0
-0.024467 15 -13 0
0.017879 15 15 0
-0.046851 15 -15 0
0.003591 16 0 0
0.012641 16 2 0
0.001393 16 -2 0
0.015749 16 4 0
0.020165 16 -4 0
0.001141 16 6 0
0.024565 16 -6 0
0.004108 16 8 0
-0.004134 16 -8 0
-0.018555 16 10 0
0.001850 16 -10 0
0.000217 16 12 0
0.005125 16 -12 0
-0.012129 16 14 0
0.019356 16 -14 0
0.010746 16 16 0
0.012661 16 -16 0
0.005584 17 1 0
0.026140 17 -1 0
0.011102 17 3 0
0.021098 17 -3 0
0.007675 17 5 0
0.032931 17 -5 0
-0.008519 17 7 0
0.029866 17 -7 0
-0.011180 17 9 0
0.012653 17 -9 0
-0.007100 17 11 0
0.014694 17 -11 0
0.012340 17 13 0
0.008718 17 -13 0
0.015276 17 15 0
-0.021180 17 -15 0
-0.001055 17 17 0
-0.008699 17 -17 0
0.005432 18 0 0
-0.004606 18 2 0
0.005974 18 -2 0
0.004312 18 4 0
0.009976 18 -4 0
-0.004462 18 6 0
0.030579 18 -6 0
-0.002656 18 8 0
0.020036 18 -8 0
-0.001466 18 10 0
-0.013756 18 -10 0
-0.010832 18 12 0
-0.002306 18 -12 0
-0.014376 18 14 0
0.021872 18 -14 0
0.011162 18 16 0
0.008154 18 -16 0
0.001761 18 18 0
-0.001078 18 -18 0
-0.000009 19 1 0
0.020344 19 -1 0
-0.010452 19 3 0
0.006977 19 -3 0
-0.000197 19 5 0
0.007078 19 -5 0
-0.016246 19 7 0
0.016724 19 -7 0
-0.011059 19 9 0
0.024526 19 -9 0
0.001998 19 11 0
