0.028972 1 1 0
0.307336 1 -1 0
-0.034992 2 0 0
-0.093596 2 2 0
0.048885 2 -2 0
0.128921 3 1 0
-0.238670 3 -1 0
-0.082654 3 3 0
0.068547 3 -3 0
-0.124160 4 0 0
0.241651 4 2 0
-0.198443 4 -2 0
-0.100322 4 4 0
-0.022734 4 -4 0
0.034805 5 1 0
-0.079372 5 -1 0
0.295939 5 3 0
-0.107432 5 -3 0
-0.062749 5 5 0
-0.058925 5 -5 0
0.071235 6 0 0
-0.072371 6 2 0
0.028871 6 -2 0
0.238955 6 4 0
0.020860 6 -4 0
-0.047189 6 6 0
-0.026697 6 -6 0
-0.061768 7 1 0
0.145956 7 -1 0
-0.140281 7 3 0
0.044048 7 -3 0
0.195203 7 5 0
0.060491 7 -5 0
-0.021723 7 7 0
-0.108395 7 -7 0
0.033873 8 0 0
-0.077523 8 2 0
0.042309 8 -2 0
-0.168936 8 4 0
-0.035045 8 -4 0
0.075339 8 6 0
0.158755 8 -6 0
0.062078 8 8 0
-0.017656 8 -8 0
0.027957 9 1 0
-0.026248 9 -1 0
0.014126 9 3 0
-0.009362 9 -3 0
-0.104717 9 5 0
-0.089865 9 -5 0
-0.012569 9 7 0
0.073087 9 -7 0
-0.024137 9 9 0
0.027782 9 -9 0
-0.020893 10 0 0
0.049426 10 2 0
-0.043034 10 -2 0
0.062932 10 4 0
0.004576 10 -4 0
-0.072053 10 6 0
-0.027440 10 -6 0
-0.003537 10 8 0
0.063657 10 -8 0
0.010690 10 10 0
-0.049687 10 -10 0
0.019821 11 1 0
0.018179 11 -1 0
0.063592 11 3 0
0.011550 11 -3 0
0.098209 11 5 0
0.040688 11 -5 0
-0.048214 11 7 0
-0.077720 11 -7 0
-0.078153 11 9 0
0.061651 11 -9 0
0.009269 11 11 0
0.011477 11 -11 0
0.021794 12 0 0
-0.024933 12 2 0
0.008344 12 -2 0
0.022289 12 4 0
0.015353 12 -4 0
0.042966 12 6 0
0.110061 12 -6 0
0.021101 12 8 0
-0.028729 12 -8 0
-0.026006 12 10 0
-0.047964 12 -10 0
-0.042308 12 12 0
-0.014012 12 -12 0
-0.014620 13 1 0
0.061778 13 -1 0
-0.024998 13 3 0
0.010564 13 -3 0
0.005395 13 5 0
0.009831 13 -5 0
-0.002122 13 7 0
0.062913 13 -7 0
-0.018999 13 9 0
0.013976 13 -9 0
-0.000029 13 11 0
-0.006719 13 -11 0
0.038169 13 13 0
-0.039972 13 -13 0
0.014667 14 0 0
-0.019399 14 2 0
0.014545 14 -2 0
-0.017459 14 4 0
-0.006996 14 -4 0
-0.019109 14 6 0
0.029736 14 -6 0
0.011441 14 8 0
0.060538 14 -8 0
0.015098 14 10 0
-0.035972 14 -10 0
-0.029862 14 12 0
-0.022092 14 -12 0
-0.032670 14 14 0
0.033429 14 -14 0
0.014361 15 1 0
0.032824 15 -1 0
0.009409 15 3 0
0.025102 15 -3 0
0.011133 15 5 0
0.007630 15 -5 0
-0.024658 15 7 0
-0.005255 15 -7 0
-0.033305 15 9 0
0.067409 15 -9 0
0.019619 15 11 0
0.013515 15 -11 0
0.030500 15 13 0
-0.024590 15 -13 0
0.015561 15 15 0
-0.046741 15 -15 0
0.001029 16 0 0
0.011874 16 2 0
0.000953 16 -2 0
0.015888 16 4 0
0.021190 16 -4 0
0.002090 16 6 0
0.032956 16 -6 0
0.006421 16 8 0
-0.001477 16 -8 0
-0.015858 16 10 0
0.001493 16 -10 0
-0.004962 16 12 0
0.006908 16 -12 0
-0.009508 16 14 0
0.020311 16 -14 0
0.012648 16 16 0
0.010526 16 -16 0
0.004828 17 1 0
0.025367 17 -1 0
0.011740 17 3 0
0.017244 17 -3 0
0.011475 17 5 0
0.031520 17 -5 0
-0.010907 17 7 0
0.023042 17 -7 0
-0.014074 17 9 0
0.013314 17 -9 0
-0.006985 17 11 0
0.015368 17 -11 0
0.014487 17 13 0
0.008938 17 -13 0
0.012263 17 15 0
-0.023672 17 -15 0
-0.000812 17 17 0
-0.001357 17 -17 0
0.004168 18 0 0
-0.006007 18 2 0
0.007159 18 -2 0
0.002693 18 4 0
0.008927 18 -4 0
-0.004482 18 6 0
0.034217 18 -6 0
-0.001825 18 8 0
0.022470 18 -8 0
0.000673 18 10 0
-0.013453 18 -10 0
-0.014168 18 12 0
-0.001533 18 -12 0
-0.012224 18 14 0
0.022145 18 -14 0
0.009829 18 16 0
0.007969 18 -16 0
0.003641 18 18 0
-0.003569 18 -18 0
0.000222 19 1 0
0.019579 19 -1 0
-0.008955 19 3 0
0.004377 19 -3 0
0.001800 19 5 0
0.006811 19 -5 0
-0.014611 19 7 0
0.012411 19 -7 0
-0.012434 19 9 0
0.022917 19 -9 0
0.002588 19 11 0
