0.077427 1 1 0
0.281424 1 -1 0
-0.007900 2 0 0
-0.106440 2 2 0
0.035324 2 -2 0
0.103330 3 1 0
-0.238420 3 -1 0
-0.092852 3 3 0
0.055090 3 -3 0
-0.134193 4 0 0
0.246221 4 2 0
-0.193259 4 -2 0
-0.099045 4 4 0
-0.013273 4 -4 0
0.031860 5 1 0
-0.090225 5 -1 0
0.287127 5 3 0
-0.107958 5 -3 0
-0.074843 5 5 0
-0.044489 5 -5 0
0.066966 6 0 0
-0.075383 6 2 0
0.023248 6 -2 0
0.248164 6 4 0
0.019230 6 -4 0
-0.045928 6 6 0
-0.017586 6 -6 0
-0.073087 7 1 0
0.127715 7 -1 0
-0.151246 7 3 0
0.033490 7 -3 0
0.182801 7 5 0
0.071192 7 -5 0
-0.010912 7 7 0
-0.091040 7 -7 0
0.031024 8 0 0
-0.071965 8 2 0
0.037969 8 -2 0
-0.160410 8 4 0
-0.033308 8 -4 0
0.074353 8 6 0
0.159232 8 -6 0
0.041982 8 8 0
-0.018866 8 -8 0
0.026096 9 1 0
-0.039978 9 -1 0
0.005954 9 3 0
-0.010661 9 -3 0
-0.115572 9 5 0
-0.073058 9 -5 0
-0.002721 9 7 0
0.094346 9 -7 0
-0.014758 9 9 0
0.024900 9 -9 0
-0.024872 10 0 0
0.051094 10 2 0
-0.043780 10 -2 0
0.068215 10 4 0
0.006188 10 -4 0
-0.069382 10 6 0
-0.028095 10 -6 0
-0.022492 10 8 0
0.069158 10 -8 0
0.005744 10 10 0
-0.051128 10 -10 0
0.011755 11 1 0
0.002672 11 -1 0
0.055473 11 3 0
0.008267 11 -3 0
0.087580 11 5 0
0.052698 11 -5 0
-0.039616 11 7 0
-0.057437 11 -7 0
-0.063588 11 9 0
0.061581 11 -9 0
0.000387 11 11 0
0.000401 11 -11 0
0.021528 12 0 0
-0.025165 12 2 0
0.006011 12 -2 0
0.029295 12 4 0
0.016839 12 -4 0
0.042190 12 6 0
0.114051 12 -6 0
0.007381 12 8 0
-0.029670 12 -8 0
-0.030151 12 10 0
-0.048235 12 -10 0
-0.020429 12 12 0
-0.021066 12 -12 0
-0.015751 13 1 0
0.052311 13 -1 0
-0.028290 13 3 0
0.011868 13 -3 0
-0.001921 13 5 0
0.022468 13 -5 0
0.003581 13 7 0
0.077434 13 -7 0
-0.012116 13 9 0
0.015202 13 -9 0
-0.004392 13 11 0
-0.014255 13 -11 0
0.028381 13 13 0
-0.049438 13 -13 0
0.011797 14 0 0
-0.018045 14 2 0
0.014002 14 -2 0
-0.014276 14 4 0
-0.005913 14 -4 0
-0.016715 14 6 0
0.031055 14 -6 0
0.003829 14 8 0
0.064825 14 -8 0
0.014126 14 10 0
-0.036226 14 -10 0
-0.014255 14 12 0
-0.029272 14 -12 0
-0.022304 14 14 0
0.030221 14 -14 0
0.012398 15 1 0
0.024702 15 -1 0
0.008167 15 3 0
0.024613 15 -3 0
0.005648 15 5 0
0.017098 15 -5 0
-0.021689 15 7 0
0.004533 15 -7 0
-0.027982 15 9 0
0.064818 15 -9 0
0.016860 15 11 0
0.009134 15 -11 0
0.024136 15 13 0
-0.029240 15 -13 0
0.017213 15 15 0
-0.046432 15 -15 0
0.000788 16 0 0
0.011902 16 2 0
0.000420 16 -2 0
0.017379 16 4 0
0.023399 16 -4 0
0.000874 16 6 0
0.034041 16 -6 0
0.000520 16 8 0
-0.000498 16 -8 0
-0.017298 16 10 0
0.002438 16 -10 0
0.003162 16 12 0
0.004591 16 -12 0
-0.007026 16 14 0
0.017653 16 -14 0
0.008931 16 16 0
0.008142 16 -16 0
0.005199 17 1 0
0.020590 17 -1 0
0.010776 17 3 0
0.020266 17 -3 0
0.008133 17 5 0
0.037810 17 -5 0
-0.007920 17 7 0
0.029805 17 -7 0
-0.010734 17 9 0
0.012530 17 -9 0
-0.006982 17 11 0
0.011998 17 -11 0
0.009648 17 13 0
0.006076 17 -13 0
0.012559 17 15 0
-0.023432 17 -15 0
-0.001146 17 17 0
-0.004842 17 -17 0
0.003646 18 0 0
-0.005924 18 2 0
0.005599 18 -2 0
0.003488 18 4 0
0.010189 18 -4 0
-0.004450 18 6 0
0.034266 18 -6 0
-0.005064 18 8 0
0.023196 18 -8 0
-0.000099 18 10 0
-0.013457 18 -10 0
-0.011490 18 12 0
-0.001787 18 -12 0
-0.011437 18 14 0
0.021114 18 -14 0
0.008378 18 16 0
0.007638 18 -16 0
0.004015 18 18 0
-0.000751 18 -18 0
0.000543 19 1 0
0.016281 19 -1 0
-0.008454 19 3 0
0.006214 19 -3 0
0.000477 19 5 0
0.010759 19 -5 0
-0.014494 19 7 0
0.014345 19 -7 0
-0.010412 19 9 0
0.023347 19 -9 0
0.002594 19 11 0
