0.035952 1 1 0
0.416988 1 -1 0
-0.036164 2 0 0
-0.058807 2 2 0
-0.025567 2 -2 0
0.226086 3 1 0
-0.069902 3 -1 0
0.031595 3 3 0
-0.076329 3 -3 0
-0.103493 4 0 0
0.210763 4 2 0
0.153553 4 -2 0
0.036607 4 4 0
-0.012120 4 -4 0
0.044041 5 1 0
-0.009766 5 -1 0
-0.049192 5 3 0
0.162412 5 -3 0
-0.001522 5 5 0
0.064358 5 -5 0
0.034034 6 0 0
-0.047781 6 2 0
-0.060500 6 -2 0
-0.192548 6 4 0
0.028663 6 -4 0
-0.017065 6 6 0
0.017296 6 -6 0
-0.046306 7 1 0
0.045058 7 -1 0
0.018112 7 3 0
-0.164727 7 -3 0
-0.096960 7 5 0
-0.103139 7 -5 0
0.019099 7 7 0
0.008939 7 -7 0
0.003222 8 0 0
-0.008672 8 2 0
-0.008831 8 -2 0
0.098780 8 4 0
-0.043462 8 -4 0
0.033689 8 6 0
-0.103839 8 -6 0
-0.047473 8 8 0
0.044370 8 -8 0
0.081344 9 1 0
-0.030002 9 -1 0
-0.007142 9 3 0
-0.004196 9 -3 0
0.025613 9 5 0
0.094808 9 -5 0
0.108153 9 7 0
0.014832 9 -7 0
-0.031182 9 9 0
-0.036776 9 -9 0
-0.030752 10 0 0
0.065254 10 2 0
0.026514 10 -2 0
-0.090449 10 4 0
0.017335 10 -4 0
-0.038986 10 6 0
0.048621 10 -6 0
-0.005903 10 8 0
0.083957 10 -8 0
0.019954 10 10 0
-0.011361 10 -10 0
0.043439 11 1 0
-0.025772 11 -1 0
0.001883 11 3 0
-0.004910 11 -3 0
-0.073025 11 5 0
-0.049499 11 -5 0
-0.005789 11 7 0
-0.002866 11 -7 0
-0.028051 11 9 0
0.014808 11 -9 0
-0.027393 11 11 0
-0.099054 11 -11 0
0.004840 12 0 0
-0.007161 12 2 0
0.001048 12 -2 0
-0.019919 12 4 0
0.001258 12 -4 0
0.019125 12 6 0
-0.067742 12 -6 0
-0.027914 12 8 0
0.025172 12 -8 0
0.006776 12 10 0
0.020324 12 -10 0
0.117347 12 12 0
-0.124737 12 -12 0
0.017882 13 1 0
-0.003590 13 -1 0
-0.003378 13 3 0
-0.043275 13 -3 0
-0.016366 13 5 0
0.015416 13 -5 0
0.066065 13 7 0
-0.000845 13 -7 0
-0.009395 13 9 0
-0.021004 13 -9 0
-0.031861 13 11 0
-0.072693 13 -11 0
-0.067626 13 13 0
0.021521 13 -13 0
0.001989 14 0 0
0.009354 14 2 0
0.000550 14 -2 0
-0.009467 14 4 0
-0.004123 14 -4 0
-0.018532 14 6 0
0.011953 14 -6 0
-0.002052 14 8 0
0.067252 14 -8 0
0.021811 14 10 0
0.011961 14 -10 0
0.062430 14 12 0
-0.087956 14 -12 0
0.003393 14 14 0
-0.050824 14 -14 0
0.024350 15 1 0
-0.023828 15 -1 0
0.008894 15 3 0
-0.006519 15 -3 0
-0.011101 15 5 0
0.009301 15 -5 0
-0.008121 15 7 0
-0.009175 15 -7 0
-0.030067 15 9 0
0.013695 15 -9 0
-0.005886 15 11 0
-0.034790 15 -11 0
-0.030983 15 13 0
0.010581 15 -13 0
0.002330 15 15 0
-0.000393 15 -15 0
-0.005228 16 0 0
0.011096 16 2 0
0.002398 16 -2 0
-0.015948 16 4 0
0.013025 16 -4 0
-0.002875 16 6 0
-0.008462 16 -6 0
-0.011049 16 8 0
0.010707 16 -8 0
-0.006281 16 10 0
0.006496 16 -10 0
0.037079 16 12 0
-0.032237 16 -12 0
0.001076 16 14 0
-0.015499 16 -14 0
-0.015667 16 16 0
0.007166 16 -16 0
0.015780 17 1 0
-0.008204 17 -1 0
0.000094 17 3 0
-0.000537 17 -3 0
-0.019098 17 5 0
-0.000237 17 -5 0
0.010851 17 7 0
-0.008857 17 -7 0
-0.002572 17 9 0
-0.005977 17 -9 0
-0.007187 17 11 0
-0.029851 17 -11 0
-0.021865 17 13 0
0.005951 17 -13 0
-0.004039 17 15 0
0.000673 17 -15 0
0.007640 17 17 0
0.005630 17 -17 0
-0.001059 18 0 0
-0.002555 18 2 0
0.006334 18 -2 0
-0.010500 18 4 0
0.005245 18 -4 0
-0.008246 18 6 0
-0.005777 18 -6 0
-0.001959 18 8 0
0.018326 18 -8 0
0.011387 18 10 0
0.006447 18 -10 0
0.019475 18 12 0
-0.024336 18 -12 0
-0.009473 18 14 0
-0.005184 18 -14 0
-0.012050 18 16 0
0.005408 18 -16 0
0.003996 18 18 0
0.003778 18 -18 0
0.006003 19 1 0
-0.006203 19 -1 0
-0.001064 19 3 0
-0.006191 19 -3 0
-0.001619 19 5 0
0.001039 19 -5 0
-0.002385 19 7 0
-0.007482 19 -7 0
-0.011307 19 9 0
0.004488 19 -9 0
0.000651 19 11 0
