0.121432 1 1 0
0.379044 1 -1 0
-0.044579 2 0 0
-0.042827 2 2 0
-0.029162 2 -2 0
0.212314 3 1 0
-0.066421 3 -1 0
0.007134 3 3 0
-0.051261 3 -3 0
-0.102313 4 0 0
0.207147 4 2 0
0.154323 4 -2 0
0.025503 4 4 0
-0.009007 4 -4 0
0.048530 5 1 0
-0.016044 5 -1 0
-0.050400 5 3 0
0.158843 5 -3 0
-0.009482 5 5 0
0.058679 5 -5 0
0.025128 6 0 0
-0.054501 6 2 0
-0.050814 6 -2 0
-0.193269 6 4 0
0.026972 6 -4 0
-0.010262 6 6 0
0.026206 6 -6 0
-0.054911 7 1 0
0.038055 7 -1 0
0.012887 7 3 0
-0.167544 7 -3 0
-0.084672 7 5 0
-0.098884 7 -5 0
0.019070 7 7 0
-0.002000 7 -7 0
-0.002350 8 0 0
-0.008373 8 2 0
-0.001456 8 -2 0
0.097030 8 4 0
-0.039935 8 -4 0
0.045678 8 6 0
-0.094692 8 -6 0
-0.036077 8 8 0
0.040226 8 -8 0
0.073321 9 1 0
-0.030250 9 -1 0
-0.011706 9 3 0
-0.002491 9 -3 0
0.035049 9 5 0
0.095515 9 -5 0
0.106895 9 7 0
0.006257 9 -7 0
-0.045013 9 9 0
-0.023940 9 -9 0
-0.038172 10 0 0
0.064610 10 2 0
0.029389 10 -2 0
-0.093443 10 4 0
0.012298 10 -4 0
-0.024724 10 6 0
0.050623 10 -6 0
0.005878 10 8 0
0.078744 10 -8 0
0.011258 10 10 0
-0.034726 10 -10 0
0.039114 11 1 0
-0.023844 11 -1 0
-0.001593 11 3 0
-0.004949 11 -3 0
-0.061863 11 5 0
-0.046733 11 -5 0
-0.005984 11 7 0
-0.006553 11 -7 0
-0.033501 11 9 0
0.023914 11 -9 0
-0.007951 11 11 0
-0.082883 11 -11 0
0.000997 12 0 0
-0.007491 12 2 0
0.001954 12 -2 0
-0.020969 12 4 0
-0.004126 12 -4 0
0.030159 12 6 0
-0.068966 12 -6 0
-0.015684 12 8 0
0.022634 12 -8 0
-0.001271 12 10 0
0.001807 12 -10 0
0.089417 12 12 0
-0.093343 12 -12 0
0.012574 13 1 0
-0.001711 13 -1 0
-0.006065 13 3 0
-0.043316 13 -3 0
-0.005589 13 5 0
0.016750 13 -5 0
0.067709 13 7 0
-0.002709 13 -7 0
-0.016577 13 9 0
-0.013443 13 -9 0
-0.015936 13 11 0
-0.062270 13 -11 0
-0.072171 13 13 0
0.016828 13 -13 0
-0.002641 14 0 0
0.008710 14 2 0
0.002560 14 -2 0
-0.010207 14 4 0
-0.009363 14 -4 0
-0.009684 14 6 0
0.010156 14 -6 0
0.008500 14 8 0
0.063727 14 -8 0
0.017892 14 10 0
0.000135 14 -10 0
0.046834 14 12 0
-0.069523 14 -12 0
-0.027484 14 14 0
-0.046144 14 -14 0
0.020867 15 1 0
-0.018443 15 -1 0
0.006587 15 3 0
-0.006704 15 -3 0
-0.003053 15 5 0
0.011583 15 -5 0
-0.007005 15 7 0
-0.008788 15 -7 0
-0.032707 15 9 0
0.016942 15 -9 0
0.006616 15 11 0
-0.028603 15 -11 0
-0.032780 15 13 0
0.006411 15 -13 0
-0.001005 15 15 0
0.013958 15 -15 0
-0.008015 16 0 0
0.011872 16 2 0
0.002543 16 -2 0
-0.016129 16 4 0
0.009486 16 -4 0
0.003521 16 6 0
-0.011568 16 -6 0
-0.004211 16 8 0
0.010213 16 -8 0
-0.007695 16 10 0
-0.000275 16 -10 0
0.028350 16 12 0
-0.024594 16 -12 0
-0.010413 16 14 0
-0.014001 16 -14 0
-0.014211 16 16 0
-0.000866 16 -16 0
0.012451 17 1 0
-0.005309 17 -1 0
-0.000656 17 3 0
0.000729 17 -3 0
-0.014440 17 5 0
0.000500 17 -5 0
0.012178 17 7 0
-0.008148 17 -7 0
-0.003756 17 9 0
-0.002932 17 -9 0
0.000158 17 11 0
-0.026156 17 -11 0
-0.022488 17 13 0
0.005516 17 -13 0
-0.003603 17 15 0
0.007397 17 -15 0
0.002541 17 17 0
0.006696 17 -17 0
-0.002598 18 0 0
-0.001861 18 2 0
0.004912 18 -2 0
-0.010709 18 4 0
0.001055 18 -4 0
-0.005190 18 6 0
-0.006573 18 -6 0
0.001781 18 8 0
0.018368 18 -8 0
0.009775 18 10 0
0.004618 18 -10 0
0.016239 18 12 0
-0.021634 18 -12 0
-0.013213 18 14 0
-0.006753 18 -14 0
-0.012477 18 16 0
0.001957 18 -16 0
0.003908 18 18 0
0.006913 18 -18 0
0.005000 19 1 0
-0.002718 19 -1 0
-0.001075 19 3 0
-0.005859 19 -3 0
0.001639 19 5 0
0.003568 19 -5 0
-0.002541 19 7 0
-0.007544 19 -7 0
-0.010694 19 9 0
0.005216 19 -9 0
0.003716 19 11 0
