0.081191 1 1 0
0.441856 1 -1 0
-0.046198 2 0 0
-0.046337 2 2 0
-0.031286 2 -2 0
0.199799 3 1 0
-0.063338 3 -1 0
0.030703 3 3 0
-0.051026 3 -3 0
-0.100017 4 0 0
0.212912 4 2 0
0.148339 4 -2 0
0.006935 4 4 0
-0.016958 4 -4 0
0.052769 5 1 0
-0.013269 5 -1 0
-0.063410 5 3 0
0.176387 5 -3 0
-0.011188 5 5 0
0.057613 5 -5 0
0.028163 6 0 0
-0.042182 6 2 0
-0.048511 6 -2 0
-0.189144 6 4 0
0.036035 6 -4 0
-0.006444 6 6 0
0.026749 6 -6 0
-0.055463 7 1 0
0.029224 7 -1 0
0.012884 7 3 0
-0.157095 7 -3 0
-0.088473 7 5 0
-0.109128 7 -5 0
0.018008 7 7 0
0.009867 7 -7 0
-0.002658 8 0 0
-0.007047 8 2 0
-0.002841 8 -2 0
0.094080 8 4 0
-0.038023 8 -4 0
0.049756 8 6 0
-0.094506 8 -6 0
-0.035650 8 8 0
0.041964 8 -8 0
0.079262 9 1 0
-0.039827 9 -1 0
-0.009317 9 3 0
-0.001519 9 -3 0
0.035555 9 5 0
0.086856 9 -5 0
0.108559 9 7 0
0.013434 9 -7 0
-0.045700 9 9 0
-0.033360 9 -9 0
-0.034693 10 0 0
0.065576 10 2 0
0.031355 10 -2 0
-0.096923 10 4 0
0.017508 10 -4 0
-0.025268 10 6 0
0.052243 10 -6 0
0.008571 10 8 0
0.078911 10 -8 0
0.011938 10 10 0
-0.039996 10 -10 0
0.044655 11 1 0
-0.042619 11 -1 0
0.001881 11 3 0
-0.005045 11 -3 0
-0.063696 11 5 0
-0.059001 11 -5 0
-0.005338 11 7 0
0.000206 11 -7 0
-0.031573 11 9 0
0.017192 11 -9 0
-0.013153 11 11 0
-0.086409 11 -11 0
0.003245 12 0 0
-0.007993 12 2 0
0.002711 12 -2 0
-0.024460 12 4 0
0.000211 12 -4 0
0.031479 12 6 0
-0.069454 12 -6 0
-0.013747 12 8 0
0.020440 12 -8 0
0.000402 12 10 0
-0.003999 12 -10 0
0.078370 12 12 0
-0.112069 12 -12 0
0.019428 13 1 0
-0.017493 13 -1 0
-0.001760 13 3 0
-0.047896 13 -3 0
-0.008555 13 5 0
0.007721 13 -5 0
0.065445 13 7 0
-0.001430 13 -7 0
-0.013297 13 9 0
-0.019311 13 -9 0
-0.021112 13 11 0
-0.065584 13 -11 0
-0.072143 13 13 0
0.020501 13 -13 0
0.000113 14 0 0
0.006254 14 2 0
0.004208 14 -2 0
-0.012984 14 4 0
-0.006439 14 -4 0
-0.008493 14 6 0
0.009687 14 -6 0
0.008426 14 8 0
0.061704 14 -8 0
0.018786 14 10 0
-0.006358 14 -10 0
0.038955 14 12 0
-0.081318 14 -12 0
-0.019006 14 14 0
-0.046455 14 -14 0
0.027169 15 1 0
-0.036530 15 -1 0
0.009177 15 3 0
-0.010365 15 -3 0
-0.002944 15 5 0
0.003854 15 -5 0
-0.009853 15 7 0
-0.009059 15 -7 0
-0.028483 15 9 0
0.012999 15 -9 0
0.002506 15 11 0
-0.031295 15 -11 0
-0.031841 15 13 0
0.010054 15 -13 0
0.000657 15 15 0
0.003908 15 -15 0
-0.005395 16 0 0
0.009819 16 2 0
0.003448 16 -2 0
-0.017979 16 4 0
0.011062 16 -4 0
0.004203 16 6 0
-0.009938 16 -6 0
-0.003958 16 8 0
0.006080 16 -8 0
-0.007028 16 10 0
-0.003681 16 -10 0
0.026108 16 12 0
-0.029620 16 -12 0
-0.005351 16 14 0
-0.014584 16 -14 0
-0.017163 16 16 0
0.001518 16 -16 0
0.019061 17 1 0
-0.015706 17 -1 0
0.000946 17 3 0
-0.003974 17 -3 0
-0.013571 17 5 0
-0.003651 17 -5 0
0.010184 17 7 0
-0.009547 17 -7 0
-0.000390 17 9 0
-0.005077 17 -9 0
-0.002616 17 11 0
-0.028682 17 -11 0
-0.022309 17 13 0
0.006252 17 -13 0
-0.003975 17 15 0
0.004788 17 -15 0
-0.001992 17 17 0
0.007992 17 -17 0
-0.001621 18 0 0
-0.003463 18 2 0
0.007061 18 -2 0
-0.011777 18 4 0
0.002825 18 -4 0
-0.004744 18 6 0
-0.006227 18 -6 0
0.002143 18 8 0
0.016003 18 -8 0
0.010464 18 10 0
0.002307 18 -10 0
0.015507 18 12 0
-0.022746 18 -12 0
-0.010901 18 14 0
-0.005401 18 -14 0
-0.012846 18 16 0
0.003136 18 -16 0
0.001702 18 18 0
0.000144 18 -18 0
0.008024 19 1 0
-0.009609 19 -1 0
-0.000467 19 3 0
-0.008238 19 -3 0
0.002884 19 5 0
0.001616 19 -5 0
-0.005079 19 7 0
-0.007705 19 -7 0
-0.008388 19 9 0
0.005844 19 -9 0
0.002018 19 11 0
