-0.025312 1 1 0
0.078299 1 -1 0
0.160250 2 0 0
0.019624 2 2 0
0.026514 2 -2 0
0.037229 3 1 0
-0.071401 3 -1 0
-0.003866 3 3 0
0.001675 3 -3 0
-0.233847 4 0 0
-0.002257 4 2 0
-0.004587 4 -2 0
0.004722 4 4 0
-0.003241 4 -4 0
-0.078200 5 1 0
0.041536 5 -1 0
0.015564 5 3 0
0.003240 5 -3 0
0.001969 5 5 0
0.010061 5 -5 0
0.284631 6 0 0
0.010537 6 2 0
0.017408 6 -2 0
0.006237 6 4 0
-0.018794 6 -4 0
0.005385 6 6 0
-0.016985 6 -6 0
0.126638 7 1 0
-0.078794 7 -1 0
0.015377 7 3 0
0.018167 7 -3 0
-0.015793 7 5 0
0.016445 7 -5 0
-0.011643 7 7 0
0.005517 7 -7 0
-0.210016 8 0 0
-0.021491 8 2 0
-0.012197 8 -2 0
0.002441 8 4 0
-0.000099 8 -4 0
0.011442 8 6 0
-0.016414 8 -6 0
0.007205 8 8 0
0.017137 8 -8 0
-0.092233 9 1 0
0.034328 9 -1 0
0.016805 9 3 0
0.003680 9 -3 0
-0.010308 9 5 0
0.013480 9 -5 0
-0.012187 9 7 0
0.003567 9 -7 0
-0.001532 9 9 0
-0.009371 9 -9 0
0.182036 10 0 0
0.016565 10 2 0
0.011191 10 -2 0
0.005476 10 4 0
-0.024030 10 -4 0
0.006425 10 6 0
-0.020496 10 -6 0
0.009888 10 8 0
0.020592 10 -8 0
-0.002745 10 10 0
-0.003279 10 -10 0
0.090386 11 1 0
-0.061077 11 -1 0
0.024275 11 3 0
0.012160 11 -3 0
-0.022818 11 5 0
0.025022 11 -5 0
-0.009008 11 7 0
0.005334 11 -7 0
-0.005370 11 9 0
-0.002167 11 -9 0
0.009721 11 11 0
-0.000656 11 -11 0
-0.079564 12 0 0
-0.013455 12 2 0
-0.008088 12 -2 0
0.004721 12 4 0
0.017605 12 -4 0
0.010771 12 6 0
-0.015580 12 -6 0
0.008920 12 8 0
0.021132 12 -8 0
0.003040 12 10 0
-0.001738 12 -10 0
-0.000376 12 12 0
0.014680 12 -12 0
-0.049680 13 1 0
0.014295 13 -1 0
0.008318 13 3 0
0.003964 13 -3 0
-0.004248 13 5 0
0.008022 13 -5 0
-0.007705 13 7 0
0.003454 13 -7 0
-0.004244 13 9 0
-0.001907 13 -9 0
0.008826 13 11 0
-0.003347 13 -11 0
-0.009450 13 13 0
0.000408 13 -13 0
0.074054 14 0 0
0.011977 14 2 0
0.004233 14 -2 0
0.005881 14 4 0
-0.025418 14 -4 0
0.003445 14 6 0
-0.017069 14 -6 0
0.006286 14 8 0
0.015279 14 -8 0
0.001998 14 10 0
-0.003180 14 -10 0
0.001220 14 12 0
0.011683 14 -12 0
-0.005906 14 14 0
0.003116 14 -14 0
0.043833 15 1 0
-0.034293 15 -1 0
0.025532 15 3 0
0.008850 15 -3 0
-0.021663 15 5 0
0.014774 15 -5 0
-0.001514 15 7 0
0.004281 15 -7 0
-0.004365 15 9 0
-0.001809 15 -9 0
0.008795 15 11 0
-0.001322 15 -11 0
-0.007065 15 13 0
0.002119 15 -13 0
0.003459 15 15 0
-0.004549 15 -15 0
-0.020124 16 0 0
-0.007149 16 2 0
-0.003093 16 -2 0
0.003199 16 4 0
0.014570 16 -4 0
0.006357 16 6 0
-0.008513 16 -6 0
0.003586 16 8 0
0.013945 16 -8 0
0.003614 16 10 0
-0.004872 16 -10 0
0.001178 16 12 0
0.006300 16 -12 0
-0.004879 16 14 0
0.001107 16 -14 0
-0.003352 16 16 0
0.013632 16 -16 0
-0.019123 17 1 0
0.004617 17 -1 0
0.000393 17 3 0
0.000377 17 -3 0
0.000058 17 5 0
0.003739 17 -5 0
-0.006238 17 7 0
-0.000573 17 -7 0
-0.000943 17 9 0
-0.000257 17 -9 0
0.006890 17 11 0
-0.002094 17 -11 0
-0.004952 17 13 0
0.003636 17 -13 0
-0.000178 17 15 0
-0.003591 17 -15 0
0.002572 17 17 0
0.000022 17 -17 0
0.024120 18 0 0
0.009317 18 2 0
0.001438 18 -2 0
0.004018 18 4 0
-0.009665 18 -4 0
-0.000714 18 6 0
-0.008144 18 -6 0
0.001143 18 8 0
0.005156 18 -8 0
0.001902 18 10 0
-0.002169 18 -10 0
0.000558 18 12 0
0.004004 18 -12 0
-0.000983 18 14 0
0.002072 18 -14 0
-0.003020 18 16 0
0.008631 18 -16 0
0.000183 18 18 0
-0.003394 18 -18 0
0.014849 19 1 0
-0.013082 19 -1 0
0.010263 19 3 0
0.004800 19 -3 0
-0.008910 19 5 0
0.006431 19 -5 0
0.002141 19 7 0
0.001492 19 -7 0
-0.001165 19 9 0
-0.001054 19 -9 0
0.001905 19 11 0
