-0.001456 1 1 0
0.057032 1 -1 0
0.177142 2 0 0
-0.035385 2 2 0
0.019300 2 -2 0
0.084920 3 1 0
-0.072386 3 -1 0
0.016033 3 3 0
0.013445 3 -3 0
-0.240193 4 0 0
-0.004137 4 2 0
-0.005103 4 -2 0
-0.000067 4 4 0
-0.008147 4 -4 0
-0.083085 5 1 0
0.042559 5 -1 0
0.020333 5 3 0
0.005825 5 -3 0
0.007019 5 5 0
0.008569 5 -5 0
0.291429 6 0 0
0.002349 6 2 0
0.019516 6 -2 0
-0.006437 6 4 0
-0.013103 6 -4 0
-0.008369 6 6 0
-0.008809 6 -6 0
0.138609 7 1 0
-0.081456 7 -1 0
0.019010 7 3 0
0.015470 7 -3 0
-0.002204 7 5 0
0.009543 7 -5 0
0.004130 7 7 0
0.007069 7 -7 0
-0.211669 8 0 0
-0.027900 8 2 0
-0.005122 8 -2 0
-0.004529 8 4 0
-0.002492 8 -4 0
-0.007010 8 6 0
-0.013225 8 -6 0
-0.011824 8 8 0
0.006666 8 -8 0
-0.089239 9 1 0
0.036269 9 -1 0
0.016990 9 3 0
0.010513 9 -3 0
0.004463 9 5 0
0.010574 9 -5 0
0.002024 9 7 0
0.001574 9 -7 0
0.006436 9 9 0
0.002737 9 -9 0
0.183516 10 0 0
0.008557 10 2 0
0.012707 10 -2 0
-0.005964 10 4 0
-0.025621 10 -4 0
-0.009279 10 6 0
-0.013109 10 -6 0
-0.002763 10 8 0
0.011276 10 -8 0
-0.006311 10 10 0
-0.006004 10 -10 0
0.099125 11 1 0
-0.057959 11 -1 0
0.027811 11 3 0
0.015808 11 -3 0
-0.009420 11 5 0
0.021749 11 -5 0
0.000071 11 7 0
0.008254 11 -7 0
0.004013 11 9 0
0.005744 11 -9 0
0.004918 11 11 0
0.006608 11 -11 0
-0.080927 12 0 0
-0.021834 12 2 0
-0.001320 12 -2 0
-0.003783 12 4 0
0.014225 12 -4 0
-0.003274 12 6 0
-0.010592 12 -6 0
-0.005871 12 8 0
0.012991 12 -8 0
-0.001514 12 10 0
-0.004263 12 -10 0
-0.003133 12 12 0
0.003270 12 -12 0
-0.042393 13 1 0
0.017390 13 -1 0
0.007266 13 3 0
0.010352 13 -3 0
0.007406 13 5 0
0.006574 13 -5 0
0.000495 13 7 0
0.004849 13 -7 0
0.002961 13 9 0
0.004000 13 -9 0
0.003275 13 11 0
0.001615 13 -11 0
-0.001624 13 13 0
0.012908 13 -13 0
0.074984 14 0 0
0.007217 14 2 0
0.006765 14 -2 0
-0.002789 14 4 0
-0.027042 14 -4 0
-0.007058 14 6 0
-0.010870 14 -6 0
-0.003899 14 8 0
0.008450 14 -8 0
-0.003397 14 10 0
-0.003039 14 -10 0
-0.000639 14 12 0
0.001910 14 -12 0
-0.002196 14 14 0
-0.004512 14 -14 0
0.049753 15 1 0
-0.031310 15 -1 0
0.025690 15 3 0
0.013734 15 -3 0
-0.013867 15 5 0
0.013780 15 -5 0
0.002361 15 7 0
0.004892 15 -7 0
0.001340 15 9 0
0.004737 15 -9 0
0.007249 15 11 0
0.002345 15 -11 0
0.000042 15 13 0
0.005866 15 -13 0
-0.005906 15 15 0
0.006915 15 -15 0
-0.021443 16 0 0
-0.010836 16 2 0
0.001176 16 -2 0
-0.001433 16 4 0
0.013074 16 -4 0
-0.001247 16 6 0
-0.004548 16 -6 0
-0.002871 16 8 0
0.009256 16 -8 0
-0.000091 16 10 0
-0.002959 16 -10 0
-0.002797 16 12 0
0.001477 16 -12 0
-0.001471 16 14 0
-0.004031 16 -14 0
0.008026 16 16 0
0.007230 16 -16 0
-0.013930 17 1 0
0.007142 17 -1 0
0.000237 17 3 0
0.003535 17 -3 0
0.006064 17 5 0
0.003948 17 -5 0
-0.002359 17 7 0
0.000142 17 -7 0
0.002314 17 9 0
0.003095 17 -9 0
0.002527 17 11 0
0.000483 17 -11 0
-0.000857 17 13 0
0.007022 17 -13 0
-0.002679 17 15 0
0.000900 17 -15 0
-0.001979 17 17 0
0.002202 17 -17 0
0.023552 18 0 0
0.004577 18 2 0
0.003430 18 -2 0
0.001142 18 4 0
-0.013172 18 -4 0
-0.004719 18 6 0
-0.008109 18 -6 0
-0.002186 18 8 0
0.001856 18 -8 0
-0.000085 18 10 0
0.000777 18 -10 0
-0.001102 18 12 0
0.002883 18 -12 0
-0.001677 18 14 0
0.000020 18 -14 0
0.003701 18 16 0
0.005148 18 -16 0
0.005544 18 18 0
-0.003405 18 -18 0
0.017226 19 1 0
-0.011394 19 -1 0
0.011725 19 3 0
0.006778 19 -3 0
-0.008455 19 5 0
0.005844 19 -5 0
0.002568 19 7 0
0.001361 19 -7 0
-0.002340 19 9 0
0.000033 19 -9 0
-0.000022 19 11 0
