-0.038045 1 1 0
0.039782 1 -1 0
0.160050 2 0 0
0.006997 2 2 0
0.018425 2 -2 0
0.061636 3 1 0
-0.072440 3 -1 0
0.015473 3 3 0
0.024084 3 -3 0
-0.240460 4 0 0
-0.003971 4 2 0
-0.008388 4 -2 0
0.003558 4 4 0
-0.009241 4 -4 0
-0.069880 5 1 0
0.044811 5 -1 0
0.017785 5 3 0
-0.003240 5 -3 0
0.007691 5 5 0
0.017582 5 -5 0
0.291099 6 0 0
0.000487 6 2 0
0.017811 6 -2 0
-0.007242 6 4 0
-0.013840 6 -4 0
-0.004497 6 6 0
-0.015748 6 -6 0
0.122184 7 1 0
-0.079731 7 -1 0
0.019137 7 3 0
0.021963 7 -3 0
-0.005772 7 5 0
0.013025 7 -5 0
0.004406 7 7 0
0.000110 7 -7 0
-0.209048 8 0 0
-0.022236 8 2 0
-0.004612 8 -2 0
-0.008574 8 4 0
-0.002467 8 -4 0
-0.004661 8 6 0
-0.014402 8 -6 0
-0.008379 8 8 0
0.017177 8 -8 0
-0.091019 9 1 0
0.035249 9 -1 0
0.014486 9 3 0
0.010110 9 -3 0
-0.001544 9 5 0
0.019136 9 -5 0
0.001858 9 7 0
-0.000820 9 -7 0
0.004096 9 9 0
-0.003193 9 -9 0
0.186300 10 0 0
0.008941 10 2 0
0.012989 10 -2 0
-0.002300 10 4 0
-0.022011 10 -4 0
-0.009320 10 6 0
-0.015758 10 -6 0
-0.000496 10 8 0
0.018189 10 -8 0
-0.004200 10 10 0
-0.007930 10 -10 0
0.089085 11 1 0
-0.058436 11 -1 0
0.029097 11 3 0
0.016110 11 -3 0
-0.013544 11 5 0
0.024482 11 -5 0
0.002340 11 7 0
0.002868 11 -7 0
0.003296 11 9 0
0.001111 11 -9 0
0.008001 11 11 0
0.006576 11 -11 0
-0.078824 12 0 0
-0.018774 12 2 0
-0.003374 12 -2 0
-0.006218 12 4 0
0.018837 12 -4 0
-0.001393 12 6 0
-0.014120 12 -6 0
-0.001908 12 8 0
0.021791 12 -8 0
-0.001607 12 10 0
-0.008011 12 -10 0
-0.000183 12 12 0
0.005304 12 -12 0
-0.046846 13 1 0
0.017646 13 -1 0
0.008933 13 3 0
0.010991 13 -3 0
0.001999 13 5 0
0.011794 13 -5 0
0.001487 13 7 0
0.000532 13 -7 0
0.000159 13 9 0
0.000732 13 -9 0
0.008363 13 11 0
0.002058 13 -11 0
-0.006697 13 13 0
0.012603 13 -13 0
0.077520 14 0 0
0.009366 14 2 0
0.006065 14 -2 0
-0.001521 14 4 0
-0.024752 14 -4 0
-0.008041 14 6 0
-0.012362 14 -6 0
-0.000263 14 8 0
0.015047 14 -8 0
-0.001175 14 10 0
-0.005983 14 -10 0
-0.000173 14 12 0
0.004936 14 -12 0
-0.002709 14 14 0
-0.005476 14 -14 0
0.042352 15 1 0
-0.030339 15 -1 0
0.026394 15 3 0
0.015934 15 -3 0
-0.017920 15 5 0
0.018544 15 -5 0
0.005468 15 7 0
0.002048 15 -7 0
-0.000874 15 9 0
0.002022 15 -9 0
0.009356 15 11 0
0.003865 15 -11 0
-0.002753 15 13 0
0.005900 15 -13 0
-0.000610 15 15 0
0.004392 15 -15 0
-0.020356 16 0 0
-0.009054 16 2 0
-0.000742 16 -2 0
-0.001377 16 4 0
0.014439 16 -4 0
-0.000744 16 6 0
-0.008592 16 -6 0
-0.000035 16 8 0
0.013992 16 -8 0
0.000357 16 10 0
-0.003861 16 -10 0
-0.000210 16 12 0
0.003259 16 -12 0
-0.003911 16 14 0
-0.001320 16 -14 0
0.003617 16 16 0
0.009463 16 -16 0
-0.017171 17 1 0
0.005654 17 -1 0
0.001217 17 3 0
0.004403 17 -3 0
0.002620 17 5 0
0.006615 17 -5 0
-0.001599 17 7 0
-0.001902 17 -7 0
0.002114 17 9 0
0.002275 17 -9 0
0.005378 17 11 0
0.000550 17 -11 0
-0.003935 17 13 0
0.007510 17 -13 0
0.000259 17 15 0
-0.001074 17 -15 0
-0.002784 17 17 0
0.002119 17 -17 0
0.024868 18 0 0
0.004912 18 2 0
0.002556 18 -2 0
0.000018 18 4 0
-0.010832 18 -4 0
-0.003929 18 6 0
-0.008316 18 -6 0
0.000338 18 8 0
0.005828 18 -8 0
-0.000239 18 10 0
-0.001382 18 -10 0
-0.000543 18 12 0
0.003446 18 -12 0
-0.001640 18 14 0
0.002292 18 -14 0
0.000733 18 16 0
0.006034 18 -16 0
0.005285 18 18 0
-0.004724 18 -18 0
0.014492 19 1 0
-0.012002 19 -1 0
0.010295 19 3 0
0.006232 19 -3 0
-0.009896 19 5 0
0.007803 19 -5 0
0.002936 19 7 0
0.001356 19 -7 0
-0.000901 19 9 0
-0.000668 19 -9 0
0.001792 19 11 0
