-0.052118 1 1 0
0.010452 1 -1 0
0.011187 2 0 0
0.036472 2 2 0
-0.023404 2 -2 0
-0.040216 3 1 0
-0.053203 3 -1 0
0.039896 3 3 0
0.013887 3 -3 0
-0.034812 4 0 0
-0.075389 4 2 0
-0.020712 4 -2 0
0.047791 4 4 0
-0.027720 4 -4 0
-0.014704 5 1 0
-0.022498 5 -1 0
-0.084059 5 3 0
-0.003587 5 -3 0
0.006384 5 5 0
-0.023226 5 -5 0
0.008096 6 0 0
-0.003221 6 2 0
-0.000211 6 -2 0
-0.068087 6 4 0
0.051753 6 -4 0
-0.001234 6 6 0
-0.024890 6 -6 0
0.013999 7 1 0
0.046275 7 -1 0
0.041957 7 3 0
-0.005195 7 -3 0
-0.012719 7 5 0
0.050781 7 -5 0
-0.028506 7 7 0
-0.021247 7 -7 0
0.019997 8 0 0
0.036779 8 2 0
0.021795 8 -2 0
0.042366 8 4 0
-0.027831 8 -4 0
-0.002569 8 6 0
0.047409 8 -6 0
-0.027211 8 8 0
-0.004234 8 -8 0
-0.001894 9 1 0
0.008124 9 -1 0
0.018597 9 3 0
-0.006661 9 -3 0
0.014983 9 5 0
-0.038165 9 -5 0
0.015369 9 7 0
0.030424 9 -7 0
-0.005374 9 9 0
-0.002919 9 -9 0
-0.002844 10 0 0
-0.016914 10 2 0
-0.000568 10 -2 0
-0.005386 10 4 0
0.007294 10 -4 0
-0.003322 10 6 0
-0.034262 10 -6 0
0.009256 10 8 0
0.004216 10 -8 0
0.004535 10 10 0
0.000632 10 -10 0
-0.009090 11 1 0
-0.002312 11 -1 0
-0.010842 11 3 0
0.004133 11 -3 0
-0.002295 11 5 0
0.019710 11 -5 0
-0.022039 11 7 0
-0.017909 11 -7 0
0.022516 11 9 0
-0.005317 11 -9 0
-0.000523 11 11 0
-0.002171 11 -11 0
0.004009 12 0 0
-0.005723 12 2 0
0.003247 12 -2 0
-0.002526 12 4 0
0.007276 12 -4 0
-0.002111 12 6 0
0.020300 12 -6 0
-0.023525 12 8 0
-0.006664 12 -8 0
0.015105 12 10 0
-0.011810 12 -10 0
0.017056 12 12 0
-0.000691 12 -12 0
0.003952 13 1 0
0.012036 13 -1 0
0.009948 13 3 0
-0.003664 13 -3 0
0.000943 13 5 0
0.005912 13 -5 0
0.006950 13 7 0
0.017176 13 -7 0
-0.006497 13 9 0
-0.000031 13 -9 0
0.001730 13 11 0
-0.009694 13 -11 0
-0.004778 13 13 0
0.003977 13 -13 0
0.008916 14 0 0
0.004010 14 2 0
0.006140 14 -2 0
0.000975 14 4 0
-0.006091 14 -4 0
-0.000071 14 6 0
-0.000887 14 -6 0
0.008372 14 8 0
0.008582 14 -8 0
-0.001917 14 10 0
0.000699 14 -10 0
0.007861 14 12 0
-0.004715 14 -12 0
0.006331 14 14 0
0.007539 14 -14 0
0.000733 15 1 0
0.006396 15 -1 0
0.009723 15 3 0
-0.000097 15 -3 0
-0.000135 15 5 0
0.001725 15 -5 0
-0.006457 15 7 0
-0.003167 15 -7 0
0.015777 15 9 0
0.001416 15 -9 0
-0.001244 15 11 0
0.004032 15 -11 0
-0.003844 15 13 0
0.003018 15 -13 0
-0.006136 15 15 0
0.000009 15 -15 0
0.003500 16 0 0
-0.003198 16 2 0
0.005174 16 -2 0
0.000926 16 4 0
-0.000914 16 -4 0
-0.002684 16 6 0
-0.001056 16 -6 0
-0.006836 16 8 0
-0.000345 16 -8 0
0.009468 16 10 0
-0.004429 16 -10 0
0.008025 16 12 0
0.003271 16 -12 0
0.000450 16 14 0
0.003679 16 -14 0
-0.002960 16 16 0
0.007012 16 -16 0
-0.000370 17 1 0
0.002791 17 -1 0
0.003070 17 3 0
0.004386 17 -3 0
0.002236 17 5 0
0.004424 17 -5 0
0.000346 17 7 0
0.004718 17 -7 0
0.001241 17 9 0
0.000044 17 -9 0
0.002828 17 11 0
-0.001968 17 -11 0
0.005095 17 13 0
0.005762 17 -13 0
-0.004847 17 15 0
-0.001776 17 -15 0
-0.004258 17 17 0
-0.002900 17 -17 0
0.002520 18 0 0
-0.001704 18 2 0
0.003604 18 -2 0
-0.001158 18 4 0
0.000523 18 -4 0
0.000463 18 6 0
0.002030 18 -6 0
-0.001693 18 8 0
0.003232 18 -8 0
-0.001689 18 10 0
0.000290 18 -10 0
0.003945 18 12 0
-0.006184 18 -12 0
0.004657 18 14 0
0.003644 18 -14 0
-0.004394 18 16 0
0.005782 18 -16 0
0.000688 18 18 0
-0.001480 18 -18 0
0.000510 19 1 0
-0.001101 19 -1 0
0.002217 19 3 0
0.000468 19 -3 0
-0.000099 19 5 0
0.002801 19 -5 0
-0.000974 19 7 0
-0.000319 19 -7 0
0.007169 19 9 0
0.000986 19 -9 0
-0.000375 19 11 0
