0.004744 1 1 0
0.102004 1 -1 0
0.023063 2 0 0
0.014063 2 2 0
0.020277 2 -2 0
-0.004495 3 1 0
-0.043976 3 -1 0
0.051471 3 3 0
-0.002333 3 -3 0
-0.040034 4 0 0
-0.063781 4 2 0
-0.031824 4 -2 0
0.038801 4 4 0
-0.027617 4 -4 0
-0.025226 5 1 0
-0.020693 5 -1 0
-0.093273 5 3 0
-0.002113 5 -3 0
0.016409 5 5 0
-0.025991 5 -5 0
0.022481 6 0 0
0.004597 6 2 0
0.001623 6 -2 0
-0.076539 6 4 0
0.044895 6 -4 0
-0.004202 6 6 0
-0.036823 6 -6 0
0.015756 7 1 0
0.041415 7 -1 0
0.050604 7 3 0
-0.008943 7 -3 0
-0.029010 7 5 0
0.047384 7 -5 0
-0.025009 7 7 0
-0.038905 7 -7 0
0.019957 8 0 0
0.041091 8 2 0
0.027997 8 -2 0
0.041004 8 4 0
-0.030944 8 -4 0
-0.003275 8 6 0
0.040269 8 -6 0
-0.030526 8 8 0
-0.002765 8 -8 0
-0.001256 9 1 0
0.010072 9 -1 0
0.020805 9 3 0
-0.011632 9 -3 0
0.014080 9 5 0
-0.039133 9 -5 0
0.010652 9 7 0
0.012979 9 -7 0
-0.007308 9 9 0
0.012997 9 -9 0
0.000936 10 0 0
-0.010847 10 2 0
0.008039 10 -2 0
-0.016561 10 4 0
0.006786 10 -4 0
-0.007294 10 6 0
-0.037099 10 -6 0
0.008542 10 8 0
0.004519 10 -8 0
0.012253 10 10 0
-0.011522 10 -10 0
-0.010321 11 1 0
0.001123 11 -1 0
-0.003115 11 3 0
-0.002248 11 -3 0
-0.008234 11 5 0
0.014918 11 -5 0
-0.020624 11 7 0
-0.035281 11 -7 0
0.016869 11 9 0
0.005651 11 -9 0
-0.009248 11 11 0
0.019572 11 -11 0
0.009097 12 0 0
0.001476 12 2 0
0.011288 12 -2 0
-0.005553 12 4 0
0.008276 12 -4 0
-0.003072 12 6 0
0.019624 12 -6 0
-0.027971 12 8 0
-0.004240 12 -8 0
0.020625 12 10 0
-0.017859 12 -10 0
0.019899 12 12 0
-0.011603 12 -12 0
0.002258 13 1 0
0.011522 13 -1 0
0.011101 13 3 0
-0.009999 13 -3 0
-0.003052 13 5 0
0.003539 13 -5 0
0.005838 13 7 0
0.007206 13 -7 0
-0.007587 13 9 0
0.005308 13 -9 0
-0.002331 13 11 0
0.002674 13 -11 0
-0.009444 13 13 0
0.018399 13 -13 0
0.011421 14 0 0
0.008982 14 2 0
0.014105 14 -2 0
-0.003781 14 4 0
-0.003835 14 -4 0
0.000243 14 6 0
-0.004152 14 -6 0
0.007587 14 8 0
0.012056 14 -8 0
0.003487 14 10 0
0.001153 14 -10 0
0.008893 14 12 0
-0.014170 14 -12 0
0.013339 14 14 0
-0.006457 14 -14 0
0.002978 15 1 0
0.007003 15 -1 0
0.011074 15 3 0
-0.004832 15 -3 0
-0.001779 15 5 0
-0.002242 15 -5 0
-0.008806 15 7 0
-0.013340 15 -7 0
0.014658 15 9 0
0.004897 15 -9 0
-0.004054 15 11 0
0.010024 15 -11 0
-0.007733 15 13 0
0.011338 15 -13 0
-0.007318 15 15 0
0.004286 15 -15 0
0.005741 16 0 0
0.000809 16 2 0
0.009230 16 -2 0
-0.001008 16 4 0
0.003236 16 -4 0
-0.003382 16 6 0
0.000146 16 -6 0
-0.009702 16 8 0
0.002366 16 -8 0
0.011179 16 10 0
-0.003016 16 -10 0
0.008136 16 12 0
0.002563 16 -12 0
0.004952 16 14 0
-0.000681 16 -14 0
0.001245 16 16 0
0.000934 16 -16 0
-0.001156 17 1 0
0.004295 17 -1 0
0.005026 17 3 0
-0.001608 17 -3 0
-0.000505 17 5 0
0.000948 17 -5 0
-0.001287 17 7 0
-0.001549 17 -7 0
-0.000769 17 9 0
0.001863 17 -9 0
0.003446 17 11 0
-0.001161 17 -11 0
0.000997 17 13 0
0.009655 17 -13 0
-0.004911 17 15 0
0.001622 17 -15 0
-0.004062 17 17 0
0.000870 17 -17 0
0.003270 18 0 0
-0.001100 18 2 0
0.007776 18 -2 0
-0.003587 18 4 0
0.003923 18 -4 0
0.000919 18 6 0
0.002974 18 -6 0
-0.000754 18 8 0
0.007461 18 -8 0
0.000099 18 10 0
0.003178 18 -10 0
0.002582 18 12 0
-0.005081 18 -12 0
0.008235 18 14 0
0.000246 18 -14 0
-0.001645 18 16 0
0.004517 18 -16 0
0.001310 18 18 0
-0.003370 18 -18 0
0.001890 19 1 0
-0.000965 19 -1 0
0.002624 19 3 0
-0.003782 19 -3 0
-0.000393 19 5 0
0.001637 19 -5 0
-0.002058 19 7 0
-0.001193 19 -7 0
0.005157 19 9 0
0.002975 19 -9 0
0.000225 19 11 0
