0.096404 1 1 0
0.155953 1 -1 0
-0.016401 2 0 0
0.034188 2 2 0
-0.010544 2 -2 0
-0.040309 3 1 0
-0.046045 3 -1 0
0.056676 3 3 0
0.017548 3 -3 0
-0.053952 4 0 0
-0.069133 4 2 0
-0.038105 4 -2 0
0.027070 4 4 0
-0.030582 4 -4 0
-0.010233 5 1 0
-0.014587 5 -1 0
-0.075534 5 3 0
-0.010493 5 -3 0
0.031695 5 5 0
-0.039102 5 -5 0
0.012389 6 0 0
0.005557 6 2 0
-0.006321 6 -2 0
-0.071942 6 4 0
0.045248 6 -4 0
-0.014426 6 6 0
-0.019431 6 -6 0
0.018613 7 1 0
0.048177 7 -1 0
0.066240 7 3 0
0.001899 7 -3 0
-0.009002 7 5 0
0.036107 7 -5 0
-0.032317 7 7 0
-0.044756 7 -7 0
0.012675 8 0 0
0.037504 8 2 0
0.016981 8 -2 0
0.034852 8 4 0
-0.024963 8 -4 0
-0.008686 8 6 0
0.051617 8 -6 0
-0.013933 8 8 0
0.013708 8 -8 0
0.009728 9 1 0
0.018838 9 -1 0
0.035989 9 3 0
-0.005445 9 -3 0
0.031144 9 5 0
-0.049090 9 -5 0
0.005251 9 7 0
0.013341 9 -7 0
-0.038841 9 9 0
-0.004491 9 -9 0
-0.007501 10 0 0
-0.014092 10 2 0
-0.002376 10 -2 0
-0.013657 10 4 0
0.006727 10 -4 0
-0.009828 10 6 0
-0.027238 10 -6 0
0.020705 10 8 0
0.011905 10 -8 0
0.001425 10 10 0
-0.003771 10 -10 0
-0.005226 11 1 0
0.005941 11 -1 0
0.008026 11 3 0
0.003842 11 -3 0
0.005860 11 5 0
0.006611 11 -5 0
-0.030625 11 7 0
-0.032509 11 -7 0
-0.004818 11 9 0
-0.006386 11 -9 0
-0.006988 11 11 0
0.008020 11 -11 0
0.001354 12 0 0
-0.002184 12 2 0
0.003677 12 -2 0
-0.008185 12 4 0
0.012134 12 -4 0
-0.005471 12 6 0
0.030040 12 -6 0
-0.012994 12 8 0
0.004647 12 -8 0
0.011386 12 10 0
-0.012581 12 -10 0
0.022618 12 12 0
-0.017896 12 -12 0
0.008744 13 1 0
0.017618 13 -1 0
0.021808 13 3 0
-0.002828 13 -3 0
0.007258 13 5 0
-0.003559 13 -5 0
-0.001232 13 7 0
0.007268 13 -7 0
-0.028253 13 9 0
-0.004500 13 -9 0
-0.002706 13 11 0
-0.003108 13 -11 0
-0.013269 13 13 0
0.009482 13 -13 0
0.007281 14 0 0
0.008299 14 2 0
0.009948 14 -2 0
-0.004496 14 4 0
-0.000002 14 -4 0
-0.005390 14 6 0
0.004674 14 -6 0
0.015405 14 8 0
0.017075 14 -8 0
-0.004902 14 10 0
0.005642 14 -10 0
0.008420 14 12 0
-0.018148 14 -12 0
0.032531 14 14 0
0.009116 14 -14 0
0.006109 15 1 0
0.009590 15 -1 0
0.017700 15 3 0
-0.001174 15 -3 0
0.005846 15 5 0
-0.006415 15 -5 0
-0.011806 15 7 0
-0.010871 15 -7 0
0.001030 15 9 0
-0.002430 15 -9 0
-0.004171 15 11 0
0.007130 15 -11 0
-0.011407 15 13 0
0.007164 15 -13 0
-0.013467 15 15 0
-0.002493 15 -15 0
0.002688 16 0 0
-0.002240 16 2 0
0.006284 16 -2 0
-0.002297 16 4 0
0.006317 16 -4 0
-0.005076 16 6 0
0.005885 16 -6 0
-0.003782 16 8 0
0.006254 16 -8 0
0.005294 16 10 0
-0.001013 16 -10 0
0.008038 16 12 0
-0.002176 16 -12 0
0.015645 16 14 0
0.005524 16 -14 0
0.005723 16 16 0
0.010643 16 -16 0
0.001505 17 1 0
0.008065 17 -1 0
0.009186 17 3 0
0.001724 17 -3 0
0.003345 17 5 0
-0.001651 17 -5 0
-0.004157 17 7 0
-0.000515 17 -7 0
-0.008448 17 9 0
-0.000057 17 -9 0
0.003397 17 11 0
-0.001827 17 -11 0
0.000257 17 13 0
0.007802 17 -13 0
-0.009682 17 15 0
-0.002560 17 -15 0
-0.002593 17 17 0
-0.001280 17 -17 0
0.001052 18 0 0
-0.001276 18 2 0
0.006394 18 -2 0
-0.003501 18 4 0
0.005428 18 -4 0
0.000067 18 6 0
0.006041 18 -6 0
0.002744 18 8 0
0.009967 18 -8 0
-0.002996 18 10 0
0.005138 18 -10 0
0.001281 18 12 0
-0.005818 18 -12 0
0.011120 18 14 0
0.002138 18 -14 0
-0.000902 18 16 0
0.008558 18 -16 0
0.002659 18 18 0
0.000662 18 -18 0
0.002004 19 1 0
0.000145 19 -1 0
0.003684 19 3 0
-0.001526 19 -3 0
0.001763 19 5 0
0.000789 19 -5 0
-0.003098 19 7 0
-0.000200 19 -7 0
0.001997 19 9 0
0.001458 19 -9 0
-0.000897 19 11 0
