0.046276 1 1 0
-0.300034 1 -1 0
-0.160377 2 0 0
0.033357 2 2 0
0.004915 2 -2 0
-0.024389 3 1 0
0.045636 3 -1 0
-0.018848 3 3 0
0.009171 3 -3 0
0.191813 4 0 0
-0.003401 4 2 0
0.014462 4 -2 0
0.004829 4 4 0
0.005416 4 -4 0
0.057134 5 1 0
-0.033578 5 -1 0
0.001810 5 3 0
0.000093 5 -3 0
-0.011813 5 5 0
-0.002632 5 -5 0
-0.205428 6 0 0
0.001070 6 2 0
-0.007264 6 -2 0
0.002760 6 4 0
0.000251 6 -4 0
0.012419 6 6 0
0.004738 6 -6 0
-0.068540 7 1 0
0.066203 7 -1 0
-0.000293 7 3 0
0.003750 7 -3 0
-0.003685 7 5 0
-0.001627 7 -5 0
-0.001246 7 7 0
-0.003389 7 -7 0
0.168006 8 0 0
0.016984 8 2 0
0.004241 8 -2 0
0.009183 8 4 0
-0.001246 8 -4 0
0.000903 8 6 0
-0.000462 8 -6 0
0.003475 8 8 0
0.001486 8 -8 0
0.055144 9 1 0
-0.041693 9 -1 0
-0.005159 9 3 0
0.003485 9 -3 0
0.000719 9 5 0
-0.000249 9 -5 0
0.000018 9 7 0
-0.006113 9 -7 0
0.003310 9 9 0
-0.003369 9 -9 0
-0.122051 10 0 0
0.001077 10 2 0
0.001083 10 -2 0
0.002841 10 4 0
0.014116 10 -4 0
0.006026 10 6 0
0.004711 10 -6 0
0.007347 10 8 0
0.003889 10 -8 0
0.005541 10 10 0
0.002804 10 -10 0
-0.045226 11 1 0
0.048914 11 -1 0
-0.004959 11 3 0
-0.000492 11 -3 0
-0.000817 11 5 0
-0.006822 11 -5 0
-0.000186 11 7 0
-0.000281 11 -7 0
0.006532 11 9 0
-0.005364 11 -9 0
0.001525 11 11 0
-0.006833 11 -11 0
0.067567 12 0 0
0.012300 12 2 0
0.002059 12 -2 0
0.003541 12 4 0
-0.014771 12 -4 0
-0.001965 12 6 0
-0.000221 12 -6 0
0.004622 12 8 0
-0.000612 12 -8 0
0.001969 12 10 0
0.001204 12 -10 0
0.001052 12 12 0
-0.003285 12 -12 0
0.032523 13 1 0
-0.017175 13 -1 0
0.000062 13 3 0
0.008577 13 -3 0
-0.004817 13 5 0
0.002266 13 -5 0
-0.003209 13 7 0
-0.001884 13 -7 0
0.006611 13 9 0
-0.005518 13 -9 0
0.006141 13 11 0
-0.001252 13 -11 0
0.001712 13 13 0
0.000254 13 -13 0
-0.047295 14 0 0
0.003645 14 2 0
-0.001725 14 -2 0
0.001279 14 4 0
0.018182 14 -4 0
0.007293 14 6 0
0.001628 14 -6 0
0.005266 14 8 0
0.004166 14 -8 0
0.002269 14 10 0
0.001639 14 -10 0
-0.001324 14 12 0
-0.002338 14 -12 0
-0.006116 14 14 0
-0.001181 14 -14 0
-0.021018 15 1 0
0.023296 15 -1 0
-0.007539 15 3 0
-0.002851 15 -3 0
0.004653 15 5 0
-0.005184 15 -5 0
-0.001328 15 7 0
-0.000203 15 -7 0
0.004905 15 9 0
-0.002374 15 -9 0
0.003503 15 11 0
-0.000969 15 -11 0
-0.000653 15 13 0
0.002066 15 -13 0
-0.004354 15 15 0
0.006404 15 -15 0
0.020532 16 0 0
0.008777 16 2 0
0.002780 16 -2 0
0.002773 16 4 0
-0.012223 16 -4 0
0.000672 16 6 0
0.001290 16 -6 0
0.002953 16 8 0
-0.001671 16 -8 0
0.002975 16 10 0
0.002333 16 -10 0
0.000009 16 12 0
-0.001508 16 -12 0
-0.002253 16 14 0
-0.001602 16 -14 0
-0.003303 16 16 0
-0.003436 16 -16 0
0.011061 17 1 0
-0.005617 17 -1 0
0.002664 17 3 0
0.006756 17 -3 0
-0.003669 17 5 0
0.002228 17 -5 0
-0.000783 17 7 0
-0.001446 17 -7 0
0.004041 17 9 0
-0.002322 17 -9 0
0.003366 17 11 0
0.000550 17 -11 0
0.001454 17 13 0
0.002081 17 -13 0
-0.001453 17 15 0
0.003321 17 -15 0
0.000306 17 17 0
0.003922 17 -17 0
-0.014816 18 0 0
0.001551 18 2 0
-0.000071 18 -2 0
-0.000000 18 4 0
0.010374 18 -4 0
0.001276 18 6 0
0.001223 18 -6 0
0.004842 18 8 0
0.000515 18 -8 0
0.001962 18 10 0
0.002023 18 -10 0
-0.000779 18 12 0
-0.003015 18 -12 0
-0.004159 18 14 0
0.000262 18 -14 0
0.002568 18 16 0
-0.004934 18 -16 0
0.001070 18 18 0
0.002047 18 -18 0
-0.006108 19 1 0
0.007948 19 -1 0
-0.005713 19 3 0
-0.001819 19 -3 0
0.002807 19 5 0
-0.003704 19 -5 0
-0.003190 19 7 0
-0.002045 19 -7 0
0.003421 19 9 0
-0.000850 19 -9 0
0.000633 19 11 0
