0.197871 1 1 0
-0.153000 1 -1 0
-0.137747 2 0 0
0.000175 2 2 0
-0.030618 2 -2 0
-0.061833 3 1 0
0.049754 3 -1 0
-0.004619 3 3 0
0.003285 3 -3 0
0.191973 4 0 0
0.011138 4 2 0
0.000832 4 -2 0
-0.006342 4 4 0
0.013022 4 -4 0
0.072181 5 1 0
-0.043611 5 -1 0
-0.010156 5 3 0
0.004554 5 -3 0
-0.002930 5 5 0
-0.012739 5 -5 0
-0.212092 6 0 0
-0.003054 6 2 0
-0.001558 6 -2 0
0.004800 6 4 0
-0.000513 6 -4 0
0.006096 6 6 0
0.007105 6 -6 0
-0.073696 7 1 0
0.064683 7 -1 0
0.001077 7 3 0
0.007413 7 -3 0
-0.003168 7 5 0
0.000184 7 -5 0
-0.001806 7 7 0
-0.004961 7 -7 0
0.166254 8 0 0
0.010973 8 2 0
-0.002670 8 -2 0
0.004965 8 4 0
-0.005080 8 -4 0
0.004877 8 6 0
0.006178 8 -6 0
0.003500 8 8 0
0.003250 8 -8 0
0.047713 9 1 0
-0.045727 9 -1 0
-0.003507 9 3 0
0.000681 9 -3 0
-0.004924 9 5 0
0.001101 9 -5 0
0.003697 9 7 0
-0.005248 9 -7 0
-0.002000 9 9 0
-0.008199 9 -9 0
-0.126349 10 0 0
-0.002779 10 2 0
-0.001823 10 -2 0
0.003709 10 4 0
0.013027 10 -4 0
0.002879 10 6 0
0.004493 10 -6 0
0.007747 10 8 0
0.003784 10 -8 0
0.003049 10 10 0
0.007006 10 -10 0
-0.047292 11 1 0
0.047414 11 -1 0
-0.004762 11 3 0
0.001384 11 -3 0
-0.000080 11 5 0
-0.010227 11 -5 0
0.001634 11 7 0
0.000105 11 -7 0
0.000945 11 9 0
-0.006639 11 -9 0
0.005520 11 11 0
-0.008202 11 -11 0
0.068530 12 0 0
0.009172 12 2 0
-0.000767 12 -2 0
0.003413 12 4 0
-0.014634 12 -4 0
-0.000183 12 6 0
0.002533 12 -6 0
0.004486 12 8 0
-0.000698 12 -8 0
0.002722 12 10 0
0.004216 12 -10 0
0.001681 12 12 0
-0.001191 12 -12 0
0.025546 13 1 0
-0.016945 13 -1 0
0.000660 13 3 0
0.007183 13 -3 0
-0.006848 13 5 0
0.005740 13 -5 0
0.001861 13 7 0
-0.003772 13 -7 0
0.002265 13 9 0
-0.005813 13 -9 0
0.007571 13 11 0
-0.000198 13 -11 0
0.002011 13 13 0
-0.002108 13 -13 0
-0.049803 14 0 0
-0.002727 14 2 0
-0.006289 14 -2 0
0.001249 14 4 0
0.016853 14 -4 0
0.005358 14 6 0
0.000760 14 -6 0
0.005463 14 8 0
0.004699 14 -8 0
-0.000327 14 10 0
0.003353 14 -10 0
0.001523 14 12 0
-0.001429 14 -12 0
-0.005577 14 14 0
0.003341 14 -14 0
-0.022814 15 1 0
0.021783 15 -1 0
-0.004182 15 3 0
-0.001653 15 -3 0
0.003077 15 5 0
-0.006349 15 -5 0
0.000992 15 7 0
-0.001611 15 -7 0
0.002296 15 9 0
-0.002303 15 -9 0
0.004721 15 11 0
-0.001458 15 -11 0
-0.003487 15 13 0
0.000741 15 -13 0
0.000221 15 15 0
0.005257 15 -15 0
0.020480 16 0 0
0.006279 16 2 0
-0.000486 16 -2 0
0.000899 16 4 0
-0.010397 16 -4 0
-0.000500 16 6 0
-0.000174 16 -6 0
0.004007 16 8 0
-0.000245 16 -8 0
0.000174 16 10 0
0.001923 16 -10 0
0.001532 16 12 0
0.000881 16 -12 0
-0.001030 16 14 0
-0.001002 16 -14 0
-0.001373 16 16 0
-0.001294 16 -16 0
0.008929 17 1 0
-0.004594 17 -1 0
0.002994 17 3 0
0.006937 17 -3 0
-0.004115 17 5 0
0.002482 17 -5 0
0.001712 17 7 0
-0.000934 17 -7 0
0.001166 17 9 0
-0.004423 17 -9 0
0.004598 17 11 0
-0.000367 17 -11 0
0.000732 17 13 0
0.001711 17 -13 0
0.000285 17 15 0
0.002031 17 -15 0
-0.002325 17 17 0
0.004352 17 -17 0
-0.013570 18 0 0
-0.001406 18 2 0
-0.002538 18 -2 0
0.001452 18 4 0
0.010392 18 -4 0
-0.000708 18 6 0
0.001675 18 -6 0
0.004601 18 8 0
0.000974 18 -8 0
-0.000083 18 10 0
0.002787 18 -10 0
0.000775 18 12 0
-0.002252 18 -12 0
-0.003112 18 14 0
0.000203 18 -14 0
0.004672 18 16 0
-0.001854 18 -16 0
0.000768 18 18 0
0.000790 18 -18 0
-0.007523 19 1 0
0.009079 19 -1 0
-0.004543 19 3 0
-0.002493 19 -3 0
0.003461 19 5 0
-0.004109 19 -5 0
-0.001024 19 7 0
-0.003477 19 -7 0
0.004070 19 9 0
-0.000644 19 -9 0
0.000715 19 11 0
