0.182829 1 1 0
-0.194683 1 -1 0
-0.155505 2 0 0
0.031514 2 2 0
0.039084 2 -2 0
-0.042383 3 1 0
0.055817 3 -1 0
-0.004624 3 3 0
0.009997 3 -3 0
0.195833 4 0 0
0.006171 4 2 0
-0.000648 4 -2 0
0.005603 4 4 0
0.005012 4 -4 0
0.060584 5 1 0
-0.042436 5 -1 0
-0.007718 5 3 0
-0.002371 5 -3 0
-0.001123 5 5 0
-0.012740 5 -5 0
-0.214445 6 0 0
-0.003403 6 2 0
-0.005492 6 -2 0
0.002277 6 4 0
-0.003178 6 -4 0
0.016074 6 6 0
0.005869 6 -6 0
-0.074287 7 1 0
0.062593 7 -1 0
-0.001769 7 3 0
0.007096 7 -3 0
-0.006837 7 5 0
0.002353 7 -5 0
-0.000642 7 7 0
0.000954 7 -7 0
0.165384 8 0 0
0.012636 8 2 0
-0.002846 8 -2 0
0.004868 8 4 0
-0.000497 8 -4 0
0.001327 8 6 0
0.001449 8 -6 0
0.001520 8 8 0
0.002972 8 -8 0
0.048900 9 1 0
-0.044480 9 -1 0
-0.007963 9 3 0
-0.000663 9 -3 0
-0.003197 9 5 0
0.000968 9 -5 0
0.001515 9 7 0
-0.009195 9 -7 0
0.001075 9 9 0
-0.006699 9 -9 0
-0.127249 10 0 0
-0.002152 10 2 0
-0.003456 10 -2 0
0.001773 10 4 0
0.013381 10 -4 0
0.003288 10 6 0
0.005543 10 -6 0
0.005705 10 8 0
0.004985 10 -8 0
0.005357 10 10 0
0.004148 10 -10 0
-0.047296 11 1 0
0.046074 11 -1 0
-0.007195 11 3 0
0.001427 11 -3 0
0.000012 11 5 0
-0.006935 11 -5 0
-0.000573 11 7 0
0.001305 11 -7 0
0.002639 11 9 0
-0.008097 11 -9 0
0.005955 11 11 0
-0.007526 11 -11 0
0.066536 12 0 0
0.008588 12 2 0
0.000289 12 -2 0
0.002359 12 4 0
-0.015428 12 -4 0
-0.000992 12 6 0
0.002360 12 -6 0
0.003786 12 8 0
0.000021 12 -8 0
0.002834 12 10 0
0.003563 12 -10 0
0.003410 12 12 0
-0.000094 12 -12 0
0.025617 13 1 0
-0.017580 13 -1 0
-0.001573 13 3 0
0.007764 13 -3 0
-0.007138 13 5 0
0.005276 13 -5 0
-0.001809 13 7 0
-0.003864 13 -7 0
0.005207 13 9 0
-0.005840 13 -9 0
0.006156 13 11 0
0.000006 13 -11 0
0.002156 13 13 0
0.000134 13 -13 0
-0.050833 14 0 0
-0.000483 14 2 0
-0.005720 14 -2 0
-0.000369 14 4 0
0.017414 14 -4 0
0.006668 14 6 0
0.001906 14 -6 0
0.003651 14 8 0
0.004577 14 -8 0
0.000292 14 10 0
0.002071 14 -10 0
0.001555 14 12 0
-0.001640 14 -12 0
-0.004236 14 14 0
0.002423 14 -14 0
-0.021747 15 1 0
0.021662 15 -1 0
-0.007540 15 3 0
-0.001781 15 -3 0
0.003997 15 5 0
-0.004006 15 -5 0
-0.000221 15 7 0
-0.002175 15 -7 0
0.002902 15 9 0
-0.002503 15 -9 0
0.003702 15 11 0
-0.000669 15 -11 0
-0.002973 15 13 0
-0.001133 15 -13 0
-0.000573 15 15 0
0.002253 15 -15 0
0.018864 16 0 0
0.006603 16 2 0
0.000723 16 -2 0
0.000747 16 4 0
-0.012199 16 -4 0
-0.001482 16 6 0
0.000453 16 -6 0
0.002549 16 8 0
-0.000626 16 -8 0
0.000885 16 10 0
0.001921 16 -10 0
0.000866 16 12 0
-0.002097 16 -12 0
-0.000908 16 14 0
-0.002728 16 -14 0
0.000969 16 16 0
-0.000119 16 -16 0
0.008022 17 1 0
-0.005541 17 -1 0
0.002311 17 3 0
0.008204 17 -3 0
-0.004084 17 5 0
0.002729 17 -5 0
-0.000207 17 7 0
-0.000901 17 -7 0
0.002284 17 9 0
-0.005807 17 -9 0
0.003270 17 11 0
-0.000385 17 -11 0
0.000859 17 13 0
0.001661 17 -13 0
-0.000490 17 15 0
0.000289 17 -15 0
0.001692 17 17 0
0.003865 17 -17 0
-0.014381 18 0 0
-0.001084 18 2 0
-0.001104 18 -2 0
0.000583 18 4 0
0.010199 18 -4 0
0.001135 18 6 0
0.001941 18 -6 0
0.004038 18 8 0
0.000664 18 -8 0
-0.000292 18 10 0
0.002594 18 -10 0
-0.000143 18 12 0
-0.002969 18 -12 0
-0.003612 18 14 0
-0.000380 18 -14 0
0.004340 18 16 0
-0.003356 18 -16 0
0.000583 18 18 0
0.001508 18 -18 0
-0.007390 19 1 0
0.008087 19 -1 0
-0.005585 19 3 0
-0.001643 19 -3 0
0.004124 19 5 0
-0.002889 19 -5 0
-0.001263 19 7 0
-0.003674 19 -7 0
0.004798 19 9 0
-0.001278 19 -9 0
0.001319 19 11 0
