0.076018 1 1 0
-0.003196 1 -1 0
-0.019753 2 0 0
-0.048518 2 2 0
0.042863 2 -2 0
-0.079310 3 1 0
0.063834 3 -1 0
-0.004901 3 3 0
0.036338 3 -3 0
-0.004714 4 0 0
0.091879 4 2 0
-0.007863 4 -2 0
0.008445 4 4 0
-0.018156 4 -4 0
0.065796 5 1 0
-0.047072 5 -1 0
-0.035868 5 3 0
-0.014009 5 -3 0
-0.003648 5 5 0
0.019873 5 -5 0
0.031719 6 0 0
-0.103152 6 2 0
0.005847 6 -2 0
0.004644 6 4 0
0.046000 6 -4 0
0.050551 6 6 0
-0.015289 6 -6 0
0.020071 7 1 0
-0.019206 7 -1 0
0.062144 7 3 0
0.101075 7 -3 0
0.019778 7 5 0
-0.006807 7 -5 0
0.001324 7 7 0
-0.032933 7 -7 0
-0.019543 8 0 0
0.026331 8 2 0
0.008189 8 -2 0
0.008090 8 4 0
-0.066581 8 -4 0
0.030263 8 6 0
-0.027255 8 -6 0
0.003145 8 8 0
0.000048 8 -8 0
-0.016693 9 1 0
0.018488 9 -1 0
-0.029795 9 3 0
-0.013017 9 -3 0
-0.033541 9 5 0
0.038731 9 -5 0
0.003739 9 7 0
-0.023208 9 -7 0
-0.020742 9 9 0
-0.035188 9 -9 0
-0.000230 10 0 0
-0.003754 10 2 0
0.004499 10 -2 0
0.000424 10 4 0
0.044898 10 -4 0
0.063886 10 6 0
-0.013305 10 -6 0
0.011551 10 8 0
-0.010000 10 -8 0
-0.005846 10 10 0
0.000017 10 -10 0
0.026377 11 1 0
-0.020619 11 -1 0
0.022367 11 3 0
0.047378 11 -3 0
0.024848 11 5 0
-0.007193 11 -5 0
-0.008464 11 7 0
-0.039546 11 -7 0
-0.019204 11 9 0
-0.022360 11 -9 0
0.000259 11 11 0
-0.003337 11 -11 0
0.011767 12 0 0
-0.026212 12 2 0
0.007098 12 -2 0
0.004298 12 4 0
-0.031351 12 -4 0
0.018317 12 6 0
-0.020669 12 -6 0
0.003633 12 8 0
0.005390 12 -8 0
0.006694 12 10 0
0.004145 12 -10 0
-0.001160 12 12 0
0.025085 12 -12 0
0.008762 13 1 0
-0.004882 13 -1 0
0.002800 13 3 0
0.023519 13 -3 0
-0.021288 13 5 0
0.021706 13 -5 0
0.006505 13 7 0
-0.012489 13 -7 0
-0.006852 13 9 0
-0.024232 13 -9 0
-0.003241 13 11 0
-0.011377 13 -11 0
-0.001075 13 13 0
0.017336 13 -13 0
-0.004078 14 0 0
0.001803 14 2 0
-0.000939 14 -2 0
0.003414 14 4 0
0.006409 14 -4 0
0.042397 14 6 0
-0.007657 14 -6 0
0.007350 14 8 0
-0.011934 14 -8 0
-0.004187 14 10 0
0.002199 14 -10 0
0.002296 14 12 0
0.020617 14 -12 0
0.011221 14 14 0
0.003608 14 -14 0
0.000652 15 1 0
0.003191 15 -1 0
0.000307 15 3 0
0.012184 15 -3 0
0.006032 15 5 0
-0.000582 15 -5 0
-0.005221 15 7 0
-0.026684 15 -7 0
-0.014623 15 9 0
-0.011384 15 -9 0
0.005220 15 11 0
0.000402 15 -11 0
0.001543 15 13 0
0.010775 15 -13 0
-0.000309 15 15 0
-0.008247 15 -15 0
0.001955 16 0 0
-0.003326 16 2 0
0.002972 16 -2 0
0.000696 16 4 0
-0.003590 16 -4 0
0.008244 16 6 0
-0.009776 16 -6 0
0.000891 16 8 0
0.004774 16 -8 0
0.009664 16 10 0
-0.001314 16 -10 0
0.001450 16 12 0
0.007689 16 -12 0
0.006268 16 14 0
0.000855 16 -14 0
-0.005105 16 16 0
0.001541 16 -16 0
0.008690 17 1 0
-0.006524 17 -1 0
0.002126 17 3 0
0.011113 17 -3 0
-0.005279 17 5 0
0.004471 17 -5 0
0.001928 17 7 0
-0.005127 17 -7 0
-0.000115 17 9 0
-0.010148 17 -9 0
-0.004461 17 11 0
-0.007092 17 -11 0
-0.000621 17 13 0
0.008411 17 -13 0
-0.000638 17 15 0
-0.004318 17 -15 0
0.002367 17 17 0
0.001355 17 -17 0
0.002695 18 0 0
-0.005835 18 2 0
0.000108 18 -2 0
0.002352 18 4 0
-0.002340 18 -4 0
0.013871 18 6 0
-0.003005 18 -6 0
0.002219 18 8 0
-0.005051 18 -8 0
-0.001534 18 10 0
-0.000147 18 -10 0
0.001983 18 12 0
0.008899 18 -12 0
0.005819 18 14 0
0.001001 18 -14 0
-0.003873 18 16 0
0.001899 18 -16 0
-0.002574 18 18 0
-0.003491 18 -18 0
0.002683 19 1 0
0.000786 19 -1 0
-0.000226 19 3 0
0.004022 19 -3 0
-0.000196 19 5 0
-0.001175 19 -5 0
-0.000388 19 7 0
-0.009744 19 -7 0
-0.002576 19 9 0
-0.004251 19 -9 0
0.001526 19 11 0
