0.030036 1 1 0
-0.027670 1 -1 0
-0.043917 2 0 0
-0.038222 2 2 0
0.030264 2 -2 0
-0.085197 3 1 0
0.055935 3 -1 0
0.034100 3 3 0
0.028885 3 -3 0
0.004155 4 0 0
0.092440 4 2 0
-0.000760 4 -2 0
0.005734 4 4 0
-0.032103 4 -4 0
0.072404 5 1 0
-0.031899 5 -1 0
-0.035704 5 3 0
-0.018884 5 -3 0
-0.014318 5 5 0
0.014594 5 -5 0
0.038299 6 0 0
-0.119586 6 2 0
0.010477 6 -2 0
-0.010667 6 4 0
0.053401 6 -4 0
0.021843 6 6 0
-0.019012 6 -6 0
0.031253 7 1 0
-0.012226 7 -1 0
0.064521 7 3 0
0.108068 7 -3 0
0.006264 7 5 0
-0.004555 7 -5 0
-0.012556 7 7 0
-0.028154 7 -7 0
-0.015121 8 0 0
0.021336 8 2 0
0.004425 8 -2 0
0.002547 8 4 0
-0.065012 8 -4 0
0.007954 8 6 0
-0.024305 8 -6 0
0.001896 8 8 0
-0.009276 8 -8 0
-0.006528 9 1 0
0.028405 9 -1 0
-0.026922 9 3 0
-0.007759 9 -3 0
-0.044421 9 5 0
0.043878 9 -5 0
-0.008000 9 7 0
-0.024661 9 -7 0
0.011912 9 9 0
-0.042387 9 -9 0
0.006848 10 0 0
-0.012726 10 2 0
0.006121 10 -2 0
-0.010680 10 4 0
0.050185 10 -4 0
0.045114 10 6 0
-0.013998 10 -6 0
0.009402 10 8 0
-0.019446 10 -8 0
-0.000406 10 10 0
-0.005936 10 -10 0
0.037011 11 1 0
-0.015353 11 -1 0
0.023790 11 3 0
0.049953 11 -3 0
0.014400 11 5 0
-0.005377 11 -5 0
-0.022347 11 7 0
-0.036848 11 -7 0
0.003728 11 9 0
-0.029950 11 -9 0
0.014802 11 11 0
-0.000225 11 -11 0
0.015188 12 0 0
-0.033697 12 2 0
0.005722 12 -2 0
-0.002288 12 4 0
-0.031655 12 -4 0
0.001185 12 6 0
-0.021803 12 -6 0
0.001960 12 8 0
-0.000389 12 -8 0
0.009277 12 10 0
-0.001770 12 -10 0
0.006124 12 12 0
0.021267 12 -12 0
0.016892 13 1 0
-0.001149 13 -1 0
0.006940 13 3 0
0.027211 13 -3 0
-0.028755 13 5 0
0.023386 13 -5 0
-0.001614 13 7 0
-0.009058 13 -7 0
0.010678 13 9 0
-0.028206 13 -9 0
0.011153 13 11 0
-0.007010 13 -11 0
-0.003192 13 13 0
0.013825 13 -13 0
-0.001483 14 0 0
-0.002640 14 2 0
0.000327 14 -2 0
-0.003252 14 4 0
0.008209 14 -4 0
0.031349 14 6 0
-0.008107 14 -6 0
0.004934 14 8 0
-0.015668 14 -8 0
-0.001965 14 10 0
-0.001045 14 -10 0
0.005879 14 12 0
0.017791 14 -12 0
0.018929 14 14 0
0.008757 14 -14 0
0.006079 15 1 0
0.005051 15 -1 0
0.003294 15 3 0
0.013169 15 -3 0
0.000833 15 5 0
0.000927 15 -5 0
-0.010131 15 7 0
-0.022934 15 -7 0
-0.003059 15 9 0
-0.014425 15 -9 0
0.013141 15 11 0
0.003419 15 -11 0
-0.000020 15 13 0
0.006794 15 -13 0
-0.003565 15 15 0
0.000254 15 -15 0
0.004515 16 0 0
-0.007254 16 2 0
0.003571 16 -2 0
-0.003833 16 4 0
-0.003624 16 -4 0
0.003183 16 6 0
-0.010572 16 -6 0
0.001291 16 8 0
0.002328 16 -8 0
0.008624 16 10 0
-0.003620 16 -10 0
0.002234 16 12 0
0.006024 16 -12 0
0.008090 16 14 0
0.004295 16 -14 0
-0.000104 16 16 0
0.007075 16 -16 0
0.010983 17 1 0
-0.005714 17 -1 0
0.004639 17 3 0
0.012041 17 -3 0
-0.008724 17 5 0
0.005097 17 -5 0
-0.001064 17 7 0
-0.004476 17 -7 0
0.005344 17 9 0
-0.011928 17 -9 0
0.002479 17 11 0
-0.006190 17 -11 0
-0.001587 17 13 0
0.006285 17 -13 0
-0.002490 17 15 0
0.000214 17 -15 0
0.001991 17 17 0
0.001465 17 -17 0
0.004534 18 0 0
-0.008223 18 2 0
-0.000403 18 -2 0
0.000656 18 4 0
-0.002768 18 -4 0
0.009765 18 6 0
-0.003290 18 -6 0
0.002002 18 8 0
-0.006069 18 -8 0
-0.002406 18 10 0
-0.000346 18 -10 0
0.001478 18 12 0
0.006756 18 -12 0
0.007093 18 14 0
0.002427 18 -14 0
-0.002762 18 16 0
0.003479 18 -16 0
-0.003128 18 18 0
-0.000248 18 -18 0
0.003061 19 1 0
0.000746 19 -1 0
0.000673 19 3 0
0.004207 19 -3 0
-0.003671 19 5 0
-0.000350 19 -5 0
-0.000515 19 7 0
-0.008332 19 -7 0
-0.000841 19 9 0
-0.004551 19 -9 0
0.005638 19 11 0
