0.023183 1 1 0
0.011454 1 -1 0
-0.056304 2 0 0
-0.056090 2 2 0
-0.020433 2 -2 0
-0.041689 3 1 0
0.046947 3 -1 0
0.010651 3 3 0
0.049304 3 -3 0
-0.003088 4 0 0
0.116083 4 2 0
0.012512 4 -2 0
0.000631 4 4 0
-0.016666 4 -4 0
0.066782 5 1 0
-0.033400 5 -1 0
-0.023214 5 3 0
-0.021002 5 -3 0
-0.002765 5 5 0
0.022747 5 -5 0
0.034633 6 0 0
-0.101172 6 2 0
0.006248 6 -2 0
0.008564 6 4 0
0.043665 6 -4 0
0.043670 6 6 0
-0.021253 6 -6 0
0.029017 7 1 0
-0.007771 7 -1 0
0.068833 7 3 0
0.107832 7 -3 0
0.029493 7 5 0
-0.016355 7 -5 0
0.000353 7 7 0
-0.031762 7 -7 0
-0.023192 8 0 0
0.045806 8 2 0
0.010957 8 -2 0
0.019472 8 4 0
-0.060652 8 -4 0
0.038278 8 6 0
-0.025736 8 -6 0
0.017401 8 8 0
-0.008346 8 -8 0
-0.005013 9 1 0
0.028018 9 -1 0
-0.016211 9 3 0
-0.003041 9 -3 0
-0.037137 9 5 0
0.038877 9 -5 0
0.011521 9 7 0
-0.031471 9 -7 0
-0.012624 9 9 0
-0.033467 9 -9 0
0.001029 10 0 0
0.003933 10 2 0
0.009698 10 -2 0
0.002245 10 4 0
0.046818 10 -4 0
0.067776 10 6 0
-0.016781 10 -6 0
0.023894 10 8 0
-0.007500 10 -8 0
0.000174 10 10 0
-0.000559 10 -10 0
0.032879 11 1 0
-0.017751 11 -1 0
0.029264 11 3 0
0.046660 11 -3 0
0.031339 11 5 0
-0.010786 11 -5 0
-0.006796 11 7 0
-0.040225 11 -7 0
-0.017433 11 9 0
-0.026992 11 -9 0
-0.001629 11 11 0
-0.010018 11 -11 0
0.009826 12 0 0
-0.016210 12 2 0
0.008256 12 -2 0
0.008537 12 4 0
-0.031009 12 -4 0
0.019757 12 6 0
-0.018832 12 -6 0
0.013877 12 8 0
0.001825 12 -8 0
0.006895 12 10 0
-0.000917 12 -10 0
-0.004112 12 12 0
0.020192 12 -12 0
0.017657 13 1 0
-0.000311 13 -1 0
0.013169 13 3 0
0.028395 13 -3 0
-0.020210 13 5 0
0.019083 13 -5 0
0.008562 13 7 0
-0.013864 13 -7 0
-0.003657 13 9 0
-0.024876 13 -9 0
-0.003115 13 11 0
-0.014583 13 -11 0
-0.005675 13 13 0
0.011300 13 -13 0
-0.005266 14 0 0
0.009212 14 2 0
0.002443 14 -2 0
0.005334 14 4 0
0.008913 14 -4 0
0.041644 14 6 0
-0.010891 14 -6 0
0.015440 14 8 0
-0.010028 14 -8 0
-0.003400 14 10 0
0.001478 14 -10 0
-0.002468 14 12 0
0.015967 14 -12 0
0.009719 14 14 0
0.006136 14 -14 0
0.006011 15 1 0
0.005683 15 -1 0
0.005086 15 3 0
0.013242 15 -3 0
0.009212 15 5 0
-0.002014 15 -5 0
-0.003264 15 7 0
-0.026070 15 -7 0
-0.012590 15 9 0
-0.011657 15 -9 0
0.004961 15 11 0
-0.002517 15 -11 0
-0.000560 15 13 0
0.004935 15 -13 0
-0.002736 15 15 0
-0.009821 15 -15 0
0.001087 16 0 0
-0.000703 16 2 0
0.004189 16 -2 0
0.000243 16 4 0
-0.002709 16 -4 0
0.010421 16 6 0
-0.008985 16 -6 0
0.005817 16 8 0
0.003697 16 -8 0
0.007864 16 10 0
-0.000145 16 -10 0
-0.000603 16 12 0
0.007328 16 -12 0
0.003973 16 14 0
0.005426 16 -14 0
-0.004527 16 16 0
0.007374 16 -16 0
0.011228 17 1 0
-0.005316 17 -1 0
0.005499 17 3 0
0.011257 17 -3 0
-0.004476 17 5 0
0.005094 17 -5 0
0.001249 17 7 0
-0.006306 17 -7 0
0.000999 17 9 0
-0.009895 17 -9 0
-0.002369 17 11 0
-0.007444 17 -11 0
-0.001735 17 13 0
0.006733 17 -13 0
-0.002092 17 15 0
-0.006715 17 -15 0
0.003044 17 17 0
0.001861 17 -17 0
0.002601 18 0 0
-0.004699 18 2 0
0.000154 18 -2 0
0.002315 18 4 0
-0.001969 18 -4 0
0.011997 18 6 0
-0.004537 18 -6 0
0.004752 18 8 0
-0.003576 18 -8 0
-0.002155 18 10 0
-0.000718 18 -10 0
-0.001084 18 12 0
0.007094 18 -12 0
0.006356 18 14 0
0.001068 18 -14 0
-0.001801 18 16 0
0.003149 18 -16 0
-0.001364 18 18 0
-0.000564 18 -18 0
0.003733 19 1 0
0.001696 19 -1 0
0.000752 19 3 0
0.006053 19 -3 0
-0.000986 19 5 0
-0.001096 19 -5 0
-0.000919 19 7 0
-0.007469 19 -7 0
-0.002858 19 9 0
-0.003350 19 -9 0
0.001625 19 11 0
