0.154084 1 1 0
0.443806 1 -1 0
-0.023385 2 0 0
-0.010138 2 2 0
-0.023611 2 -2 0
0.086234 3 1 0
-0.012707 3 -1 0
0.007882 3 3 0
-0.033366 3 -3 0
-0.050800 4 0 0
0.085064 4 2 0
0.069548 4 -2 0
0.008693 4 4 0
-0.010499 4 -4 0
0.027961 5 1 0
-0.020434 5 -1 0
-0.021364 5 3 0
0.069068 5 -3 0
-0.003168 5 5 0
0.035736 5 -5 0
0.008223 6 0 0
-0.022706 6 2 0
-0.033424 6 -2 0
-0.114181 6 4 0
0.024277 6 -4 0
-0.010339 6 6 0
0.026204 6 -6 0
-0.023955 7 1 0
0.004705 7 -1 0
0.006777 7 3 0
-0.088800 7 -3 0
-0.042110 7 5 0
-0.046099 7 -5 0
0.014905 7 7 0
-0.014101 7 -7 0
0.000146 8 0 0
-0.005368 8 2 0
-0.007308 8 -2 0
0.032605 8 4 0
-0.020332 8 -4 0
0.017379 8 6 0
-0.033884 8 -6 0
-0.011952 8 8 0
0.027425 8 -8 0
0.044481 9 1 0
-0.031840 9 -1 0
-0.001970 9 3 0
-0.010787 9 -3 0
0.014572 9 5 0
0.055517 9 -5 0
0.056770 9 7 0
-0.006433 9 -7 0
-0.035386 9 9 0
-0.015544 9 -9 0
-0.021689 10 0 0
0.030530 10 2 0
0.003972 10 -2 0
-0.061252 10 4 0
0.008023 10 -4 0
-0.013047 10 6 0
0.036469 10 -6 0
-0.002331 10 8 0
0.041712 10 -8 0
0.022982 10 10 0
-0.018015 10 -10 0
0.024973 11 1 0
-0.039135 11 -1 0
0.006404 11 3 0
-0.015431 11 -3 0
-0.031094 11 5 0
-0.021192 11 -5 0
0.001477 11 7 0
-0.012418 11 -7 0
-0.019637 11 9 0
0.011033 11 -9 0
-0.017452 11 11 0
-0.057196 11 -11 0
-0.004308 12 0 0
-0.002860 12 2 0
-0.007811 12 -2 0
-0.019744 12 4 0
-0.000254 12 -4 0
0.014093 12 6 0
-0.029377 12 -6 0
-0.008174 12 8 0
0.018431 12 -8 0
0.018919 12 10 0
0.000512 12 -10 0
0.049400 12 12 0
-0.076239 12 -12 0
0.016633 13 1 0
-0.021294 13 -1 0
0.004083 13 3 0
-0.031477 13 -3 0
-0.005631 13 5 0
0.011785 13 -5 0
0.029839 13 7 0
-0.011661 13 -7 0
-0.014185 13 9 0
-0.011232 13 -9 0
-0.014286 13 11 0
-0.040641 13 -11 0
-0.063284 13 13 0
0.009392 13 -13 0
-0.003764 14 0 0
0.007793 14 2 0
-0.003697 14 -2 0
-0.015104 14 4 0
-0.003239 14 -4 0
-0.006103 14 6 0
0.006175 14 -6 0
0.005353 14 8 0
0.035029 14 -8 0
0.018515 14 10 0
-0.002561 14 -10 0
0.022176 14 12 0
-0.053234 14 -12 0
0.010604 14 14 0
-0.037333 14 -14 0
0.015251 15 1 0
-0.028431 15 -1 0
0.007714 15 3 0
-0.011232 15 -3 0
0.000708 15 5 0
0.008844 15 -5 0
-0.005907 15 7 0
-0.011249 15 -7 0
-0.017101 15 9 0
0.006840 15 -9 0
0.002660 15 11 0
-0.023397 15 -11 0
-0.029672 15 13 0
0.006434 15 -13 0
-0.011320 15 15 0
-0.010409 15 -15 0
-0.004441 16 0 0
0.004900 16 2 0
-0.005648 16 -2 0
-0.011081 16 4 0
0.004637 16 -4 0
0.004234 16 6 0
-0.006104 16 -6 0
-0.002207 16 8 0
0.008057 16 -8 0
0.001811 16 10 0
-0.001859 16 -10 0
0.017506 16 12 0
-0.019957 16 -12 0
0.004840 16 14 0
-0.009752 16 -14 0
0.001428 16 16 0
-0.008459 16 -16 0
0.008870 17 1 0
-0.012222 17 -1 0
0.003521 17 3 0
-0.005057 17 -3 0
-0.005734 17 5 0
0.000816 17 -5 0
0.004448 17 7 0
-0.008258 17 -7 0
-0.002396 17 9 0
-0.002704 17 -9 0
0.001638 17 11 0
-0.016727 17 -11 0
-0.015763 17 13 0
0.002678 17 -13 0
-0.008482 17 15 0
-0.004696 17 -15 0
0.001238 17 17 0
0.010602 17 -17 0
-0.003278 18 0 0
-0.001319 18 2 0
-0.000666 18 -2 0
-0.005856 18 4 0
0.003939 18 -4 0
-0.002864 18 6 0
-0.003028 18 -6 0
0.000425 18 8 0
0.010572 18 -8 0
0.004865 18 10 0
-0.000224 18 -10 0
0.006475 18 12 0
-0.012567 18 -12 0
-0.002784 18 14 0
-0.001711 18 -14 0
-0.005717 18 16 0
-0.003342 18 -16 0
0.007945 18 18 0
-0.004069 18 -18 0
0.005397 19 1 0
-0.007307 19 -1 0
0.001238 19 3 0
-0.005296 19 -3 0
0.000843 19 5 0
0.004352 19 -5 0
-0.005160 19 7 0
-0.005424 19 -7 0
-0.004307 19 9 0
0.002858 19 -9 0
0.004046 19 11 0
