0.129488 1 1 0
0.434456 1 -1 0
0.008460 2 0 0
-0.024492 2 2 0
-0.055606 2 -2 0
0.077367 3 1 0
-0.029180 3 -1 0
0.031370 3 3 0
-0.043002 3 -3 0
-0.054269 4 0 0
0.090070 4 2 0
0.078999 4 -2 0
0.011715 4 4 0
-0.015428 4 -4 0
0.014145 5 1 0
-0.011155 5 -1 0
-0.025045 5 3 0
0.057454 5 -3 0
-0.003119 5 5 0
0.047658 5 -5 0
0.019894 6 0 0
-0.040872 6 2 0
-0.060496 6 -2 0
-0.095758 6 4 0
0.017361 6 -4 0
-0.016104 6 6 0
0.032734 6 -6 0
-0.045663 7 1 0
0.003797 7 -1 0
0.012468 7 3 0
-0.095988 7 -3 0
-0.030235 7 5 0
-0.042275 7 -5 0
-0.003425 7 7 0
-0.029154 7 -7 0
0.010835 8 0 0
-0.016532 8 2 0
-0.020491 8 -2 0
0.043687 8 4 0
-0.029589 8 -4 0
0.019779 8 6 0
-0.028219 8 -6 0
-0.032629 8 8 0
0.007288 8 -8 0
0.024360 9 1 0
-0.017778 9 -1 0
0.000127 9 3 0
-0.017919 9 -3 0
0.024525 9 5 0
0.067644 9 -5 0
0.037983 9 7 0
-0.011846 9 -7 0
-0.011988 9 9 0
-0.019118 9 -9 0
-0.011162 10 0 0
0.014727 10 2 0
-0.005893 10 -2 0
-0.047154 10 4 0
0.004451 10 -4 0
-0.008664 10 6 0
0.045359 10 -6 0
-0.013139 10 8 0
0.028055 10 -8 0
0.058073 10 10 0
0.006645 10 -10 0
0.008948 11 1 0
-0.025730 11 -1 0
0.006523 11 3 0
-0.018130 11 -3 0
-0.020291 11 5 0
-0.010901 11 -5 0
-0.009426 11 7 0
-0.013899 11 -7 0
-0.003870 11 9 0
0.010105 11 -9 0
-0.021793 11 11 0
-0.052385 11 -11 0
0.006828 12 0 0
-0.015764 12 2 0
-0.014750 12 -2 0
-0.011086 12 4 0
-0.005474 12 -4 0
0.020338 12 6 0
-0.019201 12 -6 0
-0.018263 12 8 0
0.014549 12 -8 0
0.043314 12 10 0
0.023287 12 -10 0
0.035964 12 12 0
-0.017096 12 -12 0
-0.000283 13 1 0
-0.007179 13 -1 0
0.005568 13 3 0
-0.030388 13 -3 0
0.002718 13 5 0
0.021513 13 -5 0
0.023754 13 7 0
-0.009742 13 -7 0
-0.003751 13 9 0
-0.007487 13 -9 0
-0.017318 13 11 0
-0.038356 13 -11 0
-0.065628 13 13 0
0.019011 13 -13 0
0.003701 14 0 0
-0.002586 14 2 0
-0.006145 14 -2 0
-0.009788 14 4 0
-0.005303 14 -4 0
0.002193 14 6 0
0.015224 14 -6 0
0.000608 14 8 0
0.034325 14 -8 0
0.034667 14 10 0
0.013503 14 -10 0
0.013009 14 12 0
-0.015367 14 -12 0
-0.007204 14 14 0
-0.024300 14 -14 0
0.004652 15 1 0
-0.015452 15 -1 0
0.007026 15 3 0
-0.008279 15 -3 0
0.007064 15 5 0
0.016668 15 -5 0
-0.008897 15 7 0
-0.006817 15 -7 0
-0.009277 15 9 0
0.010247 15 -9 0
0.000604 15 11 0
-0.020065 15 -11 0
-0.027940 15 13 0
0.011729 15 -13 0
-0.020998 15 15 0
-0.012943 15 -15 0
-0.000727 16 0 0
-0.001822 16 2 0
-0.007745 16 -2 0
-0.008377 16 4 0
0.002521 16 -4 0
0.008910 16 6 0
0.000119 16 -6 0
-0.003780 16 8 0
0.009436 16 -8 0
0.009835 16 10 0
0.007720 16 -10 0
0.013298 16 12 0
0.000186 16 -12 0
0.000456 16 14 0
-0.002850 16 -14 0
-0.006788 16 16 0
-0.006084 16 -16 0
0.003967 17 1 0
-0.005306 17 -1 0
0.004105 17 3 0
-0.003677 17 -3 0
-0.003988 17 5 0
0.004518 17 -5 0
0.003543 17 7 0
-0.005927 17 -7 0
0.001238 17 9 0
0.000162 17 -9 0
-0.000476 17 11 0
-0.015324 17 -11 0
-0.014274 17 13 0
0.005063 17 -13 0
-0.009307 17 15 0
-0.003487 17 -15 0
0.000429 17 17 0
0.002675 17 -17 0
-0.001499 18 0 0
-0.004878 18 2 0
0.000439 18 -2 0
-0.005620 18 4 0
0.002321 18 -4 0
0.000317 18 6 0
0.000202 18 -6 0
0.001407 18 8 0
0.012621 18 -8 0
0.009509 18 10 0
0.004961 18 -10 0
0.004267 18 12 0
-0.006733 18 -12 0
-0.003457 18 14 0
0.000839 18 -14 0
-0.008449 18 16 0
-0.001563 18 -16 0
0.007638 18 18 0
0.004776 18 -18 0
0.002178 19 1 0
-0.003751 19 -1 0
0.001483 19 3 0
-0.004957 19 -3 0
0.001848 19 5 0
0.005476 19 -5 0
-0.004324 19 7 0
-0.004444 19 -7 0
-0.003286 19 9 0
0.004668 19 -9 0
0.002391 19 11 0
