0.122045 1 1 0
0.522351 1 -1 0
-0.020820 2 0 0
-0.020807 2 2 0
-0.050206 2 -2 0
0.113051 3 1 0
-0.015503 3 -1 0
-0.007061 3 3 0
-0.022723 3 -3 0
-0.038753 4 0 0
0.104949 4 2 0
0.072060 4 -2 0
0.004840 4 4 0
-0.000429 4 -4 0
0.010067 5 1 0
-0.039077 5 -1 0
-0.029339 5 3 0
0.060665 5 -3 0
-0.003677 5 5 0
0.040225 5 -5 0
0.020815 6 0 0
-0.026627 6 2 0
-0.032298 6 -2 0
-0.097251 6 4 0
0.018622 6 -4 0
-0.001525 6 6 0
0.036284 6 -6 0
-0.024803 7 1 0
-0.015412 7 -1 0
0.007039 7 3 0
-0.087454 7 -3 0
-0.040108 7 5 0
-0.051067 7 -5 0
0.011062 7 7 0
-0.019370 7 -7 0
0.012573 8 0 0
-0.012576 8 2 0
-0.008216 8 -2 0
0.040811 8 4 0
-0.019024 8 -4 0
0.016101 8 6 0
-0.033280 8 -6 0
-0.009412 8 8 0
0.009295 8 -8 0
0.038688 9 1 0
-0.040747 9 -1 0
-0.000373 9 3 0
-0.011744 9 -3 0
0.023707 9 5 0
0.056619 9 -5 0
0.051653 9 7 0
-0.005215 9 -7 0
-0.035267 9 9 0
-0.021951 9 -9 0
-0.010078 10 0 0
0.025669 10 2 0
0.004155 10 -2 0
-0.054208 10 4 0
0.011300 10 -4 0
-0.012874 10 6 0
0.036278 10 -6 0
0.008167 10 8 0
0.027191 10 -8 0
0.014133 10 10 0
-0.017635 10 -10 0
0.023711 11 1 0
-0.045819 11 -1 0
0.005752 11 3 0
-0.017537 11 -3 0
-0.027562 11 5 0
-0.020160 11 -5 0
0.001719 11 7 0
-0.009222 11 -7 0
-0.023589 11 9 0
0.008401 11 -9 0
-0.000614 11 11 0
-0.032481 11 -11 0
0.004724 12 0 0
-0.011504 12 2 0
-0.006294 12 -2 0
-0.013823 12 4 0
0.003031 12 -4 0
0.017852 12 6 0
-0.027426 12 -6 0
-0.000142 12 8 0
0.005264 12 -8 0
0.011194 12 10 0
0.004423 12 -10 0
0.030217 12 12 0
-0.078517 12 -12 0
0.014773 13 1 0
-0.022814 13 -1 0
0.004270 13 3 0
-0.033467 13 -3 0
0.001063 13 5 0
0.012332 13 -5 0
0.030551 13 7 0
-0.003680 13 -7 0
-0.017167 13 9 0
-0.008302 13 -9 0
-0.002089 13 11 0
-0.022553 13 -11 0
-0.059816 13 13 0
0.016043 13 -13 0
0.002312 14 0 0
-0.000358 14 2 0
-0.001853 14 -2 0
-0.015884 14 4 0
0.000919 14 -4 0
-0.002905 14 6 0
0.007025 14 -6 0
0.011762 14 8 0
0.022387 14 -8 0
0.014829 14 10 0
0.001153 14 -10 0
0.012754 14 12 0
-0.051590 14 -12 0
-0.015352 14 14 0
-0.045788 14 -14 0
0.015431 15 1 0
-0.027799 15 -1 0
0.008056 15 3 0
-0.010857 15 -3 0
0.006129 15 5 0
0.009679 15 -5 0
-0.005948 15 7 0
-0.003123 15 -7 0
-0.019797 15 9 0
0.011319 15 -9 0
0.004404 15 11 0
-0.011080 15 -11 0
-0.026148 15 13 0
0.009654 15 -13 0
-0.018495 15 15 0
-0.009569 15 -15 0
-0.002171 16 0 0
-0.001268 16 2 0
-0.005814 16 -2 0
-0.010721 16 4 0
0.008679 16 -4 0
0.006009 16 6 0
-0.006582 16 -6 0
0.001467 16 8 0
0.001364 16 -8 0
-0.000782 16 10 0
-0.000612 16 -10 0
0.010950 16 12 0
-0.018826 16 -12 0
-0.009134 16 14 0
-0.015000 16 -14 0
0.004937 16 16 0
-0.005429 16 -16 0
0.009723 17 1 0
-0.010961 17 -1 0
0.003431 17 3 0
-0.007445 17 -3 0
-0.003780 17 5 0
0.000779 17 -5 0
0.004358 17 7 0
-0.001998 17 -7 0
-0.003128 17 9 0
0.000510 17 -9 0
0.001613 17 11 0
-0.011921 17 -11 0
-0.012988 17 13 0
0.003155 17 -13 0
-0.009905 17 15 0
-0.004170 17 -15 0
-0.004954 17 17 0
0.002842 17 -17 0
-0.001472 18 0 0
-0.005999 18 2 0
0.001085 18 -2 0
-0.007640 18 4 0
0.005610 18 -4 0
-0.000817 18 6 0
-0.003642 18 -6 0
0.003679 18 8 0
0.005066 18 -8 0
0.004558 18 10 0
0.002335 18 -10 0
0.006167 18 12 0
-0.011676 18 -12 0
-0.007747 18 14 0
-0.004307 18 -14 0
-0.005037 18 16 0
-0.001863 18 -16 0
0.002635 18 18 0
-0.001088 18 -18 0
0.006441 19 1 0
-0.007150 19 -1 0
0.001622 19 3 0
-0.006708 19 -3 0
0.002279 19 5 0
0.004340 19 -5 0
-0.004046 19 7 0
-0.001081 19 -7 0
-0.005242 19 9 0
0.005895 19 -9 0
0.002474 19 11 0
