0.074315 1 1 0
-0.123724 1 -1 0
-0.194774 2 0 0
0.020122 2 2 0
0.043280 2 -2 0
-0.054850 3 1 0
0.223884 3 -1 0
-0.031998 3 3 0
0.032046 3 -3 0
0.091592 4 0 0
0.104442 4 2 0
-0.205954 4 -2 0
0.013433 4 4 0
0.021534 4 -4 0
0.050935 5 1 0
-0.384202 5 -1 0
-0.094350 5 3 0
0.111953 5 -3 0
-0.000541 5 5 0
0.014946 5 -5 0
-0.022251 6 0 0
-0.038699 6 2 0
0.230285 6 -2 0
0.027430 6 4 0
-0.032176 6 -4 0
-0.069250 6 6 0
0.066677 6 -6 0
-0.051393 7 1 0
0.213314 7 -1 0
0.017980 7 3 0
-0.102521 7 -3 0
-0.030940 7 5 0
0.018197 7 -5 0
0.088653 7 7 0
-0.044614 7 -7 0
-0.104283 8 0 0
0.136690 8 2 0
-0.293759 8 -2 0
-0.042401 8 4 0
0.084572 8 -4 0
-0.070052 8 6 0
0.068924 8 -6 0
-0.012881 8 8 0
0.016778 8 -8 0
-0.002527 9 1 0
-0.131068 9 -1 0
-0.138893 9 3 0
0.204881 9 -3 0
0.016204 9 5 0
-0.005783 9 -5 0
0.084808 9 7 0
-0.045638 9 -7 0
0.039191 9 9 0
-0.001236 9 -9 0
0.048514 10 0 0
-0.000520 10 2 0
0.107842 10 -2 0
0.064816 10 4 0
-0.084749 10 -4 0
-0.079134 10 6 0
0.061832 10 -6 0
-0.012271 10 8 0
0.022427 10 -8 0
0.056628 10 10 0
-0.020000 10 -10 0
0.002261 11 1 0
-0.038399 11 -1 0
0.007910 11 3 0
-0.081589 11 -3 0
-0.046145 11 5 0
0.057781 11 -5 0
0.075402 11 7 0
-0.026389 11 -7 0
0.032738 11 9 0
-0.004308 11 -9 0
-0.025816 11 11 0
0.011835 11 -11 0
-0.073762 12 0 0
0.062428 12 2 0
-0.097780 12 -2 0
-0.045519 12 4 0
0.080677 12 -4 0
-0.039972 12 6 0
0.044688 12 -6 0
-0.000289 12 8 0
0.004026 12 -8 0
0.044916 12 10 0
-0.010031 12 -10 0
0.004163 12 12 0
-0.013374 12 -12 0
-0.026947 13 1 0
0.012729 13 -1 0
-0.076327 13 3 0
0.097577 13 -3 0
0.024952 13 5 0
-0.028705 13 -5 0
0.059099 13 7 0
-0.038020 13 -7 0
0.020666 13 9 0
0.004852 13 -9 0
-0.018598 13 11 0
0.001401 13 -11 0
0.004863 13 13 0
0.026216 13 -13 0
0.008340 14 0 0
0.035123 14 2 0
-0.020366 14 -2 0
0.041578 14 4 0
-0.050999 14 -4 0
-0.061812 14 6 0
0.052522 14 -6 0
-0.007980 14 8 0
0.017367 14 -8 0
0.040636 14 10 0
-0.008273 14 -10 0
0.001895 14 12 0
-0.009132 14 -12 0
-0.010632 14 14 0
-0.001755 14 -14 0
0.011150 15 1 0
-0.056581 15 -1 0
-0.015470 15 3 0
-0.001196 15 -3 0
-0.034183 15 5 0
0.048548 15 -5 0
0.050680 15 7 0
-0.021712 15 -7 0
0.022497 15 9 0
-0.006530 15 -9 0
-0.018484 15 11 0
0.005075 15 -11 0
0.004714 15 13 0
0.015064 15 -13 0
-0.000878 15 15 0
-0.004529 15 -15 0
-0.017825 16 0 0
0.011071 16 2 0
-0.009965 16 -2 0
-0.015439 16 4 0
0.026185 16 -4 0
-0.008711 16 6 0
0.008294 16 -6 0
0.001398 16 8 0
0.002076 16 -8 0
0.019144 16 10 0
-0.001969 16 -10 0
0.002256 16 12 0
-0.004607 16 -12 0
-0.011007 16 14 0
-0.000182 16 -14 0
0.015358 16 16 0
0.007295 16 -16 0
-0.012101 17 1 0
0.009317 17 -1 0
-0.019738 17 3 0
0.017873 17 -3 0
0.012786 17 5 0
-0.016761 17 -5 0
0.017402 17 7 0
-0.014572 17 -7 0
0.006362 17 9 0
0.002238 17 -9 0
-0.007988 17 11 0
-0.002169 17 -11 0
-0.000727 17 13 0
0.012938 17 -13 0
-0.000624 17 15 0
-0.004235 17 -15 0
0.000400 17 17 0
-0.004664 17 -17 0
-0.005615 18 0 0
0.017858 18 2 0
-0.022635 18 -2 0
0.011056 18 4 0
-0.011109 18 -4 0
-0.028617 18 6 0
0.028078 18 -6 0
0.000292 18 8 0
0.004803 18 -8 0
0.015155 18 10 0
-0.002814 18 -10 0
-0.000649 18 12 0
-0.001779 18 -12 0
-0.004432 18 14 0
0.001251 18 -14 0
0.006062 18 16 0
0.001697 18 -16 0
0.004383 18 18 0
0.003391 18 -18 0
0.002021 19 1 0
-0.017628 19 -1 0
-0.015350 19 3 0
0.008586 19 -3 0
-0.013791 19 5 0
0.016861 19 -5 0
0.025492 19 7 0
-0.010525 19 -7 0
0.007407 19 9 0
-0.003879 19 -9 0
-0.009208 19 11 0
