-0.019430 1 1 0
-0.092065 1 -1 0
-0.188778 2 0 0
0.023604 2 2 0
0.029078 2 -2 0
-0.010740 3 1 0
0.232474 3 -1 0
-0.017193 3 3 0
0.004002 3 -3 0
0.083943 4 0 0
0.098331 4 2 0
-0.214066 4 -2 0
0.017858 4 4 0
0.032425 4 -4 0
0.047763 5 1 0
-0.385289 5 -1 0
-0.093269 5 3 0
0.121745 5 -3 0
-0.013148 5 5 0
0.010224 5 -5 0
-0.023165 6 0 0
-0.037677 6 2 0
0.239434 6 -2 0
0.038140 6 4 0
-0.024547 6 -4 0
-0.053871 6 6 0
0.071322 6 -6 0
-0.036165 7 1 0
0.219429 7 -1 0
0.024866 7 3 0
-0.097918 7 -3 0
-0.030868 7 5 0
0.021205 7 -5 0
0.077630 7 7 0
-0.043857 7 -7 0
-0.104738 8 0 0
0.134900 8 2 0
-0.298036 8 -2 0
-0.025735 8 4 0
0.086429 8 -4 0
-0.048233 8 6 0
0.066766 8 -6 0
-0.002211 8 8 0
0.001549 8 -8 0
0.010879 9 1 0
-0.129082 9 -1 0
-0.131729 9 3 0
0.208282 9 -3 0
0.003024 9 5 0
-0.009102 9 -5 0
0.078447 9 7 0
-0.046086 9 -7 0
0.056246 9 9 0
-0.008427 9 -9 0
0.048091 10 0 0
-0.004177 10 2 0
0.109597 10 -2 0
0.074397 10 4 0
-0.076558 10 -4 0
-0.057895 10 6 0
0.063394 10 -6 0
-0.000023 10 8 0
0.007578 10 -8 0
0.062585 10 10 0
-0.024776 10 -10 0
0.011904 11 1 0
-0.035429 11 -1 0
0.014626 11 3 0
-0.075872 11 -3 0
-0.053758 11 5 0
0.057831 11 -5 0
0.062608 11 7 0
-0.026483 11 -7 0
0.045666 11 9 0
-0.012854 11 -9 0
-0.005674 11 11 0
0.013544 11 -11 0
-0.076892 12 0 0
0.064748 12 2 0
-0.099426 12 -2 0
-0.035358 12 4 0
0.083685 12 -4 0
-0.024031 12 6 0
0.043602 12 -6 0
0.009549 12 8 0
-0.004798 12 -8 0
0.049147 12 10 0
-0.013581 12 -10 0
0.007110 12 12 0
-0.007754 12 -12 0
-0.017940 13 1 0
0.012618 13 -1 0
-0.072778 13 3 0
0.100884 13 -3 0
0.017600 13 5 0
-0.030185 13 -5 0
0.051950 13 7 0
-0.037329 13 -7 0
0.027279 13 9 0
-0.001074 13 -9 0
-0.003626 13 11 0
0.000338 13 -11 0
0.009375 13 13 0
0.021109 13 -13 0
0.007129 14 0 0
0.031716 14 2 0
-0.020785 14 -2 0
0.047622 14 4 0
-0.049154 14 -4 0
-0.049853 14 6 0
0.051763 14 -6 0
-0.000844 14 8 0
0.007893 14 -8 0
0.043662 14 10 0
-0.010637 14 -10 0
0.005662 14 12 0
-0.004319 14 -12 0
-0.014850 14 14 0
-0.000439 14 -14 0
0.017193 15 1 0
-0.053604 15 -1 0
-0.011764 15 3 0
0.000873 15 -3 0
-0.041310 15 5 0
0.047591 15 -5 0
0.043681 15 7 0
-0.019084 15 -7 0
0.026994 15 9 0
-0.011510 15 -9 0
-0.006992 15 11 0
0.005030 15 -11 0
0.007415 15 13 0
0.013556 15 -13 0
-0.002258 15 15 0
-0.003773 15 -15 0
-0.019468 16 0 0
0.010435 16 2 0
-0.010302 16 -2 0
-0.012258 16 4 0
0.027020 16 -4 0
-0.001251 16 6 0
0.008338 16 -6 0
0.006355 16 8 0
-0.001824 16 -8 0
0.020202 16 10 0
-0.003699 16 -10 0
0.006625 16 12 0
-0.001777 16 -12 0
-0.012288 16 14 0
0.002131 16 -14 0
0.007220 16 16 0
0.005147 16 -16 0
-0.008683 17 1 0
0.011063 17 -1 0
-0.018259 17 3 0
0.019666 17 -3 0
0.008950 17 5 0
-0.016012 17 -5 0
0.014026 17 7 0
-0.013782 17 -7 0
0.008159 17 9 0
-0.000623 17 -9 0
-0.001683 17 11 0
-0.002030 17 -11 0
0.002143 17 13 0
0.009548 17 -13 0
-0.001324 17 15 0
-0.004036 17 -15 0
0.001123 17 17 0
-0.005574 17 -17 0
-0.005583 18 0 0
0.017645 18 2 0
-0.024307 18 -2 0
0.012668 18 4 0
-0.010378 18 -4 0
-0.025497 18 6 0
0.027520 18 -6 0
0.001116 18 8 0
0.002837 18 -8 0
0.015068 18 10 0
-0.002983 18 -10 0
0.000506 18 12 0
0.000039 18 -12 0
-0.004307 18 14 0
0.003230 18 -14 0
0.003130 18 16 0
0.001194 18 -16 0
-0.000989 18 18 0
0.000856 18 -18 0
0.003787 19 1 0
-0.016337 19 -1 0
-0.013306 19 3 0
0.010697 19 -3 0
-0.017278 19 5 0
0.017860 19 -5 0
0.024271 19 7 0
-0.008514 19 -7 0
0.006678 19 9 0
-0.006341 19 -9 0
-0.005358 19 11 0
