0.046647 1 1 0
-0.077019 1 -1 0
-0.175408 2 0 0
0.029129 2 2 0
0.024950 2 -2 0
-0.053344 3 1 0
0.215002 3 -1 0
-0.023377 3 3 0
-0.001896 3 -3 0
0.086580 4 0 0
0.104386 4 2 0
-0.209669 4 -2 0
-0.000096 4 4 0
0.006901 4 -4 0
0.061729 5 1 0
-0.387853 5 -1 0
-0.088318 5 3 0
0.116685 5 -3 0
-0.004651 5 5 0
0.006319 5 -5 0
-0.026111 6 0 0
-0.030538 6 2 0
0.228224 6 -2 0
0.043887 6 4 0
-0.025175 6 -4 0
-0.063117 6 6 0
0.071296 6 -6 0
-0.040006 7 1 0
0.204270 7 -1 0
0.019208 7 3 0
-0.120659 7 -3 0
-0.029435 7 5 0
0.015163 7 -5 0
0.090568 7 7 0
-0.026010 7 -7 0
-0.104995 8 0 0
0.143223 8 2 0
-0.302543 8 -2 0
-0.029956 8 4 0
0.080729 8 -4 0
-0.063268 8 6 0
0.072777 8 -6 0
-0.005578 8 8 0
0.017287 8 -8 0
0.005706 9 1 0
-0.134538 9 -1 0
-0.132975 9 3 0
0.193215 9 -3 0
0.010084 9 5 0
-0.013306 9 -5 0
0.086466 9 7 0
-0.030134 9 -7 0
0.051501 9 9 0
0.024778 9 -9 0
0.048051 10 0 0
0.004288 10 2 0
0.104810 10 -2 0
0.075835 10 4 0
-0.084406 10 -4 0
-0.073717 10 6 0
0.067815 10 -6 0
-0.003227 10 8 0
0.018124 10 -8 0
0.062606 10 10 0
-0.016510 10 -10 0
0.009536 11 1 0
-0.044338 11 -1 0
0.011780 11 3 0
-0.090719 11 -3 0
-0.049151 11 5 0
0.053483 11 -5 0
0.074114 11 7 0
-0.012744 11 -7 0
0.047442 11 9 0
0.014710 11 -9 0
-0.021794 11 11 0
0.012053 11 -11 0
-0.074799 12 0 0
0.067809 12 2 0
-0.101474 12 -2 0
-0.036549 12 4 0
0.079908 12 -4 0
-0.034839 12 6 0
0.046981 12 -6 0
0.006129 12 8 0
0.001628 12 -8 0
0.053449 12 10 0
-0.004348 12 -10 0
0.005092 12 12 0
-0.007883 12 -12 0
-0.019873 13 1 0
0.010037 13 -1 0
-0.074815 13 3 0
0.088837 13 -3 0
0.021425 13 5 0
-0.032804 13 -5 0
0.058817 13 7 0
-0.027835 13 -7 0
0.029382 13 9 0
0.019153 13 -9 0
-0.015561 13 11 0
0.002246 13 -11 0
0.003354 13 13 0
0.024961 13 -13 0
0.007596 14 0 0
0.037160 14 2 0
-0.021079 14 -2 0
0.047408 14 4 0
-0.052074 14 -4 0
-0.058410 14 6 0
0.055584 14 -6 0
-0.003167 14 8 0
0.014264 14 -8 0
0.045330 14 10 0
-0.006673 14 -10 0
0.002864 14 12 0
-0.004849 14 -12 0
-0.015095 14 14 0
0.002754 14 -14 0
0.015117 15 1 0
-0.058267 15 -1 0
-0.013364 15 3 0
-0.007083 15 -3 0
-0.037924 15 5 0
0.047437 15 -5 0
0.050657 15 7 0
-0.013989 15 -7 0
0.027284 15 9 0
0.002778 15 -9 0
-0.014582 15 11 0
0.004418 15 -11 0
0.003702 15 13 0
0.015267 15 -13 0
-0.009325 15 15 0
-0.000092 15 -15 0
-0.017826 16 0 0
0.012128 16 2 0
-0.010079 16 -2 0
-0.012031 16 4 0
0.026093 16 -4 0
-0.006792 16 6 0
0.008631 16 -6 0
0.005396 16 8 0
-0.001012 16 -8 0
0.022567 16 10 0
-0.001922 16 -10 0
0.004513 16 12 0
-0.003304 16 -12 0
-0.012147 16 14 0
0.003873 16 -14 0
0.009490 16 16 0
0.007918 16 -16 0
-0.009099 17 1 0
0.009537 17 -1 0
-0.018380 17 3 0
0.015781 17 -3 0
0.010918 17 5 0
-0.018155 17 -5 0
0.016584 17 7 0
-0.010462 17 -7 0
0.010094 17 9 0
0.008768 17 -9 0
-0.007005 17 11 0
-0.003064 17 -11 0
0.000005 17 13 0
0.009343 17 -13 0
-0.003014 17 15 0
-0.002900 17 -15 0
0.000163 17 17 0
-0.004035 17 -17 0
-0.004706 18 0 0
0.019801 18 2 0
-0.024318 18 -2 0
0.012291 18 4 0
-0.011609 18 -4 0
-0.027305 18 6 0
0.027444 18 -6 0
0.002745 18 8 0
0.003675 18 -8 0
0.017224 18 10 0
-0.002663 18 -10 0
-0.000109 18 12 0
-0.000930 18 -12 0
-0.002673 18 14 0
0.002210 18 -14 0
0.003189 18 16 0
0.001959 18 -16 0
0.002109 18 18 0
0.001821 18 -18 0
0.003348 19 1 0
-0.017628 19 -1 0
-0.013694 19 3 0
0.008046 19 -3 0
-0.015985 19 5 0
0.017149 19 -5 0
0.023936 19 7 0
-0.008726 19 -7 0
0.008533 19 9 0
-0.002021 19 -9 0
-0.007187 19 11 0
