0.134351 1 1 0
0.084121 1 -1 0
0.026668 2 0 0
-0.055622 2 2 0
-0.070771 2 -2 0
0.022906 3 1 0
0.070517 3 -1 0
-0.058626 3 3 0
0.021159 3 -3 0
0.048325 4 0 0
0.066214 4 2 0
0.068360 4 -2 0
-0.063966 4 4 0
0.007493 4 -4 0
0.015095 5 1 0
0.044468 5 -1 0
0.119267 5 3 0
-0.014213 5 -3 0
-0.001320 5 5 0
0.020583 5 -5 0
-0.003053 6 0 0
-0.002265 6 2 0
-0.010859 6 -2 0
0.057313 6 4 0
-0.048865 6 -4 0
-0.004025 6 6 0
0.035554 6 -6 0
-0.030925 7 1 0
-0.021493 7 -1 0
-0.023502 7 3 0
0.013820 7 -3 0
0.023043 7 5 0
-0.078092 7 -5 0
0.004759 7 7 0
-0.027752 7 -7 0
0.000716 8 0 0
-0.028273 8 2 0
0.003369 8 -2 0
-0.047788 8 4 0
0.020022 8 -4 0
-0.006721 8 6 0
-0.045872 8 -6 0
0.026944 8 8 0
-0.003792 8 -8 0
0.000514 9 1 0
0.012005 9 -1 0
0.005882 9 3 0
-0.004235 9 -3 0
-0.017884 9 5 0
0.025879 9 -5 0
-0.023725 9 7 0
-0.060725 9 -7 0
-0.000472 9 9 0
0.002175 9 -9 0
0.018398 10 0 0
0.015386 10 2 0
0.007585 10 -2 0
-0.010482 10 4 0
-0.008439 10 -4 0
-0.004062 10 6 0
0.040160 10 -6 0
-0.021748 10 8 0
-0.015798 10 -8 0
0.017104 10 10 0
-0.038847 10 -10 0
0.002299 11 1 0
0.026584 11 -1 0
0.033387 11 3 0
-0.001486 11 -3 0
0.004920 11 5 0
-0.040662 11 -5 0
0.005743 11 7 0
-0.007825 11 -7 0
-0.019677 11 9 0
0.011601 11 -9 0
-0.026434 11 11 0
0.012597 11 -11 0
0.012416 12 0 0
0.002276 12 2 0
0.010632 12 -2 0
0.001403 12 4 0
-0.012925 12 -4 0
-0.004826 12 6 0
-0.021055 12 -6 0
0.019904 12 8 0
0.004772 12 -8 0
0.016997 12 10 0
-0.018193 12 -10 0
-0.000577 12 12 0
0.008726 12 -12 0
-0.004609 13 1 0
0.004644 13 -1 0
0.007983 13 3 0
-0.002707 13 -3 0
-0.003986 13 5 0
-0.016491 13 -5 0
-0.018380 13 7 0
-0.042669 13 -7 0
0.002784 13 9 0
0.004397 13 -9 0
-0.014628 13 11 0
0.026248 13 -11 0
-0.017790 13 13 0
-0.006574 13 -13 0
0.004983 14 0 0
-0.006144 14 2 0
0.006651 14 -2 0
-0.011444 14 4 0
0.002262 14 -4 0
-0.003562 14 6 0
0.006265 14 -6 0
-0.010966 14 8 0
-0.006787 14 -8 0
0.023316 14 10 0
-0.016591 14 -10 0
0.009953 14 12 0
0.009242 14 -12 0
-0.010383 14 14 0
0.014803 14 -14 0
-0.002295 15 1 0
0.005013 15 -1 0
0.008932 15 3 0
-0.000986 15 -3 0
0.000581 15 5 0
-0.006613 15 -5 0
-0.006300 15 7 0
-0.015105 15 -7 0
-0.015494 15 9 0
-0.000275 15 -9 0
-0.006172 15 11 0
0.004812 15 -11 0
-0.007896 15 13 0
-0.006843 15 -13 0
0.004728 15 15 0
-0.004535 15 -15 0
0.006043 16 0 0
0.000669 16 2 0
0.002198 16 -2 0
-0.006538 16 4 0
-0.000090 16 -4 0
0.001500 16 6 0
0.001643 16 -6 0
0.007926 16 8 0
0.002487 16 -8 0
0.000090 16 10 0
-0.003831 16 -10 0
0.002383 16 12 0
0.002913 16 -12 0
-0.003738 16 14 0
0.013124 16 -14 0
0.001652 16 16 0
0.005520 16 -16 0
0.001527 17 1 0
0.007857 17 -1 0
0.009262 17 3 0
-0.002559 17 -3 0
-0.000798 17 5 0
-0.008991 17 -5 0
-0.001977 17 7 0
-0.013795 17 -7 0
0.003057 17 9 0
-0.000741 17 -9 0
-0.007381 17 11 0
0.007778 17 -11 0
-0.007500 17 13 0
-0.003220 17 -13 0
0.002919 17 15 0
-0.009520 17 -15 0
-0.001040 17 17 0
-0.000708 17 -17 0
0.003413 18 0 0
-0.001456 18 2 0
0.005808 18 -2 0
-0.001886 18 4 0
-0.000571 18 -4 0
-0.000636 18 6 0
0.000487 18 -6 0
-0.000554 18 8 0
-0.000139 18 -8 0
0.008708 18 10 0
-0.003780 18 -10 0
-0.000642 18 12 0
0.006789 18 -12 0
-0.005456 18 14 0
0.005347 18 -14 0
-0.002658 18 16 0
0.003563 18 -16 0
0.003495 18 18 0
0.002957 18 -18 0
-0.000232 19 1 0
0.001710 19 -1 0
0.002890 19 3 0
-0.002365 19 -3 0
0.000495 19 5 0
-0.004423 19 -5 0
-0.007715 19 7 0
-0.005517 19 -7 0
-0.005261 19 9 0
-0.000833 19 -9 0
-0.000261 19 11 0
