-0.028519 1 1 0
0.007706 1 -1 0
0.027490 2 0 0
-0.071441 2 2 0
-0.059768 2 -2 0
0.060623 3 1 0
0.055353 3 -1 0
-0.044326 3 3 0
0.008732 3 -3 0
0.059799 4 0 0
0.096601 4 2 0
0.063967 4 -2 0
-0.038485 4 4 0
0.000962 4 -4 0
0.018035 5 1 0
0.050508 5 -1 0
0.092745 5 3 0
0.005790 5 -3 0
-0.011527 5 5 0
0.016129 5 -5 0
-0.001202 6 0 0
-0.013896 6 2 0
0.001490 6 -2 0
0.043770 6 4 0
-0.045254 6 -4 0
0.002425 6 6 0
0.022760 6 -6 0
-0.018935 7 1 0
-0.026959 7 -1 0
-0.024030 7 3 0
0.001880 7 -3 0
0.023119 7 5 0
-0.077529 7 -5 0
0.004994 7 7 0
-0.022385 7 -7 0
0.004579 8 0 0
-0.025682 8 2 0
-0.006430 8 -2 0
-0.044603 8 4 0
0.020057 8 -4 0
-0.013675 8 6 0
-0.045114 8 -6 0
0.028559 8 8 0
-0.007526 8 -8 0
0.003165 9 1 0
0.011551 9 -1 0
0.000779 9 3 0
0.014196 9 -3 0
-0.028661 9 5 0
0.017526 9 -5 0
-0.019819 9 7 0
-0.055325 9 -7 0
0.008993 9 9 0
0.022671 9 -9 0
0.023580 10 0 0
0.017827 10 2 0
0.010790 10 -2 0
-0.009077 10 4 0
-0.014896 10 -4 0
-0.003661 10 6 0
0.038161 10 -6 0
-0.012689 10 8 0
-0.018131 10 -8 0
0.015750 10 10 0
-0.034805 10 -10 0
0.012171 11 1 0
0.018724 11 -1 0
0.022238 11 3 0
-0.004910 11 -3 0
0.005272 11 5 0
-0.038218 11 -5 0
0.008535 11 7 0
-0.008992 11 -7 0
-0.015212 11 9 0
0.027297 11 -9 0
-0.013415 11 11 0
0.016964 11 -11 0
0.015757 12 0 0
0.004065 12 2 0
0.007098 12 -2 0
0.000867 12 4 0
-0.016345 12 -4 0
-0.008760 12 6 0
-0.022115 12 -6 0
0.020670 12 8 0
0.004847 12 -8 0
0.014900 12 10 0
-0.010512 12 -10 0
-0.013498 12 12 0
0.018265 12 -12 0
-0.000245 13 1 0
0.004776 13 -1 0
0.006409 13 3 0
0.008708 13 -3 0
-0.009645 13 5 0
-0.017496 13 -5 0
-0.015837 13 7 0
-0.038694 13 -7 0
0.012086 13 9 0
0.019234 13 -9 0
-0.004986 13 11 0
0.025579 13 -11 0
-0.004394 13 13 0
-0.017773 13 -13 0
0.008002 14 0 0
-0.002345 14 2 0
0.006419 14 -2 0
-0.011501 14 4 0
-0.002546 14 -4 0
-0.004200 14 6 0
0.002710 14 -6 0
-0.007593 14 8 0
-0.008464 14 -8 0
0.020055 14 10 0
-0.015523 14 -10 0
-0.001551 14 12 0
0.014592 14 -12 0
-0.014685 14 14 0
0.018767 14 -14 0
0.004413 15 1 0
0.001218 15 -1 0
0.003134 15 3 0
0.002798 15 -3 0
-0.003863 15 5 0
-0.004718 15 -5 0
-0.001885 15 7 0
-0.014310 15 -7 0
-0.012431 15 9 0
0.009671 15 -9 0
0.000092 15 11 0
0.004849 15 -11 0
0.000478 15 13 0
-0.010213 15 -13 0
0.003871 15 15 0
-0.006222 15 -15 0
0.005871 16 0 0
0.000474 16 2 0
0.001652 16 -2 0
-0.004196 16 4 0
-0.004751 16 -4 0
-0.000170 16 6 0
0.000129 16 -6 0
0.007316 16 8 0
0.002315 16 -8 0
0.001378 16 10 0
-0.002675 16 -10 0
-0.003214 16 12 0
0.004312 16 -12 0
-0.002829 16 14 0
0.010432 16 -14 0
0.006141 16 16 0
0.002975 16 -16 0
0.002347 17 1 0
0.005422 17 -1 0
0.007586 17 3 0
0.001584 17 -3 0
-0.003802 17 5 0
-0.008396 17 -5 0
-0.002347 17 7 0
-0.012047 17 -7 0
0.005018 17 9 0
0.004681 17 -9 0
-0.004961 17 11 0
0.009025 17 -11 0
-0.001619 17 13 0
-0.006448 17 -13 0
0.001697 17 15 0
-0.007560 17 -15 0
-0.000111 17 17 0
0.006711 17 -17 0
0.005863 18 0 0
0.002290 18 2 0
0.005097 18 -2 0
-0.002259 18 4 0
-0.003055 18 -4 0
-0.002858 18 6 0
-0.001350 18 -6 0
-0.000280 18 8 0
-0.000695 18 -8 0
0.007906 18 10 0
-0.003371 18 -10 0
-0.002117 18 12 0
0.007142 18 -12 0
-0.005650 18 14 0
0.006869 18 -14 0
0.002923 18 16 0
0.003320 18 -16 0
0.005515 18 18 0
0.000257 18 -18 0
0.002423 19 1 0
-0.000971 19 -1 0
0.001883 19 3 0
0.000943 19 -3 0
-0.001170 19 5 0
-0.004036 19 -5 0
-0.004412 19 7 0
-0.006007 19 -7 0
-0.003014 19 9 0
0.002693 19 -9 0
0.003963 19 11 0
