0.057334 1 1 0
0.018439 1 -1 0
0.025607 2 0 0
-0.053306 2 2 0
-0.059694 2 -2 0
0.039183 3 1 0
0.067869 3 -1 0
-0.026880 3 3 0
0.032726 3 -3 0
0.042331 4 0 0
0.079330 4 2 0
0.058527 4 -2 0
-0.029371 4 4 0
-0.000253 4 -4 0
0.029257 5 1 0
0.051185 5 -1 0
0.093291 5 3 0
-0.005342 5 -3 0
-0.021305 5 5 0
0.013884 5 -5 0
-0.000993 6 0 0
-0.007085 6 2 0
-0.006341 6 -2 0
0.053438 6 4 0
-0.044315 6 -4 0
0.003918 6 6 0
0.035888 6 -6 0
-0.016490 7 1 0
-0.028993 7 -1 0
-0.022075 7 3 0
0.012918 7 -3 0
0.031786 7 5 0
-0.083532 7 -5 0
0.019347 7 7 0
-0.013040 7 -7 0
0.000610 8 0 0
-0.028119 8 2 0
-0.012233 8 -2 0
-0.040066 8 4 0
0.019222 8 -4 0
-0.009827 8 6 0
-0.045812 8 -6 0
0.023773 8 8 0
0.000913 8 -8 0
0.015758 9 1 0
0.013296 9 -1 0
0.001399 9 3 0
0.008189 9 -3 0
-0.023323 9 5 0
0.022271 9 -5 0
-0.010436 9 7 0
-0.048447 9 -7 0
-0.007275 9 9 0
0.001228 9 -9 0
0.017518 10 0 0
0.015123 10 2 0
0.006169 10 -2 0
-0.001621 10 4 0
-0.013691 10 -4 0
0.001499 10 6 0
0.041258 10 -6 0
-0.016036 10 8 0
-0.021842 10 -8 0
0.017529 10 10 0
-0.026790 10 -10 0
0.017225 11 1 0
0.020871 11 -1 0
0.028489 11 3 0
-0.000513 11 -3 0
0.005444 11 5 0
-0.039307 11 -5 0
0.020124 11 7 0
-0.002365 11 -7 0
-0.028267 11 9 0
0.011686 11 -9 0
-0.031346 11 11 0
-0.000501 11 -11 0
0.012035 12 0 0
0.003434 12 2 0
0.002926 12 -2 0
0.005716 12 4 0
-0.015264 12 -4 0
-0.004852 12 6 0
-0.021035 12 -6 0
0.016311 12 8 0
0.006858 12 -8 0
0.013644 12 10 0
-0.005090 12 -10 0
-0.016248 12 12 0
0.025649 12 -12 0
0.005965 13 1 0
0.003561 13 -1 0
0.008593 13 3 0
0.006972 13 -3 0
-0.005180 13 5 0
-0.016601 13 -5 0
-0.009177 13 7 0
-0.034450 13 -7 0
0.001995 13 9 0
0.004561 13 -9 0
-0.014931 13 11 0
0.010908 13 -11 0
-0.009193 13 13 0
-0.022913 13 -13 0
0.004916 14 0 0
-0.005383 14 2 0
0.002412 14 -2 0
-0.007199 14 4 0
-0.000488 14 -4 0
-0.001381 14 6 0
0.006735 14 -6 0
-0.011568 14 8 0
-0.008745 14 -8 0
0.017887 14 10 0
-0.011912 14 -10 0
-0.006866 14 12 0
0.022036 14 -12 0
-0.015036 14 14 0
0.014438 14 -14 0
0.008061 15 1 0
0.001130 15 -1 0
0.006460 15 3 0
0.002427 15 -3 0
-0.001318 15 5 0
-0.005880 15 -5 0
0.002889 15 7 0
-0.009558 15 -7 0
-0.017514 15 9 0
-0.000273 15 -9 0
-0.008185 15 11 0
-0.000182 15 -11 0
0.000322 15 13 0
-0.013746 15 -13 0
0.003067 15 15 0
-0.008903 15 -15 0
0.005101 16 0 0
-0.000092 16 2 0
0.001452 16 -2 0
-0.002499 16 4 0
-0.003291 16 -4 0
0.002935 16 6 0
0.002181 16 -6 0
0.005604 16 8 0
0.003096 16 -8 0
-0.001413 16 10 0
-0.001528 16 -10 0
-0.006495 16 12 0
0.007982 16 -12 0
-0.005507 16 14 0
0.009182 16 -14 0
0.003239 16 16 0
0.003682 16 -16 0
0.005209 17 1 0
0.006145 17 -1 0
0.007987 17 3 0
0.001903 17 -3 0
-0.002397 17 5 0
-0.007727 17 -5 0
0.003875 17 7 0
-0.010292 17 -7 0
0.002032 17 9 0
-0.000912 17 -9 0
-0.007566 17 11 0
0.007037 17 -11 0
-0.003302 17 13 0
-0.007742 17 -13 0
0.000586 17 15 0
-0.010046 17 -15 0
-0.002611 17 17 0
0.004246 17 -17 0
0.003562 18 0 0
0.000227 18 2 0
0.004418 18 -2 0
0.000092 18 4 0
-0.003176 18 -4 0
-0.000754 18 6 0
0.001705 18 -6 0
-0.002652 18 8 0
0.000390 18 -8 0
0.006619 18 10 0
-0.003683 18 -10 0
-0.004598 18 12 0
0.008354 18 -12 0
-0.005001 18 14 0
0.005263 18 -14 0
-0.000636 18 16 0
0.002890 18 -16 0
0.006043 18 18 0
-0.001344 18 -18 0
0.003181 19 1 0
-0.000760 19 -1 0
0.003646 19 3 0
0.000138 19 -3 0
-0.001077 19 5 0
-0.003237 19 -5 0
-0.003495 19 7 0
-0.003566 19 -7 0
-0.004475 19 9 0
-0.002952 19 -9 0
-0.000652 19 11 0
