0.035397 1 1 0
-0.170998 1 -1 0
0.136056 2 0 0
-0.038680 2 2 0
0.088182 2 -2 0
0.353375 3 1 0
0.024825 3 -1 0
0.079202 3 3 0
-0.016083 3 -3 0
-0.110504 4 0 0
-0.021284 4 2 0
-0.254615 4 -2 0
0.002820 4 4 0
-0.007122 4 -4 0
-0.413045 5 1 0
0.025253 5 -1 0
-0.115885 5 3 0
0.037449 5 -3 0
0.039213 5 5 0
-0.009879 5 -5 0
-0.047572 6 0 0
0.033504 6 2 0
0.324884 6 -2 0
0.015270 6 4 0
0.060569 6 -4 0
0.013432 6 6 0
0.050197 6 -6 0
0.272483 7 1 0
-0.002684 7 -1 0
0.257803 7 3 0
-0.017018 7 -3 0
0.054862 7 5 0
-0.030484 7 -5 0
0.026191 7 7 0
-0.015309 7 -7 0
0.094080 8 0 0
-0.032818 8 2 0
-0.335454 8 -2 0
-0.025506 8 4 0
-0.116818 8 -4 0
0.012977 8 6 0
0.037165 8 -6 0
0.031446 8 8 0
0.004632 8 -8 0
-0.056441 9 1 0
0.012495 9 -1 0
-0.206899 9 3 0
0.054717 9 -3 0
-0.017021 9 5 0
-0.001312 9 -5 0
0.021830 9 7 0
-0.019893 9 -7 0
0.001548 9 9 0
0.018927 9 -9 0
-0.102140 10 0 0
0.017272 10 2 0
0.139202 10 -2 0
0.032744 10 4 0
0.140068 10 -4 0
0.019250 10 6 0
0.059293 10 -6 0
0.026467 10 8 0
-0.008447 10 -8 0
0.030257 10 10 0
-0.051402 10 -10 0
-0.034088 11 1 0
0.016825 11 -1 0
0.172151 11 3 0
-0.008734 11 -3 0
0.110832 11 5 0
-0.033777 11 -5 0
0.013251 11 7 0
-0.016764 11 -7 0
-0.001007 11 9 0
0.021035 11 -9 0
0.013884 11 11 0
0.003072 11 -11 0
0.052272 12 0 0
-0.005925 12 2 0
-0.074345 12 -2 0
-0.022423 12 4 0
-0.114896 12 -4 0
0.001143 12 6 0
0.012309 12 -6 0
0.020818 12 8 0
0.019504 12 -8 0
0.027359 12 10 0
-0.035083 12 -10 0
0.044514 12 12 0
-0.007751 12 -12 0
0.066471 13 1 0
-0.005525 13 -1 0
-0.060323 13 3 0
0.026745 13 -3 0
-0.049614 13 5 0
0.003973 13 -5 0
0.018415 13 7 0
-0.009292 13 -7 0
0.009975 13 9 0
0.013006 13 -9 0
0.014004 13 11 0
0.001215 13 -11 0
0.021412 13 13 0
-0.005694 13 -13 0
-0.025386 14 0 0
-0.004562 14 2 0
-0.022464 14 -2 0
0.018608 14 4 0
0.074304 14 -4 0
0.018479 14 6 0
0.069639 14 -6 0
0.017101 14 8 0
-0.002573 14 -8 0
0.016820 14 10 0
-0.035230 14 -10 0
0.029549 14 12 0
-0.010967 14 -12 0
0.016522 14 14 0
0.010140 14 -14 0
-0.047450 15 1 0
0.010944 15 -1 0
0.024231 15 3 0
0.011375 15 -3 0
0.081674 15 5 0
-0.023551 15 -5 0
0.024785 15 7 0
-0.014631 15 -7 0
-0.009339 15 9 0
0.012202 15 -9 0
0.001011 15 11 0
0.004793 15 -11 0
0.010716 15 13 0
-0.003175 15 -13 0
-0.002144 15 15 0
-0.004787 15 -15 0
0.004539 16 0 0
0.004082 16 2 0
0.010591 16 -2 0
-0.005914 16 4 0
-0.031984 16 -4 0
-0.004489 16 6 0
-0.015766 16 -6 0
0.007860 16 8 0
0.011407 16 -8 0
0.010050 16 10 0
-0.007960 16 -10 0
0.018334 16 12 0
-0.004255 16 -12 0
0.011476 16 14 0
0.002757 16 -14 0
0.008424 16 16 0
-0.015760 16 -16 0
0.021974 17 1 0
0.000852 17 -1 0
0.006038 17 3 0
0.007296 17 -3 0
-0.019976 17 5 0
0.003988 17 -5 0
-0.001139 17 7 0
0.001265 17 -7 0
0.004143 17 9 0
0.008054 17 -9 0
0.005018 17 11 0
0.002532 17 -11 0
0.009701 17 13 0
-0.001601 17 -13 0
-0.001371 17 15 0
-0.003020 17 -15 0
-0.000605 17 17 0
0.006712 17 -17 0
0.001784 18 0 0
-0.006439 18 2 0
-0.021354 18 -2 0
0.001948 18 4 0
0.007069 18 -4 0
0.007785 18 6 0
0.045218 18 -6 0
0.005093 18 8 0
0.002721 18 -8 0
0.003836 18 10 0
-0.012695 18 -10 0
0.008966 18 12 0
-0.004878 18 -12 0
0.005218 18 14 0
0.001050 18 -14 0
0.004838 18 16 0
-0.004329 18 -16 0
0.005072 18 18 0
-0.004897 18 -18 0
-0.013521 19 1 0
0.000104 19 -1 0
-0.007565 19 3 0
0.008640 19 -3 0
0.020110 19 5 0
-0.008567 19 -5 0
0.022294 19 7 0
-0.007807 19 -7 0
-0.005321 19 9 0
0.005873 19 -9 0
-0.003905 19 11 0
