0.108813 1 1 0
-0.159699 1 -1 0
0.150670 2 0 0
-0.017625 2 2 0
0.050303 2 -2 0
0.332219 3 1 0
0.018979 3 -1 0
0.046320 3 3 0
-0.031095 3 -3 0
-0.111506 4 0 0
-0.012410 4 2 0
-0.252870 4 -2 0
-0.008815 4 4 0
-0.004714 4 -4 0
-0.418171 5 1 0
0.033536 5 -1 0
-0.098613 5 3 0
0.033236 5 -3 0
0.038277 5 5 0
-0.007581 5 -5 0
-0.048613 6 0 0
0.032117 6 2 0
0.334206 6 -2 0
0.015517 6 4 0
0.048484 6 -4 0
0.016894 6 6 0
0.050345 6 -6 0
0.259131 7 1 0
-0.002392 7 -1 0
0.262172 7 3 0
-0.016507 7 -3 0
0.052016 7 5 0
-0.028069 7 -5 0
0.023751 7 7 0
-0.023395 7 -7 0
0.092582 8 0 0
-0.032939 8 2 0
-0.331941 8 -2 0
-0.028200 8 4 0
-0.117997 8 -4 0
0.010577 8 6 0
0.050804 8 -6 0
0.037435 8 8 0
-0.004065 8 -8 0
-0.068389 9 1 0
0.017570 9 -1 0
-0.193666 9 3 0
0.053585 9 -3 0
-0.020243 9 5 0
0.001297 9 -5 0
0.023911 9 7 0
-0.022153 9 -7 0
-0.001075 9 9 0
0.026186 9 -9 0
-0.103165 10 0 0
0.015785 10 2 0
0.147864 10 -2 0
0.031716 10 4 0
0.130259 10 -4 0
0.017130 10 6 0
0.066419 10 -6 0
0.030162 10 8 0
-0.015880 10 -8 0
0.027304 10 10 0
-0.043797 10 -10 0
-0.046370 11 1 0
0.015383 11 -1 0
0.186764 11 3 0
-0.009250 11 -3 0
0.105125 11 5 0
-0.030883 11 -5 0
0.016300 11 7 0
-0.022953 11 -7 0
-0.007799 11 9 0
0.025903 11 -9 0
0.019856 11 11 0
0.005471 11 -11 0
0.049381 12 0 0
-0.008384 12 2 0
-0.067081 12 -2 0
-0.024578 12 4 0
-0.121272 12 -4 0
-0.000794 12 6 0
0.022119 12 -6 0
0.027170 12 8 0
0.010588 12 -8 0
0.026633 12 10 0
-0.027063 12 -10 0
0.041198 12 12 0
-0.011949 12 -12 0
0.056738 13 1 0
-0.003198 13 -1 0
-0.050337 13 3 0
0.023866 13 -3 0
-0.053078 13 5 0
0.003682 13 -5 0
0.021046 13 7 0
-0.012994 13 -7 0
0.004131 13 9 0
0.017697 13 -9 0
0.021207 13 11 0
0.003324 13 -11 0
0.012232 13 13 0
-0.007279 13 -13 0
-0.026472 14 0 0
-0.005546 14 2 0
-0.019144 14 -2 0
0.016405 14 4 0
0.068413 14 -4 0
0.018770 14 6 0
0.075929 14 -6 0
0.020332 14 8 0
-0.009551 14 -8 0
0.015846 14 10 0
-0.026471 14 -10 0
0.027146 14 12 0
-0.014769 14 -12 0
0.017508 14 14 0
0.019125 14 -14 0
-0.055247 15 1 0
0.011286 15 -1 0
0.034208 15 3 0
0.008472 15 -3 0
0.079380 15 5 0
-0.023382 15 -5 0
0.025509 15 7 0
-0.018810 15 -7 0
-0.013317 15 9 0
0.015059 15 -9 0
0.005622 15 11 0
0.005245 15 -11 0
0.004371 15 13 0
-0.001923 15 -13 0
-0.002086 15 15 0
-0.007013 15 -15 0
0.002825 16 0 0
0.002344 16 2 0
0.013478 16 -2 0
-0.005989 16 4 0
-0.036946 16 -4 0
-0.006052 16 6 0
-0.011036 16 -6 0
0.010251 16 8 0
0.006969 16 -8 0
0.009146 16 10 0
-0.002340 16 -10 0
0.018766 16 12 0
-0.006053 16 -12 0
0.009613 16 14 0
0.011150 16 -14 0
0.010174 16 16 0
-0.015600 16 -16 0
0.018379 17 1 0
-0.000003 17 -1 0
0.012314 17 3 0
0.005111 17 -3 0
-0.021215 17 5 0
0.002782 17 -5 0
0.001153 17 7 0
-0.000944 17 -7 0
0.003634 17 9 0
0.007560 17 -9 0
0.007583 17 11 0
0.001898 17 -11 0
0.006672 17 13 0
-0.003409 17 -13 0
0.002994 17 15 0
-0.004074 17 -15 0
-0.004566 17 17 0
0.007074 17 -17 0
0.000314 18 0 0
-0.007275 18 2 0
-0.020748 18 -2 0
0.002074 18 4 0
0.006334 18 -4 0
0.007320 18 6 0
0.046117 18 -6 0
0.006642 18 8 0
0.001419 18 -8 0
0.001399 18 10 0
-0.010272 18 -10 0
0.007378 18 12 0
-0.005824 18 -12 0
0.004038 18 14 0
0.004853 18 -14 0
0.004067 18 16 0
-0.006012 18 -16 0
0.000807 18 18 0
-0.001927 18 -18 0
-0.015568 19 1 0
0.000792 19 -1 0
-0.004139 19 3 0
0.006509 19 -3 0
0.021816 19 5 0
-0.009204 19 -5 0
0.023317 19 7 0
-0.010790 19 -7 0
-0.004003 19 9 0
0.006420 19 -9 0
-0.002870 19 11 0
