-0.023077 1 1 0
-0.074662 1 -1 0
0.157627 2 0 0
-0.021045 2 2 0
0.099396 2 -2 0
0.352936 3 1 0
-0.011065 3 -1 0
0.053161 3 3 0
-0.011328 3 -3 0
-0.126411 4 0 0
-0.024807 4 2 0
-0.264583 4 -2 0
-0.009743 4 4 0
-0.017948 4 -4 0
-0.412496 5 1 0
0.041620 5 -1 0
-0.098748 5 3 0
0.032307 5 -3 0
0.024281 5 5 0
-0.002724 5 -5 0
-0.049702 6 0 0
0.032834 6 2 0
0.332590 6 -2 0
0.014282 6 4 0
0.052157 6 -4 0
0.014453 6 6 0
0.054685 6 -6 0
0.262026 7 1 0
-0.000325 7 -1 0
0.263090 7 3 0
-0.025694 7 -3 0
0.053858 7 5 0
-0.023930 7 -5 0
0.019834 7 7 0
-0.017978 7 -7 0
0.088234 8 0 0
-0.037916 8 2 0
-0.334770 8 -2 0
-0.031304 8 4 0
-0.119176 8 -4 0
0.005527 8 6 0
0.040269 8 -6 0
0.030395 8 8 0
-0.004178 8 -8 0
-0.061715 9 1 0
0.016997 9 -1 0
-0.199051 9 3 0
0.050080 9 -3 0
-0.024746 9 5 0
0.000818 9 -5 0
0.013075 9 7 0
-0.019017 9 -7 0
-0.011365 9 9 0
0.007936 9 -9 0
-0.108603 10 0 0
0.013264 10 2 0
0.141967 10 -2 0
0.026325 10 4 0
0.135212 10 -4 0
0.015436 10 6 0
0.062216 10 -6 0
0.023926 10 8 0
-0.011824 10 -8 0
0.034912 10 10 0
-0.034319 10 -10 0
-0.042379 11 1 0
0.022019 11 -1 0
0.180758 11 3 0
-0.015462 11 -3 0
0.104548 11 5 0
-0.033312 11 -5 0
0.009582 11 7 0
-0.018747 11 -7 0
-0.017890 11 9 0
0.009410 11 -9 0
0.017581 11 11 0
0.001360 11 -11 0
0.045858 12 0 0
-0.010345 12 2 0
-0.069607 12 -2 0
-0.026091 12 4 0
-0.119166 12 -4 0
-0.001777 12 6 0
0.018315 12 -6 0
0.019927 12 8 0
0.013180 12 -8 0
0.030505 12 10 0
-0.022137 12 -10 0
0.037064 12 12 0
-0.006837 12 -12 0
0.060012 13 1 0
-0.000755 13 -1 0
-0.053862 13 3 0
0.020442 13 -3 0
-0.055771 13 5 0
0.003090 13 -5 0
0.016000 13 7 0
-0.010876 13 -7 0
-0.001696 13 9 0
0.003100 13 -9 0
0.019507 13 11 0
-0.005592 13 -11 0
0.014761 13 13 0
0.000361 13 -13 0
-0.029205 14 0 0
-0.007133 14 2 0
-0.021886 14 -2 0
0.014928 14 4 0
0.070999 14 -4 0
0.016958 14 6 0
0.074618 14 -6 0
0.016749 14 8 0
-0.006914 14 -8 0
0.017932 14 10 0
-0.022683 14 -10 0
0.022877 14 12 0
-0.009288 14 -12 0
0.013054 14 14 0
0.014727 14 -14 0
-0.052816 15 1 0
0.013113 15 -1 0
0.028573 15 3 0
0.005282 15 -3 0
0.077585 15 5 0
-0.025675 15 -5 0
0.021283 15 7 0
-0.016730 15 -7 0
-0.018505 15 9 0
0.005897 15 -9 0
0.004333 15 11 0
0.000975 15 -11 0
0.007105 15 13 0
-0.001044 15 -13 0
-0.002777 15 15 0
-0.001138 15 -15 0
0.002265 16 0 0
0.002372 16 2 0
0.012579 16 -2 0
-0.007171 16 4 0
-0.033182 16 -4 0
-0.005012 16 6 0
-0.012014 16 -6 0
0.007348 16 8 0
0.008912 16 -8 0
0.010870 16 10 0
-0.000397 16 -10 0
0.015248 16 12 0
-0.004221 16 -12 0
0.009310 16 14 0
0.008224 16 -14 0
0.005880 16 16 0
-0.012229 16 -16 0
0.018348 17 1 0
0.003156 17 -1 0
0.008254 17 3 0
0.001493 17 -3 0
-0.023852 17 5 0
0.000960 17 -5 0
-0.000700 17 7 0
-0.000283 17 -7 0
-0.000857 17 9 0
0.002369 17 -9 0
0.007628 17 11 0
-0.000970 17 -11 0
0.008468 17 13 0
-0.000860 17 -13 0
-0.000400 17 15 0
-0.002782 17 -15 0
-0.006305 17 17 0
0.003509 17 -17 0
-0.000132 18 0 0
-0.008002 18 2 0
-0.019853 18 -2 0
0.001931 18 4 0
0.006438 18 -4 0
0.008183 18 6 0
0.047168 18 -6 0
0.004838 18 8 0
0.002404 18 -8 0
0.003959 18 10 0
-0.007286 18 -10 0
0.007003 18 12 0
-0.004388 18 -12 0
0.003716 18 14 0
0.002694 18 -14 0
0.001985 18 16 0
-0.003551 18 -16 0
0.004182 18 18 0
-0.002047 18 -18 0
-0.014497 19 1 0
0.001780 19 -1 0
-0.006888 19 3 0
0.005110 19 -3 0
0.019350 19 5 0
-0.010292 19 -5 0
0.023123 19 7 0
-0.008341 19 -7 0
-0.006500 19 9 0
0.004005 19 -9 0
-0.002748 19 11 0
