-0.019528 1 1 0
-0.083971 1 -1 0
-0.067646 2 0 0
0.036698 2 2 0
-0.018118 2 -2 0
-0.007351 3 1 0
0.076570 3 -1 0
-0.020945 3 3 0
0.008243 3 -3 0
0.024666 4 0 0
0.057156 4 2 0
-0.064748 4 -2 0
0.025973 4 4 0
0.012015 4 -4 0
0.014923 5 1 0
-0.103712 5 -1 0
-0.036277 5 3 0
0.041574 5 -3 0
-0.006809 5 5 0
0.002618 5 -5 0
-0.021977 6 0 0
0.012261 6 2 0
0.075162 6 -2 0
0.019561 6 4 0
0.000004 6 -4 0
-0.028804 6 6 0
0.027107 6 -6 0
-0.023441 7 1 0
0.070976 7 -1 0
-0.000479 7 3 0
-0.033736 7 -3 0
-0.003346 7 5 0
-0.001360 7 -5 0
0.039133 7 7 0
-0.022376 7 -7 0
-0.045951 8 0 0
0.072413 8 2 0
-0.100069 8 -2 0
0.004425 8 4 0
0.036378 8 -4 0
-0.012588 8 6 0
0.026118 8 -6 0
0.013137 8 8 0
-0.002350 8 -8 0
-0.003297 9 1 0
-0.029985 9 -1 0
-0.053541 9 3 0
0.062182 9 -3 0
0.004460 9 5 0
-0.005279 9 -5 0
0.039080 9 7 0
-0.021515 9 -7 0
0.023679 9 9 0
-0.002874 9 -9 0
0.003913 10 0 0
0.024654 10 2 0
0.035797 10 -2 0
0.034998 10 4 0
-0.021697 10 -4 0
-0.020552 10 6 0
0.025642 10 -6 0
0.017725 10 8 0
0.002592 10 -8 0
0.038521 10 10 0
-0.010655 10 -10 0
-0.007212 11 1 0
-0.008136 11 -1 0
-0.000829 11 3 0
-0.028892 11 -3 0
-0.014457 11 5 0
0.016056 11 -5 0
0.030252 11 7 0
-0.013665 11 -7 0
0.018004 11 9 0
-0.006152 11 -9 0
-0.002727 11 11 0
0.003324 11 -11 0
-0.033365 12 0 0
0.039447 12 2 0
-0.032658 12 -2 0
-0.004307 12 4 0
0.032215 12 -4 0
-0.007683 12 6 0
0.018152 12 -6 0
0.017003 12 8 0
-0.003355 12 -8 0
0.032704 12 10 0
-0.004112 12 -10 0
0.013077 12 12 0
0.000425 12 -12 0
-0.010964 13 1 0
0.013336 13 -1 0
-0.031187 13 3 0
0.030266 13 -3 0
0.010596 13 5 0
-0.012745 13 -5 0
0.021073 13 7 0
-0.018013 13 -7 0
0.011314 13 9 0
-0.000444 13 -9 0
-0.000681 13 11 0
-0.001598 13 -11 0
0.000867 13 13 0
0.007629 13 -13 0
-0.004852 14 0 0
0.027608 14 2 0
-0.007235 14 -2 0
0.022347 14 4 0
-0.013785 14 -4 0
-0.018643 14 6 0
0.019935 14 -6 0
0.011461 14 8 0
0.002554 14 -8 0
0.026148 14 10 0
-0.004567 14 -10 0
0.011634 14 12 0
-0.000190 14 -12 0
-0.009762 14 14 0
0.015172 14 -14 0
0.000404 15 1 0
-0.015728 15 -1 0
-0.008573 15 3 0
-0.000641 15 -3 0
-0.013650 15 5 0
0.014975 15 -5 0
0.021636 15 7 0
-0.011039 15 -7 0
0.008543 15 9 0
-0.006355 15 -9 0
-0.000857 15 11 0
0.000362 15 -11 0
0.000994 15 13 0
0.004324 15 -13 0
-0.003617 15 15 0
0.000227 15 -15 0
-0.009435 16 0 0
0.011080 16 2 0
-0.004256 16 -2 0
0.001276 16 4 0
0.009763 16 -4 0
0.001189 16 6 0
0.003015 16 -6 0
0.008528 16 8 0
-0.001908 16 -8 0
0.013274 16 10 0
-0.002044 16 -10 0
0.009092 16 12 0
-0.000072 16 -12 0
-0.007254 16 14 0
0.010579 16 -14 0
-0.001796 16 16 0
0.007525 16 -16 0
-0.004842 17 1 0
0.006427 17 -1 0
-0.009179 17 3 0
0.003809 17 -3 0
0.003859 17 5 0
-0.007361 17 -5 0
0.005991 17 7 0
-0.007393 17 -7 0
0.004346 17 9 0
0.000223 17 -9 0
-0.000048 17 11 0
-0.001872 17 -11 0
0.000184 17 13 0
0.004176 17 -13 0
-0.002081 17 15 0
-0.001999 17 -15 0
-0.002146 17 17 0
-0.001760 17 -17 0
-0.004196 18 0 0
0.009675 18 2 0
-0.006196 18 -2 0
0.006329 18 4 0
-0.002375 18 -4 0
-0.009633 18 6 0
0.009342 18 -6 0
0.006440 18 8 0
0.001469 18 -8 0
0.008912 18 10 0
-0.002184 18 -10 0
0.003636 18 12 0
-0.001056 18 -12 0
-0.001228 18 14 0
0.006020 18 -14 0
-0.001180 18 16 0
0.003577 18 -16 0
-0.001034 18 18 0
0.001558 18 -18 0
-0.000240 19 1 0
-0.003108 19 -1 0
-0.007653 19 3 0
0.001652 19 -3 0
-0.005280 19 5 0
0.004272 19 -5 0
0.009015 19 7 0
-0.004114 19 -7 0
0.001607 19 9 0
-0.003380 19 -9 0
-0.001815 19 11 0
