0.053248 1 1 0
-0.017361 1 -1 0
-0.066507 2 0 0
0.020016 2 2 0
-0.015772 2 -2 0
-0.011955 3 1 0
0.052668 3 -1 0
-0.016906 3 3 0
0.004573 3 -3 0
0.025159 4 0 0
0.048983 4 2 0
-0.072028 4 -2 0
0.018048 4 4 0
0.007882 4 -4 0
0.017087 5 1 0
-0.121573 5 -1 0
-0.029739 5 3 0
0.042798 5 -3 0
-0.005703 5 5 0
0.007580 5 -5 0
-0.018790 6 0 0
0.002999 6 2 0
0.078435 6 -2 0
0.019137 6 4 0
-0.007659 6 -4 0
-0.010631 6 6 0
0.015436 6 -6 0
-0.015718 7 1 0
0.064359 7 -1 0
0.009069 7 3 0
-0.028624 7 -3 0
-0.003058 7 5 0
0.013880 7 -5 0
0.031167 7 7 0
-0.006833 7 -7 0
-0.040871 8 0 0
0.061744 8 2 0
-0.096964 8 -2 0
0.003679 8 4 0
0.031572 8 -4 0
-0.004403 8 6 0
0.021518 8 -6 0
0.001664 8 8 0
0.003780 8 -8 0
-0.001710 9 1 0
-0.044774 9 -1 0
-0.043531 9 3 0
0.069095 9 -3 0
0.006298 9 5 0
0.006272 9 -5 0
0.030195 9 7 0
-0.016656 9 -7 0
0.008233 9 9 0
-0.010389 9 -9 0
0.007886 10 0 0
0.016104 10 2 0
0.037262 10 -2 0
0.033275 10 4 0
-0.022671 10 -4 0
-0.012725 10 6 0
0.020430 10 -6 0
0.006551 10 8 0
0.003035 10 -8 0
0.025517 10 10 0
-0.001455 10 -10 0
-0.000799 11 1 0
-0.017449 11 -1 0
0.005379 11 3 0
-0.024582 11 -3 0
-0.015051 11 5 0
0.023453 11 -5 0
0.022642 11 7 0
-0.006663 11 -7 0
0.009161 11 9 0
-0.009091 11 -9 0
-0.006142 11 11 0
-0.002926 11 -11 0
-0.030602 12 0 0
0.032432 12 2 0
-0.029895 12 -2 0
-0.005770 12 4 0
0.027966 12 -4 0
0.001468 12 6 0
0.014357 12 -6 0
0.006939 12 8 0
-0.001940 12 -8 0
0.021442 12 10 0
0.000710 12 -10 0
0.004227 12 12 0
0.004596 12 -12 0
-0.009301 13 1 0
0.002137 13 -1 0
-0.024245 13 3 0
0.031034 13 -3 0
0.009674 13 5 0
-0.006447 13 -5 0
0.019568 13 7 0
-0.013479 13 -7 0
0.003400 13 9 0
-0.002482 13 -9 0
-0.002527 13 11 0
-0.005856 13 -11 0
0.000252 13 13 0
0.005999 13 -13 0
-0.001122 14 0 0
0.020738 14 2 0
-0.007295 14 -2 0
0.021108 14 4 0
-0.014206 14 -4 0
-0.013517 14 6 0
0.015076 14 -6 0
0.002306 14 8 0
0.002246 14 -8 0
0.020696 14 10 0
0.001279 14 -10 0
0.005334 14 12 0
0.003545 14 -12 0
-0.001062 14 14 0
0.004948 14 -14 0
0.002055 15 1 0
-0.020267 15 -1 0
-0.004787 15 3 0
0.000087 15 -3 0
-0.011754 15 5 0
0.018455 15 -5 0
0.018591 15 7 0
-0.006572 15 -7 0
0.005242 15 9 0
-0.007109 15 -9 0
-0.002658 15 11 0
-0.000601 15 -11 0
0.003011 15 13 0
0.004263 15 -13 0
0.000038 15 15 0
-0.003859 15 -15 0
-0.007648 16 0 0
0.009463 16 2 0
-0.001980 16 -2 0
-0.000607 16 4 0
0.009286 16 -4 0
0.003582 16 6 0
0.000830 16 -6 0
0.003362 16 8 0
-0.001503 16 -8 0
0.009661 16 10 0
0.000080 16 -10 0
0.003829 16 12 0
0.002866 16 -12 0
-0.002635 16 14 0
0.002865 16 -14 0
0.006350 16 16 0
0.006313 16 -16 0
-0.002935 17 1 0
0.002055 17 -1 0
-0.006874 17 3 0
0.004337 17 -3 0
0.004208 17 5 0
-0.005187 17 -5 0
0.004068 17 7 0
-0.005163 17 -7 0
0.002159 17 9 0
-0.001198 17 -9 0
-0.001500 17 11 0
-0.002985 17 -11 0
0.001392 17 13 0
0.003638 17 -13 0
0.000123 17 15 0
-0.002747 17 -15 0
0.000456 17 17 0
-0.000948 17 -17 0
-0.002693 18 0 0
0.007935 18 2 0
-0.006838 18 -2 0
0.005563 18 4 0
-0.001769 18 -4 0
-0.007702 18 6 0
0.007334 18 -6 0
0.001977 18 8 0
0.000253 18 -8 0
0.007345 18 10 0
-0.001384 18 -10 0
0.001525 18 12 0
0.000023 18 -12 0
0.001642 18 14 0
0.001563 18 -14 0
0.002408 18 16 0
0.001145 18 -16 0
0.004087 18 18 0
0.004879 18 -18 0
-0.000296 19 1 0
-0.005227 19 -1 0
-0.005982 19 3 0
0.002436 19 -3 0
-0.004735 19 5 0
0.005023 19 -5 0
0.009059 19 7 0
-0.002891 19 -7 0
0.002459 19 9 0
-0.003422 19 -9 0
-0.002551 19 11 0
