0.004421 1 1 0
-0.012844 1 -1 0
-0.072950 2 0 0
0.025472 2 2 0
0.042863 2 -2 0
-0.016487 3 1 0
0.047209 3 -1 0
-0.003860 3 3 0
-0.004272 3 -3 0
0.039612 4 0 0
0.035740 4 2 0
-0.077672 4 -2 0
0.003794 4 4 0
0.009333 4 -4 0
0.012717 5 1 0
-0.109970 5 -1 0
-0.044434 5 3 0
0.049419 5 -3 0
0.006782 5 5 0
-0.010567 5 -5 0
-0.017575 6 0 0
-0.021087 6 2 0
0.080076 6 -2 0
0.009609 6 4 0
-0.003517 6 -4 0
-0.018745 6 6 0
0.028351 6 -6 0
-0.021214 7 1 0
0.072199 7 -1 0
-0.012177 7 3 0
-0.024739 7 -3 0
-0.001871 7 5 0
-0.003454 7 -5 0
0.058018 7 7 0
-0.014057 7 -7 0
-0.037016 8 0 0
0.041220 8 2 0
-0.098135 8 -2 0
-0.016643 8 4 0
0.032997 8 -4 0
-0.020402 8 6 0
0.022906 8 -6 0
-0.014798 8 8 0
0.003403 8 -8 0
-0.010334 9 1 0
-0.037141 9 -1 0
-0.056740 9 3 0
0.071501 9 -3 0
0.012644 9 5 0
-0.012453 9 -5 0
0.054685 9 7 0
-0.023900 9 -7 0
0.023024 9 9 0
-0.002300 9 -9 0
0.010753 10 0 0
-0.002687 10 2 0
0.034579 10 -2 0
0.020626 10 4 0
-0.023621 10 -4 0
-0.022254 10 6 0
0.026134 10 -6 0
-0.008209 10 8 0
0.003617 10 -8 0
0.012059 10 10 0
-0.014430 10 -10 0
-0.004457 11 1 0
-0.008230 11 -1 0
-0.010168 11 3 0
-0.018186 11 -3 0
-0.010281 11 5 0
0.012035 11 -5 0
0.044694 11 7 0
-0.009789 11 -7 0
0.015639 11 9 0
-0.007203 11 -9 0
-0.002678 11 11 0
0.006321 11 -11 0
-0.028394 12 0 0
0.017726 12 2 0
-0.032098 12 -2 0
-0.016522 12 4 0
0.028984 12 -4 0
-0.007315 12 6 0
0.014158 12 -6 0
-0.003652 12 8 0
-0.000736 12 -8 0
0.010216 12 10 0
-0.010135 12 -10 0
0.001230 12 12 0
-0.002923 12 -12 0
-0.011769 13 1 0
0.008838 13 -1 0
-0.034638 13 3 0
0.036875 13 -3 0
0.013635 13 5 0
-0.018289 13 -5 0
0.035546 13 7 0
-0.015656 13 -7 0
0.007487 13 9 0
-0.001050 13 -9 0
-0.001404 13 11 0
0.000077 13 -11 0
0.003661 13 13 0
0.009942 13 -13 0
-0.000528 14 0 0
0.009816 14 2 0
-0.008908 14 -2 0
0.012934 14 4 0
-0.014487 14 -4 0
-0.018218 14 6 0
0.018461 14 -6 0
-0.003305 14 8 0
0.003510 14 -8 0
0.012483 14 10 0
-0.007573 14 -10 0
0.002829 14 12 0
-0.006085 14 -12 0
0.004116 14 14 0
-0.005227 14 -14 0
0.000099 15 1 0
-0.016027 15 -1 0
-0.011809 15 3 0
0.003794 15 -3 0
-0.010137 15 5 0
0.012581 15 -5 0
0.029596 15 7 0
-0.007544 15 -7 0
0.008047 15 9 0
-0.005483 15 -9 0
-0.000980 15 11 0
0.004569 15 -11 0
0.002915 15 13 0
0.005325 15 -13 0
-0.001403 15 15 0
0.002562 15 -15 0
-0.007266 16 0 0
0.002185 16 2 0
-0.003363 16 -2 0
-0.004214 16 4 0
0.008853 16 -4 0
0.000430 16 6 0
0.002465 16 -6 0
-0.000702 16 8 0
-0.000787 16 -8 0
0.006001 16 10 0
-0.004135 16 -10 0
0.002696 16 12 0
0.000530 16 -12 0
0.000680 16 14 0
-0.001648 16 -14 0
0.008519 16 16 0
0.002836 16 -16 0
-0.003513 17 1 0
0.004832 17 -1 0
-0.011640 17 3 0
0.006994 17 -3 0
0.005542 17 5 0
-0.008396 17 -5 0
0.010234 17 7 0
-0.005180 17 -7 0
0.002962 17 9 0
-0.000224 17 -9 0
-0.002176 17 11 0
-0.001645 17 -11 0
0.000351 17 13 0
0.002755 17 -13 0
-0.001617 17 15 0
0.000299 17 -15 0
-0.001034 17 17 0
-0.001763 17 -17 0
-0.002836 18 0 0
0.005998 18 2 0
-0.007750 18 -2 0
0.003515 18 4 0
-0.001503 18 -4 0
-0.007996 18 6 0
0.009296 18 -6 0
0.001692 18 8 0
0.001592 18 -8 0
0.005593 18 10 0
-0.001521 18 -10 0
0.000952 18 12 0
-0.000997 18 -12 0
0.000709 18 14 0
0.000708 18 -14 0
0.001523 18 16 0
0.001031 18 -16 0
0.001536 18 18 0
0.001781 18 -18 0
-0.001017 19 1 0
-0.003933 19 -1 0
-0.007936 19 3 0
0.003657 19 -3 0
-0.003514 19 5 0
0.003890 19 -5 0
0.010481 19 7 0
-0.003459 19 -7 0
0.001735 19 9 0
-0.003575 19 -9 0
-0.002878 19 11 0
