0.169317 1 1 0
-0.040172 1 -1 0
-0.182514 2 0 0
0.017049 2 2 0
-0.027418 2 -2 0
-0.224826 3 1 0
-0.001160 3 -1 0
0.030381 3 3 0
0.024215 3 -3 0
0.099136 4 0 0
0.127977 4 2 0
0.190848 4 -2 0
-0.002840 4 4 0
-0.001955 4 -4 0
0.428557 5 1 0
-0.048229 5 -1 0
0.155670 5 3 0
-0.022918 5 -3 0
-0.020923 5 5 0
0.035038 5 -5 0
-0.003024 6 0 0
0.015826 6 2 0
-0.254339 6 -2 0
-0.040278 6 4 0
-0.051236 6 -4 0
-0.044510 6 6 0
-0.058901 6 -6 0
-0.171600 7 1 0
-0.006687 7 -1 0
-0.100835 7 3 0
0.071679 7 -3 0
-0.046382 7 5 0
0.039332 7 -5 0
-0.068893 7 7 0
0.030715 7 -7 0
-0.095697 8 0 0
0.144211 8 2 0
0.281582 8 -2 0
0.019670 8 4 0
0.084102 8 -4 0
-0.036278 8 6 0
-0.062771 8 -6 0
0.003114 8 8 0
-0.009817 8 -8 0
0.149658 9 1 0
-0.028125 9 -1 0
0.248717 9 3 0
-0.049413 9 -3 0
0.002506 9 5 0
0.017807 9 -5 0
-0.070953 9 7 0
0.037268 9 -7 0
0.044444 9 9 0
-0.005188 9 -9 0
0.066812 10 0 0
0.047505 10 2 0
-0.130823 10 -2 0
-0.062066 10 4 0
-0.114919 10 -4 0
-0.056290 10 6 0
-0.061836 10 -6 0
0.009340 10 8 0
-0.002938 10 -8 0
0.034115 10 10 0
0.012965 10 -10 0
0.082227 11 1 0
-0.029055 11 -1 0
-0.069798 11 3 0
0.052265 11 -3 0
-0.077787 11 5 0
0.059495 11 -5 0
-0.053089 11 7 0
0.033209 11 -7 0
0.040861 11 9 0
-0.006295 11 -9 0
0.066034 11 11 0
0.018077 11 -11 0
-0.062932 12 0 0
0.078383 12 2 0
0.072595 12 -2 0
0.020928 12 4 0
0.085612 12 -4 0
-0.017627 12 6 0
-0.037019 12 -6 0
0.001768 12 8 0
-0.021175 12 -8 0
0.027967 12 10 0
0.006499 12 -10 0
0.023915 12 12 0
0.018046 12 -12 0
0.001915 13 1 0
-0.006119 13 -1 0
0.113509 13 3 0
-0.015366 13 -3 0
0.032570 13 5 0
0.000986 13 -5 0
-0.053383 13 7 0
0.023618 13 -7 0
0.025212 13 9 0
0.002835 13 -9 0
0.049527 13 11 0
0.015159 13 -11 0
-0.013960 13 13 0
0.029032 13 -13 0
0.012513 14 0 0
0.050482 14 2 0
0.008764 14 -2 0
-0.034090 14 4 0
-0.063691 14 -4 0
-0.040270 14 6 0
-0.060463 14 -6 0
0.007985 14 8 0
0.000295 14 -8 0
0.023966 14 10 0
0.010883 14 -10 0
0.022692 14 12 0
0.011578 14 -12 0
-0.025200 14 14 0
0.014380 14 -14 0
0.073154 15 1 0
-0.021238 15 -1 0
0.010238 15 3 0
0.013989 15 -3 0
-0.060896 15 5 0
0.040300 15 -5 0
-0.035878 15 7 0
0.025124 15 -7 0
0.026455 15 9 0
-0.007701 15 -9 0
0.038525 15 11 0
0.009435 15 -11 0
-0.008234 15 13 0
0.015807 15 -13 0
-0.014623 15 15 0
0.007959 15 -15 0
-0.010867 16 0 0
0.021981 16 2 0
-0.003649 16 -2 0
0.005376 16 4 0
0.024347 16 -4 0
-0.001978 16 6 0
-0.003815 16 -6 0
0.000821 16 8 0
-0.010889 16 -8 0
0.010523 16 10 0
-0.000277 16 -10 0
0.012427 16 12 0
0.006944 16 -12 0
-0.013951 16 14 0
0.008766 16 -14 0
-0.002743 16 16 0
-0.002936 16 -16 0
0.000869 17 1 0
-0.002882 17 -1 0
0.017123 17 3 0
0.000587 17 -3 0
0.021120 17 5 0
-0.001461 17 -5 0
-0.017927 17 7 0
0.004690 17 -7 0
0.007856 17 9 0
0.002122 17 -9 0
0.016624 17 11 0
0.006041 17 -11 0
-0.004936 17 13 0
0.009687 17 -13 0
-0.007543 17 15 0
0.001261 17 -15 0
0.002754 17 17 0
0.000414 17 -17 0
-0.001677 18 0 0
0.020986 18 2 0
0.014667 18 -2 0
-0.009666 18 4 0
-0.008483 18 -4 0
-0.018569 18 6 0
-0.035830 18 -6 0
0.000167 18 8 0
0.000071 18 -8 0
0.007580 18 10 0
0.005240 18 -10 0
0.009032 18 12 0
0.005255 18 -12 0
-0.004977 18 14 0
0.006243 18 -14 0
-0.003468 18 16 0
-0.000289 18 -16 0
0.004434 18 18 0
-0.000450 18 -18 0
0.020962 19 1 0
-0.005840 19 -1 0
0.009982 19 3 0
-0.004959 19 -3 0
-0.018695 19 5 0
0.013354 19 -5 0
-0.019313 19 7 0
0.015184 19 -7 0
0.008946 19 9 0
-0.003313 19 -9 0
0.009563 19 11 0
