0.088728 1 1 0
-0.156134 1 -1 0
-0.153890 2 0 0
0.043942 2 2 0
0.003410 2 -2 0
-0.230726 3 1 0
0.009407 3 -1 0
0.023174 3 3 0
0.013789 3 -3 0
0.103785 4 0 0
0.099232 4 2 0
0.187261 4 -2 0
-0.012035 4 4 0
0.011133 4 -4 0
0.420150 5 1 0
-0.052429 5 -1 0
0.158025 5 3 0
-0.023600 5 -3 0
-0.031645 5 5 0
0.040961 5 -5 0
0.004738 6 0 0
0.011587 6 2 0
-0.251659 6 -2 0
-0.049667 6 4 0
-0.059548 6 -4 0
-0.049605 6 6 0
-0.072892 6 -6 0
-0.175373 7 1 0
-0.000146 7 -1 0
-0.109476 7 3 0
0.071157 7 -3 0
-0.044574 7 5 0
0.055799 7 -5 0
-0.088525 7 7 0
0.041453 7 -7 0
-0.085520 8 0 0
0.130348 8 2 0
0.285955 8 -2 0
0.009186 8 4 0
0.079756 8 -4 0
-0.043561 8 6 0
-0.069366 8 -6 0
0.010814 8 8 0
-0.013050 8 -8 0
0.140512 9 1 0
-0.025754 9 -1 0
0.251204 9 3 0
-0.050858 9 -3 0
0.001162 9 5 0
0.027055 9 -5 0
-0.096565 9 7 0
0.035598 9 -7 0
0.023381 9 9 0
-0.019223 9 -9 0
0.073207 10 0 0
0.038321 10 2 0
-0.123666 10 -2 0
-0.070120 10 4 0
-0.116356 10 -4 0
-0.056406 10 6 0
-0.070392 10 -6 0
0.013283 10 8 0
-0.003634 10 -8 0
0.038037 10 10 0
0.016866 10 -10 0
0.075190 11 1 0
-0.031551 11 -1 0
-0.072057 11 3 0
0.049506 11 -3 0
-0.080591 11 5 0
0.070647 11 -5 0
-0.073633 11 7 0
0.038472 11 -7 0
0.024873 11 9 0
-0.021457 11 -9 0
0.054961 11 11 0
0.011278 11 -11 0
-0.054676 12 0 0
0.068982 12 2 0
0.078644 12 -2 0
0.012274 12 4 0
0.082710 12 -4 0
-0.023166 12 6 0
-0.041586 12 -6 0
0.006099 12 8 0
-0.018378 12 -8 0
0.031409 12 10 0
0.012484 12 -10 0
0.029839 12 12 0
0.022026 12 -12 0
-0.001988 13 1 0
-0.003408 13 -1 0
0.111584 13 3 0
-0.018177 13 -3 0
0.032801 13 5 0
0.009647 13 -5 0
-0.068641 13 7 0
0.026125 13 -7 0
0.010774 13 9 0
-0.012064 13 -9 0
0.040204 13 11 0
0.010316 13 -11 0
-0.018605 13 13 0
0.018089 13 -13 0
0.017146 14 0 0
0.046563 14 2 0
0.012481 14 -2 0
-0.039385 14 4 0
-0.064376 14 -4 0
-0.044141 14 6 0
-0.065219 14 -6 0
0.008936 14 8 0
-0.000232 14 -8 0
0.025634 14 10 0
0.013472 14 -10 0
0.027088 14 12 0
0.015049 14 -12 0
-0.016631 14 14 0
0.019660 14 -14 0
0.069775 15 1 0
-0.022945 15 -1 0
0.008719 15 3 0
0.012072 15 -3 0
-0.060318 15 5 0
0.043328 15 -5 0
-0.046687 15 7 0
0.026376 15 -7 0
0.016050 15 9 0
-0.014445 15 -9 0
0.031630 15 11 0
0.007748 15 -11 0
-0.011549 15 13 0
0.013254 15 -13 0
-0.010651 15 15 0
0.011765 15 -15 0
-0.006579 16 0 0
0.018301 16 2 0
-0.002801 16 -2 0
0.002962 16 4 0
0.025305 16 -4 0
-0.003534 16 6 0
-0.006342 16 -6 0
0.001851 16 8 0
-0.010300 16 -8 0
0.010970 16 10 0
0.001094 16 -10 0
0.014865 16 12 0
0.006431 16 -12 0
-0.009315 16 14 0
0.010544 16 -14 0
-0.003298 16 16 0
0.000824 16 -16 0
-0.001090 17 1 0
-0.003187 17 -1 0
0.016778 17 3 0
-0.001427 17 -3 0
0.020281 17 5 0
0.001144 17 -5 0
-0.023452 17 7 0
0.004430 17 -7 0
0.003338 17 9 0
-0.003572 17 -9 0
0.014608 17 11 0
0.005053 17 -11 0
-0.008147 17 13 0
0.008272 17 -13 0
-0.006203 17 15 0
0.002594 17 -15 0
0.003090 17 17 0
0.003582 17 -17 0
-0.001053 18 0 0
0.020401 18 2 0
0.017595 18 -2 0
-0.012045 18 4 0
-0.007639 18 -4 0
-0.019951 18 6 0
-0.037313 18 -6 0
0.000156 18 8 0
0.001220 18 -8 0
0.007355 18 10 0
0.005607 18 -10 0
0.010946 18 12 0
0.005224 18 -12 0
-0.002391 18 14 0
0.007184 18 -14 0
-0.002008 18 16 0
0.000682 18 -16 0
0.003576 18 18 0
-0.000288 18 -18 0
0.020726 19 1 0
-0.007009 19 -1 0
0.009090 19 3 0
-0.006078 19 -3 0
-0.018681 19 5 0
0.014172 19 -5 0
-0.022897 19 7 0
0.015080 19 -7 0
0.006287 19 9 0
-0.006730 19 -9 0
0.007609 19 11 0
