0.172149 1 1 0
-0.033715 1 -1 0
-0.139397 2 0 0
0.017916 2 2 0
-0.074778 2 -2 0
-0.249096 3 1 0
-0.005898 3 -1 0
0.007839 3 3 0
0.000465 3 -3 0
0.097341 4 0 0
0.122761 4 2 0
0.215223 4 -2 0
-0.028702 4 4 0
-0.005396 4 -4 0
0.408041 5 1 0
-0.044946 5 -1 0
0.133456 5 3 0
-0.033588 5 -3 0
-0.028583 5 5 0
0.018221 5 -5 0
0.010635 6 0 0
0.005959 6 2 0
-0.252216 6 -2 0
-0.049195 6 4 0
-0.053843 6 -4 0
-0.066514 6 6 0
-0.054217 6 -6 0
-0.200246 7 1 0
0.002832 7 -1 0
-0.136882 7 3 0
0.043128 7 -3 0
-0.056426 7 5 0
0.034706 7 -5 0
-0.074269 7 7 0
0.040753 7 -7 0
-0.079262 8 0 0
0.136699 8 2 0
0.292494 8 -2 0
0.005112 8 4 0
0.082121 8 -4 0
-0.057055 8 6 0
-0.058371 8 -6 0
-0.000127 8 8 0
-0.001876 8 -8 0
0.127951 9 1 0
-0.025541 9 -1 0
0.223232 9 3 0
-0.068036 9 -3 0
-0.005553 9 5 0
0.005512 9 -5 0
-0.075280 9 7 0
0.043151 9 -7 0
0.030713 9 9 0
0.008023 9 -9 0
0.079052 10 0 0
0.041755 10 2 0
-0.120401 10 -2 0
-0.073267 10 4 0
-0.116104 10 -4 0
-0.069872 10 6 0
-0.056864 10 -6 0
0.004816 10 8 0
0.005208 10 -8 0
0.034884 10 10 0
0.009783 10 -10 0
0.060151 11 1 0
-0.027150 11 -1 0
-0.096195 11 3 0
0.034801 11 -3 0
-0.085180 11 5 0
0.053421 11 -5 0
-0.058228 11 7 0
0.041761 11 -7 0
0.029412 11 9 0
0.003450 11 -9 0
0.058130 11 11 0
0.015344 11 -11 0
-0.051617 12 0 0
0.073184 12 2 0
0.083761 12 -2 0
0.010494 12 4 0
0.083964 12 -4 0
-0.033131 12 6 0
-0.034401 12 -6 0
-0.000577 12 8 0
-0.010662 12 -8 0
0.029592 12 10 0
0.007008 12 -10 0
0.019603 12 12 0
0.001721 12 -12 0
-0.015803 13 1 0
-0.004213 13 -1 0
0.095036 13 3 0
-0.031888 13 -3 0
0.027192 13 5 0
-0.006267 13 -5 0
-0.057021 13 7 0
0.029310 13 -7 0
0.013626 13 9 0
0.008178 13 -9 0
0.039380 13 11 0
0.011021 13 -11 0
-0.015292 13 13 0
0.016780 13 -13 0
0.020561 14 0 0
0.046851 14 2 0
0.016721 14 -2 0
-0.040986 14 4 0
-0.064575 14 -4 0
-0.049697 14 6 0
-0.057238 14 -6 0
0.004249 14 8 0
0.006570 14 -8 0
0.024926 14 10 0
0.010761 14 -10 0
0.017971 14 12 0
0.003493 14 -12 0
-0.017421 14 14 0
0.013320 14 -14 0
0.062214 15 1 0
-0.022297 15 -1 0
-0.003054 15 3 0
0.003346 15 -3 0
-0.062695 15 5 0
0.036353 15 -5 0
-0.037345 15 7 0
0.028822 15 -7 0
0.016986 15 9 0
-0.001426 15 -9 0
0.034278 15 11 0
0.007723 15 -11 0
-0.007898 15 13 0
0.009520 15 -13 0
-0.008851 15 15 0
0.005780 15 -15 0
-0.005198 16 0 0
0.021140 16 2 0
-0.000463 16 -2 0
0.000580 16 4 0
0.024577 16 -4 0
-0.008086 16 6 0
-0.002174 16 -6 0
0.000565 16 8 0
-0.006197 16 -8 0
0.010303 16 10 0
-0.000506 16 -10 0
0.009780 16 12 0
0.001823 16 -12 0
-0.010536 16 14 0
0.008090 16 -14 0
-0.004493 16 16 0
0.005401 16 -16 0
-0.005321 17 1 0
-0.001838 17 -1 0
0.010222 17 3 0
-0.005859 17 -3 0
0.019464 17 5 0
-0.003521 17 -5 0
-0.019450 17 7 0
0.006759 17 -7 0
0.004232 17 9 0
0.004335 17 -9 0
0.014346 17 11 0
0.005562 17 -11 0
-0.004674 17 13 0
0.006627 17 -13 0
-0.005927 17 15 0
-0.000235 17 -15 0
0.004347 17 17 0
0.001622 17 -17 0
0.000557 18 0 0
0.020797 18 2 0
0.018784 18 -2 0
-0.010797 18 4 0
-0.008497 18 -4 0
-0.022170 18 6 0
-0.035853 18 -6 0
-0.000696 18 8 0
0.001914 18 -8 0
0.008217 18 10 0
0.005722 18 -10 0
0.007829 18 12 0
0.002357 18 -12 0
-0.002562 18 14 0
0.005521 18 -14 0
-0.004343 18 16 0
0.002670 18 -16 0
0.005917 18 18 0
-0.002069 18 -18 0
0.017876 19 1 0
-0.005956 19 -1 0
0.006119 19 3 0
-0.006622 19 -3 0
-0.018384 19 5 0
0.013061 19 -5 0
-0.018743 19 7 0
0.016486 19 -7 0
0.007231 19 9 0
-0.001599 19 -9 0
0.008150 19 11 0
