0.193220 1 1 0
-0.061828 1 -1 0
-0.083354 2 0 0
0.029243 2 2 0
0.046755 2 -2 0
-0.172862 3 1 0
-0.126238 3 -1 0
0.009226 3 3 0
-0.062482 3 -3 0
-0.001129 4 0 0
-0.174862 4 2 0
0.022163 4 -2 0
0.024963 4 4 0
0.000982 4 -4 0
0.138146 5 1 0
0.084265 5 -1 0
-0.062700 5 3 0
0.130206 5 -3 0
0.006524 5 5 0
0.009084 5 -5 0
0.065581 6 0 0
0.205213 6 2 0
-0.053065 6 -2 0
0.044232 6 4 0
0.064077 6 -4 0
0.011276 6 6 0
0.020121 6 -6 0
-0.006657 7 1 0
-0.022553 7 -1 0
0.070076 7 3 0
-0.151145 7 -3 0
0.055361 7 5 0
-0.000372 7 -5 0
0.026552 7 7 0
0.015744 7 -7 0
-0.049545 8 0 0
-0.104620 8 2 0
0.014710 8 -2 0
-0.031532 8 4 0
-0.084566 8 -4 0
0.028242 8 6 0
-0.003433 8 -6 0
-0.017233 8 8 0
0.015137 8 -8 0
-0.043517 9 1 0
-0.058769 9 -1 0
-0.066293 9 3 0
0.119010 9 -3 0
-0.052078 9 5 0
-0.006979 9 -5 0
0.007976 9 7 0
-0.006516 9 -7 0
0.018383 9 9 0
0.018942 9 -9 0
0.017943 10 0 0
0.023467 10 2 0
-0.013043 10 -2 0
0.061245 10 4 0
0.086679 10 -4 0
-0.019240 10 6 0
0.037372 10 -6 0
-0.025885 10 8 0
-0.004139 10 -8 0
-0.010176 10 10 0
-0.053173 10 -10 0
0.049007 11 1 0
0.023810 11 -1 0
0.026207 11 3 0
-0.053246 11 -3 0
0.072797 11 5 0
0.011154 11 -5 0
0.010418 11 7 0
0.033178 11 -7 0
0.003780 11 9 0
0.015195 11 -9 0
0.012238 11 11 0
0.010548 11 -11 0
0.018442 12 0 0
0.033662 12 2 0
-0.008291 12 -2 0
-0.016290 12 4 0
-0.055258 12 -4 0
0.026521 12 6 0
-0.017461 12 -6 0
-0.005754 12 8 0
0.018353 12 -8 0
-0.011773 12 10 0
-0.037276 12 -10 0
0.039191 12 12 0
-0.013937 12 -12 0
-0.004458 13 1 0
-0.024859 13 -1 0
-0.009490 13 3 0
0.017118 13 -3 0
-0.038196 13 5 0
-0.001142 13 -5 0
0.005711 13 7 0
-0.005930 13 -7 0
0.021936 13 9 0
0.019138 13 -9 0
0.007696 13 11 0
0.013784 13 -11 0
0.005319 13 13 0
0.009125 13 -13 0
-0.009527 14 0 0
-0.017440 14 2 0
-0.006428 14 -2 0
0.021821 14 4 0
0.031828 14 -4 0
-0.019292 14 6 0
0.026514 14 -6 0
-0.020258 14 8 0
-0.002728 14 -8 0
0.003956 14 10 0
-0.041262 14 -10 0
0.030554 14 12 0
-0.009984 14 -12 0
0.015086 14 14 0
0.006091 14 -14 0
-0.002493 15 1 0
-0.015701 15 -1 0
-0.009609 15 3 0
0.010412 15 -3 0
0.038400 15 5 0
0.011147 15 -5 0
0.006474 15 7 0
0.026948 15 -7 0
-0.003543 15 9 0
0.013181 15 -9 0
0.002577 15 11 0
0.003328 15 -11 0
0.005858 15 13 0
0.005561 15 -13 0
-0.005055 15 15 0
0.001372 15 -15 0
0.008674 16 0 0
0.012852 16 2 0
-0.000425 16 -2 0
0.002145 16 4 0
-0.007429 16 -4 0
0.013606 16 6 0
-0.013309 16 -6 0
-0.000382 16 8 0
0.007744 16 -8 0
-0.008965 16 10 0
-0.013522 16 -10 0
0.014830 16 12 0
-0.007477 16 -12 0
0.006756 16 14 0
-0.000437 16 -14 0
0.005905 16 16 0
0.000722 16 -16 0
0.011182 17 1 0
0.004928 17 -1 0
0.003847 17 3 0
0.000315 17 -3 0
-0.005229 17 5 0
0.001708 17 -5 0
0.000229 17 7 0
-0.000509 17 -7 0
0.009936 17 9 0
0.009162 17 -9 0
0.002405 17 11 0
0.013829 17 -11 0
0.002307 17 13 0
0.004467 17 -13 0
-0.001449 17 15 0
0.000076 17 -15 0
0.001080 17 17 0
0.001523 17 -17 0
0.002573 18 0 0
0.001992 18 2 0
-0.002870 18 -2 0
0.002717 18 4 0
-0.000530 18 -4 0
-0.012738 18 6 0
0.010099 18 -6 0
-0.010396 18 8 0
-0.003273 18 -8 0
0.003589 18 10 0
-0.015686 18 -10 0
0.013083 18 12 0
-0.001684 18 -12 0
0.003816 18 14 0
0.002372 18 -14 0
0.002090 18 16 0
0.000038 18 -16 0
0.000065 18 18 0
-0.004636 18 -18 0
0.000528 19 1 0
-0.012903 19 -1 0
-0.005293 19 3 0
0.004470 19 -3 0
0.008331 19 5 0
0.006610 19 -5 0
0.002249 19 7 0
0.014257 19 -7 0
-0.002377 19 9 0
0.008922 19 -9 0
-0.001285 19 11 0
