0.203674 1 1 0
-0.170267 1 -1 0
-0.052254 2 0 0
0.031916 2 2 0
0.047816 2 -2 0
-0.183070 3 1 0
-0.099126 3 -1 0
0.025942 3 3 0
-0.039948 3 -3 0
-0.012432 4 0 0
-0.169086 4 2 0
0.029884 4 -2 0
0.011758 4 4 0
-0.005634 4 -4 0
0.120960 5 1 0
0.088813 5 -1 0
-0.059106 5 3 0
0.106035 5 -3 0
0.008242 5 5 0
-0.001246 5 -5 0
0.065164 6 0 0
0.196643 6 2 0
-0.052533 6 -2 0
0.048229 6 4 0
0.063574 6 -4 0
0.003830 6 6 0
0.024694 6 -6 0
-0.011299 7 1 0
-0.012569 7 -1 0
0.071684 7 3 0
-0.147033 7 -3 0
0.051127 7 5 0
0.004268 7 -5 0
0.020954 7 7 0
0.009642 7 -7 0
-0.053544 8 0 0
-0.100975 8 2 0
0.010168 8 -2 0
-0.034891 8 4 0
-0.086795 8 -4 0
0.027867 8 6 0
0.000790 8 -6 0
-0.006301 8 8 0
0.009400 8 -8 0
-0.050652 9 1 0
-0.052538 9 -1 0
-0.061726 9 3 0
0.121626 9 -3 0
-0.054802 9 5 0
-0.009580 9 -5 0
0.006583 9 7 0
-0.011099 9 -7 0
0.013604 9 9 0
0.027522 9 -9 0
0.015551 10 0 0
0.020753 10 2 0
-0.009773 10 -2 0
0.058524 10 4 0
0.083891 10 -4 0
-0.021161 10 6 0
0.043053 10 -6 0
-0.019167 10 8 0
-0.013419 10 -8 0
-0.009009 10 10 0
-0.045894 10 -10 0
0.038788 11 1 0
0.032143 11 -1 0
0.033521 11 3 0
-0.055519 11 -3 0
0.070174 11 5 0
0.012643 11 -5 0
0.008413 11 7 0
0.027624 11 -7 0
0.000907 11 9 0
0.021417 11 -9 0
0.013093 11 11 0
0.017720 11 -11 0
0.013914 12 0 0
0.031848 12 2 0
-0.007959 12 -2 0
-0.018550 12 4 0
-0.058189 12 -4 0
0.023477 12 6 0
-0.010913 12 -6 0
-0.000349 12 8 0
0.014758 12 -8 0
-0.013621 12 10 0
-0.030388 12 -10 0
0.023109 12 12 0
-0.020216 12 -12 0
-0.009890 13 1 0
-0.018119 13 -1 0
-0.004198 13 3 0
0.018034 13 -3 0
-0.041319 13 5 0
-0.002569 13 -5 0
0.005082 13 7 0
-0.011004 13 -7 0
0.020067 13 9 0
0.021545 13 -9 0
0.015942 13 11 0
0.017227 13 -11 0
0.005984 13 13 0
0.007785 13 -13 0
-0.012048 14 0 0
-0.016878 14 2 0
-0.007145 14 -2 0
0.020359 14 4 0
0.026595 14 -4 0
-0.019507 14 6 0
0.029356 14 -6 0
-0.014974 14 8 0
-0.010030 14 -8 0
0.003998 14 10 0
-0.032256 14 -10 0
0.021249 14 12 0
-0.014004 14 -12 0
0.021135 14 14 0
0.011081 14 -14 0
-0.009076 15 1 0
-0.011202 15 -1 0
-0.004673 15 3 0
0.010627 15 -3 0
0.035355 15 5 0
0.013150 15 -5 0
0.004492 15 7 0
0.024202 15 -7 0
-0.007076 15 9 0
0.014638 15 -9 0
0.004872 15 11 0
0.006746 15 -11 0
0.004783 15 13 0
0.003776 15 -13 0
-0.007178 15 15 0
0.001499 15 -15 0
0.006518 16 0 0
0.011201 16 2 0
-0.000805 16 -2 0
-0.001560 16 4 0
-0.010108 16 -4 0
0.009836 16 6 0
-0.010122 16 -6 0
0.002304 16 8 0
0.005810 16 -8 0
-0.008348 16 10 0
-0.009945 16 -10 0
0.009720 16 12 0
-0.010757 16 -12 0
0.010062 16 14 0
0.000362 16 -14 0
0.010130 16 16 0
-0.002307 16 -16 0
0.007425 17 1 0
0.009846 17 -1 0
0.007157 17 3 0
0.000953 17 -3 0
-0.005896 17 5 0
0.002762 17 -5 0
0.001781 17 7 0
-0.002370 17 -7 0
0.010213 17 9 0
0.010042 17 -9 0
0.004044 17 11 0
0.015191 17 -11 0
0.001618 17 13 0
0.005499 17 -13 0
-0.000074 17 15 0
0.000159 17 -15 0
-0.002498 17 17 0
0.004909 17 -17 0
0.002174 18 0 0
0.001188 18 2 0
-0.004351 18 -2 0
0.002447 18 4 0
-0.002687 18 -4 0
-0.012591 18 6 0
0.009069 18 -6 0
-0.009664 18 8 0
-0.005002 18 -8 0
0.005327 18 10 0
-0.013844 18 -10 0
0.010417 18 12 0
-0.003368 18 -12 0
0.005376 18 14 0
0.001771 18 -14 0
0.003682 18 16 0
-0.000887 18 -16 0
0.002139 18 18 0
-0.004843 18 -18 0
-0.000568 19 1 0
-0.010480 19 -1 0
-0.004746 19 3 0
0.005114 19 -3 0
0.007359 19 5 0
0.006663 19 -5 0
0.001034 19 7 0
0.013222 19 -7 0
-0.003271 19 9 0
0.009938 19 -9 0
-0.000256 19 11 0
