0.272606 1 1 0
-0.143655 1 -1 0
-0.055701 2 0 0
-0.006690 2 2 0
0.018719 2 -2 0
-0.181936 3 1 0
-0.093413 3 -1 0
0.032507 3 3 0
-0.041824 3 -3 0
-0.012105 4 0 0
-0.155087 4 2 0
0.037139 4 -2 0
0.009806 4 4 0
0.009639 4 -4 0
0.123433 5 1 0
0.073905 5 -1 0
-0.050837 5 3 0
0.114655 5 -3 0
0.014224 5 5 0
-0.000408 5 -5 0
0.065859 6 0 0
0.202968 6 2 0
-0.057424 6 -2 0
0.060759 6 4 0
0.057946 6 -4 0
0.021236 6 6 0
0.032689 6 -6 0
-0.005366 7 1 0
-0.017590 7 -1 0
0.061155 7 3 0
-0.149742 7 -3 0
0.063323 7 5 0
0.000945 7 -5 0
0.027749 7 7 0
0.013284 7 -7 0
-0.051857 8 0 0
-0.094591 8 2 0
0.009814 8 -2 0
-0.028580 8 4 0
-0.085327 8 -4 0
0.032655 8 6 0
-0.003096 8 -6 0
-0.018154 8 8 0
0.017001 8 -8 0
-0.046238 9 1 0
-0.059460 9 -1 0
-0.060084 9 3 0
0.118697 9 -3 0
-0.045330 9 5 0
-0.007301 9 -5 0
0.016246 9 7 0
-0.009038 9 -7 0
0.026698 9 9 0
0.026513 9 -9 0
0.018401 10 0 0
0.027141 10 2 0
-0.013256 10 -2 0
0.064857 10 4 0
0.087796 10 -4 0
-0.017698 10 6 0
0.043477 10 -6 0
-0.024715 10 8 0
-0.005563 10 -8 0
-0.004345 10 10 0
-0.059329 10 -10 0
0.045374 11 1 0
0.025374 11 -1 0
0.029822 11 3 0
-0.054593 11 -3 0
0.080937 11 5 0
0.011581 11 -5 0
0.015648 11 7 0
0.032776 11 -7 0
0.007123 11 9 0
0.022495 11 -9 0
0.013662 11 11 0
0.015907 11 -11 0
0.016096 12 0 0
0.036126 12 2 0
-0.010200 12 -2 0
-0.013364 12 4 0
-0.056008 12 -4 0
0.029660 12 6 0
-0.010792 12 -6 0
-0.005258 12 8 0
0.018933 12 -8 0
-0.005646 12 10 0
-0.045528 12 -10 0
0.047803 12 12 0
-0.019267 12 -12 0
-0.004343 13 1 0
-0.024277 13 -1 0
-0.005312 13 3 0
0.017875 13 -3 0
-0.033134 13 5 0
-0.004714 13 -5 0
0.009227 13 7 0
-0.004996 13 -7 0
0.026777 13 9 0
0.021605 13 -9 0
0.013190 13 11 0
0.017093 13 -11 0
0.009751 13 13 0
0.012765 13 -13 0
-0.010056 14 0 0
-0.014710 14 2 0
-0.007490 14 -2 0
0.024970 14 4 0
0.030113 14 -4 0
-0.016075 14 6 0
0.028810 14 -6 0
-0.019299 14 8 0
-0.004515 14 -8 0
0.006554 14 10 0
-0.042887 14 -10 0
0.037929 14 12 0
-0.013725 14 -12 0
0.023310 14 14 0
0.004727 14 -14 0
-0.004871 15 1 0
-0.015062 15 -1 0
-0.006338 15 3 0
0.009770 15 -3 0
0.040600 15 5 0
0.013124 15 -5 0
0.007255 15 7 0
0.027637 15 -7 0
-0.000495 15 9 0
0.015377 15 -9 0
0.004507 15 11 0
0.005494 15 -11 0
0.007478 15 13 0
0.006425 15 -13 0
0.000608 15 15 0
0.004383 15 -15 0
0.007722 16 0 0
0.013062 16 2 0
-0.000690 16 -2 0
0.000657 16 4 0
-0.007729 16 -4 0
0.013845 16 6 0
-0.011011 16 -6 0
-0.000687 16 8 0
0.009222 16 -8 0
-0.006929 16 10 0
-0.017323 16 -10 0
0.019390 16 12 0
-0.009719 16 -12 0
0.013249 16 14 0
-0.001915 16 -14 0
0.006665 16 16 0
-0.001541 16 -16 0
0.010608 17 1 0
0.005241 17 -1 0
0.006583 17 3 0
0.001183 17 -3 0
-0.002744 17 5 0
0.002526 17 -5 0
0.003082 17 7 0
0.001280 17 -7 0
0.011702 17 9 0
0.011530 17 -9 0
0.002931 17 11 0
0.014921 17 -11 0
0.002547 17 13 0
0.004655 17 -13 0
-0.000789 17 15 0
0.001209 17 -15 0
0.007428 17 17 0
0.001691 17 -17 0
0.002284 18 0 0
0.002510 18 2 0
-0.003609 18 -2 0
0.003267 18 4 0
-0.001533 18 -4 0
-0.011008 18 6 0
0.009725 18 -6 0
-0.011028 18 8 0
-0.003581 18 -8 0
0.005052 18 10 0
-0.016641 18 -10 0
0.015246 18 12 0
-0.001757 18 -12 0
0.006667 18 14 0
0.002467 18 -14 0
0.004660 18 16 0
-0.000440 18 -16 0
-0.001156 18 18 0
-0.005079 18 -18 0
0.000238 19 1 0
-0.011930 19 -1 0
-0.003008 19 3 0
0.004894 19 -3 0
0.009778 19 5 0
0.005629 19 -5 0
-0.000056 19 7 0
0.015294 19 -7 0
-0.002215 19 9 0
0.010788 19 -9 0
0.000977 19 11 0
