0.092250 1 1 0
0.145029 1 -1 0
-0.036038 2 0 0
0.127504 2 2 0
0.025435 2 -2 0
-0.118041 3 1 0
-0.158149 3 -1 0
0.133755 3 3 0
-0.007181 3 -3 0
-0.130104 4 0 0
-0.242162 4 2 0
-0.124670 4 -2 0
0.116436 4 4 0
-0.058634 4 -4 0
-0.065589 5 1 0
-0.088310 5 -1 0
-0.262884 5 3 0
0.003032 5 -3 0
0.069168 5 5 0
-0.063695 5 -5 0
0.018526 6 0 0
0.011490 6 2 0
-0.008864 6 -2 0
-0.195167 6 4 0
0.153243 6 -4 0
-0.004803 6 6 0
-0.079043 6 -6 0
0.074312 7 1 0
0.133900 7 -1 0
0.137524 7 3 0
-0.007908 7 -3 0
-0.048412 7 5 0
0.173261 7 -5 0
-0.060842 7 7 0
-0.062489 7 -7 0
0.031738 8 0 0
0.096863 8 2 0
0.044616 8 -2 0
0.143815 8 4 0
-0.076975 8 -4 0
0.008255 8 6 0
0.157378 8 -6 0
-0.063923 8 8 0
-0.004418 8 -8 0
-0.001401 9 1 0
0.019166 9 -1 0
0.059319 9 3 0
-0.009722 9 -3 0
0.083832 9 5 0
-0.118797 9 -5 0
0.046148 9 7 0
0.090599 9 -7 0
-0.066953 9 9 0
-0.027326 9 -9 0
-0.035093 10 0 0
-0.049305 10 2 0
-0.017548 10 -2 0
-0.012755 10 4 0
0.027665 10 -4 0
-0.005540 10 6 0
-0.101821 10 -6 0
0.049677 10 8 0
0.029339 10 -8 0
-0.017670 10 10 0
0.034497 10 -10 0
-0.024266 11 1 0
-0.009073 11 -1 0
-0.029262 11 3 0
0.013935 11 -3 0
0.005339 11 5 0
0.067690 11 -5 0
-0.056450 11 7 0
-0.063487 11 -7 0
0.024198 11 9 0
-0.036499 11 -9 0
0.008662 11 11 0
-0.013975 11 -11 0
-0.008415 12 0 0
-0.011135 12 2 0
-0.000733 12 -2 0
-0.004312 12 4 0
0.039285 12 -4 0
0.005301 12 6 0
0.080395 12 -6 0
-0.057407 12 8 0
-0.017872 12 -8 0
0.012726 12 10 0
-0.015956 12 -10 0
0.035848 12 12 0
-0.014414 12 -12 0
0.012060 13 1 0
0.029676 13 -1 0
0.026069 13 3 0
-0.005716 13 -3 0
0.023210 13 5 0
0.019541 13 -5 0
0.026338 13 7 0
0.053449 13 -7 0
-0.052588 13 9 0
-0.018750 13 -9 0
0.001574 13 11 0
-0.044291 13 -11 0
-0.000916 13 13 0
0.029409 13 -13 0
0.008230 14 0 0
0.016446 14 2 0
0.009067 14 -2 0
0.012616 14 4 0
-0.005448 14 -4 0
0.003607 14 6 0
0.001453 14 -6 0
0.032229 14 8 0
0.028986 14 -8 0
-0.028835 14 10 0
0.025252 14 -10 0
0.007017 14 12 0
-0.032335 14 -12 0
0.042110 14 14 0
0.001325 14 -14 0
0.006910 15 1 0
0.021734 15 -1 0
0.022919 15 3 0
-0.001216 15 -3 0
0.012859 15 5 0
-0.001140 15 -5 0
-0.013597 15 7 0
-0.010241 15 -7 0
0.020618 15 9 0
-0.008540 15 -9 0
-0.003980 15 11 0
0.002741 15 -11 0
-0.017249 15 13 0
0.016934 15 -13 0
-0.028866 15 15 0
0.003144 15 -15 0
0.000860 16 0 0
-0.004465 16 2 0
0.010259 16 -2 0
0.008030 16 4 0
0.009984 16 -4 0
-0.004063 16 6 0
0.006544 16 -6 0
-0.016839 16 8 0
-0.000345 16 -8 0
0.011057 16 10 0
-0.001712 16 -10 0
0.015998 16 12 0
0.006251 16 -12 0
0.014481 16 14 0
0.008806 16 -14 0
0.002140 16 16 0
0.015896 16 -16 0
-0.004122 17 1 0
0.007075 17 -1 0
0.003870 17 3 0
0.007311 17 -3 0
0.013614 17 5 0
0.011501 17 -5 0
0.000484 17 7 0
0.008929 17 -7 0
-0.016251 17 9 0
-0.004032 17 -9 0
0.006488 17 11 0
-0.018145 17 -11 0
0.010773 17 13 0
0.017705 17 -13 0
-0.020432 17 15 0
0.009313 17 -15 0
-0.009089 17 17 0
-0.010318 17 -17 0
-0.002323 18 0 0
-0.003275 18 2 0
0.003230 18 -2 0
-0.000847 18 4 0
0.011417 18 -4 0
0.005568 18 6 0
0.009902 18 -6 0
0.003859 18 8 0
0.011242 18 -8 0
-0.011647 18 10 0
0.007953 18 -10 0
0.004577 18 12 0
-0.014833 18 -12 0
0.020978 18 14 0
0.003126 18 -14 0
-0.001222 18 16 0
0.018220 18 -16 0
-0.007445 18 18 0
0.000152 18 -18 0
0.002441 19 1 0
0.001350 19 -1 0
0.002896 19 3 0
-0.002809 19 -3 0
0.005331 19 5 0
0.006840 19 -5 0
0.003633 19 7 0
0.001601 19 -7 0
0.006778 19 9 0
0.000204 19 -9 0
-0.005129 19 11 0
