0.095996 1 1 0
0.130907 1 -1 0
-0.017723 2 0 0
0.129338 2 2 0
0.041178 2 -2 0
-0.113530 3 1 0
-0.170432 3 -1 0
0.143596 3 3 0
-0.002451 3 -3 0
-0.133392 4 0 0
-0.237141 4 2 0
-0.125114 4 -2 0
0.117438 4 4 0
-0.063826 4 -4 0
-0.066483 5 1 0
-0.099144 5 -1 0
-0.281450 5 3 0
0.004493 5 -3 0
0.067335 5 5 0
-0.081248 5 -5 0
0.021947 6 0 0
0.010939 6 2 0
-0.004450 6 -2 0
-0.201332 6 4 0
0.150531 6 -4 0
-0.003236 6 6 0
-0.078807 6 -6 0
0.068217 7 1 0
0.125774 7 -1 0
0.129330 7 3 0
-0.007372 7 -3 0
-0.067599 7 5 0
0.177982 7 -5 0
-0.052560 7 7 0
-0.058150 7 -7 0
0.035798 8 0 0
0.101028 8 2 0
0.046644 8 -2 0
0.141602 8 4 0
-0.076232 8 -4 0
0.008487 8 6 0
0.153286 8 -6 0
-0.061391 8 8 0
-0.008311 8 -8 0
-0.002441 9 1 0
0.012799 9 -1 0
0.045889 9 3 0
-0.006656 9 -3 0
0.074898 9 5 0
-0.116572 9 -5 0
0.047427 9 7 0
0.096190 9 -7 0
-0.055529 9 9 0
-0.010822 9 -9 0
-0.031647 10 0 0
-0.049353 10 2 0
-0.015112 10 -2 0
-0.015840 10 4 0
0.029366 10 -4 0
-0.006494 10 6 0
-0.098870 10 -6 0
0.052521 10 8 0
0.028289 10 -8 0
-0.015280 10 10 0
0.025009 10 -10 0
-0.026518 11 1 0
-0.015628 11 -1 0
-0.037477 11 3 0
0.021658 11 -3 0
-0.006412 11 5 0
0.070770 11 -5 0
-0.053258 11 7 0
-0.055504 11 -7 0
0.034948 11 9 0
-0.027401 11 -9 0
0.013718 11 11 0
-0.019222 11 -11 0
-0.003750 12 0 0
-0.011334 12 2 0
0.002277 12 -2 0
-0.008628 12 4 0
0.038116 12 -4 0
0.007920 12 6 0
0.080121 12 -6 0
-0.055075 12 8 0
-0.017009 12 -8 0
0.019712 12 10 0
-0.021820 12 -10 0
0.026496 12 12 0
-0.020545 12 -12 0
0.012669 13 1 0
0.029418 13 -1 0
0.020848 13 3 0
-0.000442 13 -3 0
0.016027 13 5 0
0.024684 13 -5 0
0.028719 13 7 0
0.060659 13 -7 0
-0.043195 13 9 0
-0.009877 13 -9 0
0.007145 13 11 0
-0.048705 13 -11 0
0.012241 13 13 0
0.019227 13 -13 0
0.010230 14 0 0
0.017964 14 2 0
0.011897 14 -2 0
0.008213 14 4 0
-0.005561 14 -4 0
0.005912 14 6 0
0.003018 14 -6 0
0.034584 14 8 0
0.029934 14 -8 0
-0.023569 14 10 0
0.019872 14 -10 0
-0.000146 14 12 0
-0.033098 14 -12 0
0.029019 14 14 0
-0.010223 14 -14 0
0.005502 15 1 0
0.020946 15 -1 0
0.019159 15 3 0
0.004465 15 -3 0
0.008808 15 5 0
0.002041 15 -5 0
-0.010568 15 7 0
-0.003159 15 -7 0
0.029101 15 9 0
-0.001646 15 -9 0
-0.001893 15 11 0
0.002772 15 -11 0
-0.010047 15 13 0
0.010918 15 -13 0
-0.028138 15 15 0
0.002427 15 -15 0
0.002563 16 0 0
-0.004375 16 2 0
0.012086 16 -2 0
0.005680 16 4 0
0.010742 16 -4 0
-0.003578 16 6 0
0.005706 16 -6 0
-0.015570 16 8 0
0.000676 16 -8 0
0.013749 16 10 0
-0.004428 16 -10 0
0.013805 16 12 0
0.004523 16 -12 0
0.006298 16 14 0
0.002055 16 -14 0
-0.007503 16 16 0
0.010961 16 -16 0
-0.002957 17 1 0
0.007545 17 -1 0
0.002749 17 3 0
0.011823 17 -3 0
0.009509 17 5 0
0.015465 17 -5 0
0.001776 17 7 0
0.013229 17 -7 0
-0.011024 17 9 0
-0.000006 17 -9 0
0.009772 17 11 0
-0.018437 17 -11 0
0.013568 17 13 0
0.015116 17 -13 0
-0.019594 17 15 0
0.011206 17 -15 0
-0.011099 17 17 0
-0.012444 17 -17 0
-0.000321 18 0 0
-0.003071 18 2 0
0.004541 18 -2 0
-0.002552 18 4 0
0.010793 18 -4 0
0.007268 18 6 0
0.011304 18 -6 0
0.004375 18 8 0
0.011811 18 -8 0
-0.010610 18 10 0
0.007581 18 -10 0
0.003885 18 12 0
-0.014812 18 -12 0
0.019462 18 14 0
-0.000553 18 -14 0
-0.004292 18 16 0
0.015431 18 -16 0
-0.009031 18 18 0
-0.000991 18 -18 0
0.002813 19 1 0
0.004168 19 -1 0
0.003172 19 3 0
-0.000875 19 -3 0
0.004169 19 5 0
0.008688 19 -5 0
0.005458 19 7 0
0.004603 19 -7 0
0.011251 19 9 0
0.001455 19 -9 0
-0.002476 19 11 0
