0.011055 1 1 0
0.130641 1 -1 0
-0.018393 2 0 0
0.128712 2 2 0
0.063777 2 -2 0
-0.103160 3 1 0
-0.180397 3 -1 0
0.150511 3 3 0
0.007137 3 -3 0
-0.129254 4 0 0
-0.240892 4 2 0
-0.111423 4 -2 0
0.106002 4 4 0
-0.058695 4 -4 0
-0.064818 5 1 0
-0.085545 5 -1 0
-0.290362 5 3 0
0.007303 5 -3 0
0.059636 5 5 0
-0.089602 5 -5 0
0.030977 6 0 0
0.012762 6 2 0
-0.002704 6 -2 0
-0.202770 6 4 0
0.147658 6 -4 0
-0.002705 6 6 0
-0.095874 6 -6 0
0.073862 7 1 0
0.129500 7 -1 0
0.128257 7 3 0
-0.005295 7 -3 0
-0.060040 7 5 0
0.174272 7 -5 0
-0.054151 7 7 0
-0.055479 7 -7 0
0.041307 8 0 0
0.104297 8 2 0
0.056176 8 -2 0
0.143086 8 4 0
-0.071467 8 -4 0
0.006800 8 6 0
0.138027 8 -6 0
-0.052786 8 8 0
-0.015754 8 -8 0
0.000454 9 1 0
0.019804 9 -1 0
0.036312 9 3 0
-0.001077 9 -3 0
0.075075 9 5 0
-0.118161 9 -5 0
0.046136 9 7 0
0.095104 9 -7 0
-0.048949 9 9 0
-0.030878 9 -9 0
-0.025403 10 0 0
-0.046424 10 2 0
-0.010964 10 -2 0
-0.014773 10 4 0
0.027600 10 -4 0
-0.008124 10 6 0
-0.116970 10 -6 0
0.058654 10 8 0
0.022213 10 -8 0
-0.021622 10 10 0
0.038987 10 -10 0
-0.023517 11 1 0
-0.008329 11 -1 0
-0.038731 11 3 0
0.024004 11 -3 0
-0.001301 11 5 0
0.066847 11 -5 0
-0.051098 11 7 0
-0.053675 11 -7 0
0.036404 11 9 0
-0.041647 11 -9 0
0.028398 11 11 0
-0.021743 11 -11 0
-0.000262 12 0 0
-0.009756 12 2 0
0.007237 12 -2 0
-0.008411 12 4 0
0.039358 12 -4 0
0.005391 12 6 0
0.066781 12 -6 0
-0.050570 12 8 0
-0.025927 12 -8 0
0.014329 12 10 0
-0.011978 12 -10 0
0.015254 12 12 0
-0.021983 12 -12 0
0.015353 13 1 0
0.032943 13 -1 0
0.013765 13 3 0
0.002282 13 -3 0
0.015821 13 5 0
0.020290 13 -5 0
0.027735 13 7 0
0.060700 13 -7 0
-0.042982 13 9 0
-0.021097 13 -9 0
0.019391 13 11 0
-0.051338 13 -11 0
0.013693 13 13 0
0.024105 13 -13 0
0.013442 14 0 0
0.019322 14 2 0
0.013379 14 -2 0
0.007900 14 4 0
-0.007025 14 -4 0
0.004817 14 6 0
-0.007870 14 -6 0
0.038550 14 8 0
0.024938 14 -8 0
-0.026005 14 10 0
0.025922 14 -10 0
-0.009704 14 12 0
-0.033209 14 -12 0
0.035844 14 14 0
-0.018662 14 -14 0
0.007534 15 1 0
0.025577 15 -1 0
0.015462 15 3 0
0.007562 15 -3 0
0.009689 15 5 0
-0.000479 15 -5 0
-0.008923 15 7 0
-0.002542 15 -7 0
0.028726 15 9 0
-0.010984 15 -9 0
0.003050 15 11 0
0.002523 15 -11 0
-0.011498 15 13 0
0.014861 15 -13 0
-0.031316 15 15 0
0.007655 15 -15 0
0.004659 16 0 0
-0.003877 16 2 0
0.011263 16 -2 0
0.005478 16 4 0
0.010526 16 -4 0
-0.004625 16 6 0
-0.000706 16 -6 0
-0.014327 16 8 0
-0.004094 16 -8 0
0.012385 16 10 0
-0.001338 16 -10 0
0.009021 16 12 0
0.004268 16 -12 0
0.010055 16 14 0
-0.003401 16 -14 0
-0.000109 16 16 0
0.009036 16 -16 0
-0.002066 17 1 0
0.009267 17 -1 0
0.000292 17 3 0
0.012397 17 -3 0
0.009472 17 5 0
0.013194 17 -5 0
0.003035 17 7 0
0.013918 17 -7 0
-0.012104 17 9 0
-0.004211 17 -9 0
0.011914 17 11 0
-0.018827 17 -11 0
0.013304 17 13 0
0.015536 17 -13 0
-0.019625 17 15 0
0.011258 17 -15 0
-0.011074 17 17 0
-0.011005 17 -17 0
0.000377 18 0 0
-0.002894 18 2 0
0.003872 18 -2 0
-0.002283 18 4 0
0.009669 18 -4 0
0.004872 18 6 0
0.006481 18 -6 0
0.004672 18 8 0
0.009311 18 -8 0
-0.010580 18 10 0
0.008342 18 -10 0
0.000888 18 12 0
-0.015345 18 -12 0
0.020931 18 14 0
-0.001169 18 -14 0
-0.002114 18 16 0
0.014853 18 -16 0
-0.005995 18 18 0
0.002379 18 -18 0
0.003762 19 1 0
0.003734 19 -1 0
0.001446 19 3 0
-0.000670 19 -3 0
0.003892 19 5 0
0.006264 19 -5 0
0.004598 19 7 0
0.005390 19 -7 0
0.011020 19 9 0
0.000656 19 -9 0
-0.002253 19 11 0
