0.021636 1 1 0
-0.021796 1 -1 0
0.044731 2 0 0
0.006687 2 2 0
0.020382 2 -2 0
0.007632 3 1 0
0.054890 3 -1 0
0.011139 3 3 0
-0.008135 3 -3 0
-0.045790 4 0 0
0.032882 4 2 0
0.027315 4 -2 0
0.003591 4 4 0
0.000713 4 -4 0
-0.023374 5 1 0
-0.111492 5 -1 0
-0.002731 5 3 0
0.011636 5 -3 0
0.012902 5 5 0
0.006499 5 -5 0
0.018479 6 0 0
-0.024153 6 2 0
-0.067843 6 -2 0
-0.001023 6 4 0
0.001979 6 -4 0
-0.009753 6 6 0
-0.006500 6 -6 0
0.015312 7 1 0
0.099159 7 -1 0
-0.014753 7 3 0
-0.029379 7 -3 0
0.005711 7 5 0
-0.005437 7 -5 0
0.008720 7 7 0
-0.003453 7 -7 0
0.002107 8 0 0
0.033562 8 2 0
0.067195 8 -2 0
-0.003451 8 4 0
-0.008897 8 -4 0
-0.004814 8 6 0
-0.005379 8 -6 0
-0.003215 8 8 0
-0.005876 8 -8 0
-0.019010 9 1 0
-0.063722 9 -1 0
0.020969 9 3 0
0.037750 9 -3 0
0.002430 9 5 0
0.006405 9 -5 0
0.004707 9 7 0
-0.001884 9 -7 0
-0.004519 9 9 0
-0.004323 9 -9 0
-0.018280 10 0 0
-0.013633 10 2 0
-0.057248 10 -2 0
0.009594 10 4 0
0.016947 10 -4 0
-0.010566 10 6 0
-0.000892 10 -6 0
0.001473 10 8 0
-0.000880 10 -8 0
0.004472 10 10 0
0.002083 10 -10 0
-0.004356 11 1 0
0.022314 11 -1 0
-0.014726 11 3 0
-0.033846 11 -3 0
0.008767 11 5 0
0.006433 11 -5 0
0.007755 11 7 0
0.004263 11 -7 0
-0.008881 11 9 0
-0.007610 11 -9 0
-0.000329 11 11 0
-0.003051 11 -11 0
0.012957 12 0 0
0.020473 12 2 0
0.024798 12 -2 0
-0.006792 12 4 0
-0.017544 12 -4 0
-0.004581 12 6 0
-0.007382 12 -6 0
0.002207 12 8 0
-0.000741 12 -8 0
0.005033 12 10 0
0.003045 12 -10 0
-0.000198 12 12 0
0.008791 12 -12 0
-0.003632 13 1 0
-0.005842 13 -1 0
0.013387 13 3 0
0.022263 13 -3 0
-0.001292 13 5 0
-0.002490 13 -5 0
0.003463 13 7 0
-0.004713 13 -7 0
-0.006601 13 9 0
-0.003701 13 -9 0
-0.000552 13 11 0
-0.006053 13 -11 0
0.001127 13 13 0
-0.001550 13 -13 0
-0.012573 14 0 0
-0.000020 14 2 0
-0.017928 14 -2 0
0.008699 14 4 0
0.016117 14 -4 0
-0.009506 14 6 0
-0.002335 14 -6 0
0.000575 14 8 0
-0.004912 14 -8 0
0.005646 14 10 0
0.003102 14 -10 0
0.002300 14 12 0
0.003828 14 -12 0
-0.005696 14 14 0
0.000388 14 -14 0
-0.009886 15 1 0
-0.006800 15 -1 0
-0.005993 15 3 0
-0.012504 15 -3 0
0.008931 15 5 0
0.010340 15 -5 0
0.006179 15 7 0
0.003848 15 -7 0
-0.006927 15 9 0
-0.005179 15 -9 0
0.002556 15 11 0
0.000499 15 -11 0
-0.000376 15 13 0
-0.000917 15 -13 0
0.006919 15 15 0
-0.001083 15 -15 0
0.004068 16 0 0
0.006621 16 2 0
0.000841 16 -2 0
-0.005046 16 4 0
-0.009089 16 -4 0
-0.002027 16 6 0
-0.001504 16 -6 0
0.000731 16 8 0
0.000364 16 -8 0
0.003262 16 10 0
-0.000665 16 -10 0
0.002158 16 12 0
0.003743 16 -12 0
-0.004239 16 14 0
0.000332 16 -14 0
-0.000766 16 16 0
-0.000030 16 -16 0
0.001780 17 1 0
0.001262 17 -1 0
0.006119 17 3 0
0.003634 17 -3 0
-0.000960 17 5 0
-0.003612 17 -5 0
0.002843 17 7 0
-0.003941 17 -7 0
-0.000985 17 9 0
0.000474 17 -9 0
0.001988 17 11 0
-0.002593 17 -11 0
0.001780 17 13 0
0.003677 17 -13 0
0.002237 17 15 0
-0.003394 17 -15 0
-0.001773 17 17 0
0.000901 17 -17 0
-0.002652 18 0 0
0.004393 18 2 0
-0.002427 18 -2 0
0.006288 18 4 0
0.007006 18 -4 0
-0.006357 18 6 0
-0.004200 18 -6 0
-0.000830 18 8 0
-0.003208 18 -8 0
0.001521 18 10 0
0.002418 18 -10 0
0.001425 18 12 0
0.001865 18 -12 0
-0.002107 18 14 0
0.000957 18 -14 0
0.000276 18 16 0
0.000078 18 -16 0
-0.000134 18 18 0
-0.000772 18 -18 0
-0.005757 19 1 0
-0.003807 19 -1 0
-0.002874 19 3 0
-0.003145 19 -3 0
0.004065 19 5 0
0.003179 19 -5 0
0.000961 19 7 0
0.001755 19 -7 0
-0.002533 19 9 0
-0.003345 19 -9 0
0.000345 19 11 0
