0.273487 1 1 0
-0.095048 1 -1 0
-0.144510 2 0 0
0.072784 2 2 0
0.051091 2 -2 0
-0.337127 3 1 0
-0.249671 3 -1 0
0.024631 3 3 0
-0.056890 3 -3 0
-0.016182 4 0 0
-0.332945 4 2 0
0.057677 4 -2 0
0.008657 4 4 0
-0.025081 4 -4 0
0.251523 5 1 0
0.168516 5 -1 0
-0.111567 5 3 0
0.224701 5 -3 0
0.002818 5 5 0
0.009266 5 -5 0
0.144616 6 0 0
0.383612 6 2 0
-0.099017 6 -2 0
0.096332 6 4 0
0.142889 6 -4 0
0.014057 6 6 0
0.037831 6 -6 0
-0.021547 7 1 0
-0.033834 7 -1 0
0.138341 7 3 0
-0.295533 7 -3 0
0.103717 7 5 0
0.002259 7 -5 0
0.023342 7 7 0
0.009832 7 -7 0
-0.107405 8 0 0
-0.205141 8 2 0
0.026489 8 -2 0
-0.083320 8 4 0
-0.178490 8 -4 0
0.051382 8 6 0
-0.004740 8 -6 0
-0.023050 8 8 0
0.017803 8 -8 0
-0.097140 9 1 0
-0.110475 9 -1 0
-0.116801 9 3 0
0.231590 9 -3 0
-0.105929 9 5 0
-0.019734 9 -5 0
0.012306 9 7 0
-0.022564 9 -7 0
0.025824 9 9 0
0.040933 9 -9 0
0.038836 10 0 0
0.038664 10 2 0
-0.018978 10 -2 0
0.114243 10 4 0
0.171893 10 -4 0
-0.039532 10 6 0
0.075122 10 -6 0
-0.039509 10 8 0
-0.022361 10 -8 0
-0.012325 10 10 0
-0.076649 10 -10 0
0.084576 11 1 0
0.058860 11 -1 0
0.060392 11 3 0
-0.105395 11 -3 0
0.135192 11 5 0
0.019831 11 -5 0
0.011528 11 7 0
0.052032 11 -7 0
0.002211 11 9 0
0.034912 11 -9 0
0.013620 11 11 0
0.027161 11 -11 0
0.030330 12 0 0
0.061141 12 2 0
-0.016807 12 -2 0
-0.040774 12 4 0
-0.111473 12 -4 0
0.048398 12 6 0
-0.026661 12 -6 0
0.000370 12 8 0
0.027126 12 -8 0
-0.023702 12 10 0
-0.049929 12 -10 0
0.038681 12 12 0
-0.021407 12 -12 0
-0.016809 13 1 0
-0.038250 13 -1 0
-0.011240 13 3 0
0.031718 13 -3 0
-0.077494 13 5 0
-0.007448 13 -5 0
0.005573 13 7 0
-0.021060 13 -7 0
0.038487 13 9 0
0.035140 13 -9 0
0.010063 13 11 0
0.033704 13 -11 0
-0.004079 13 13 0
-0.004550 13 -13 0
-0.019150 14 0 0
-0.036853 14 2 0
-0.011420 14 -2 0
0.037404 14 4 0
0.057398 14 -4 0
-0.035215 14 6 0
0.054607 14 -6 0
-0.034287 14 8 0
-0.016254 14 -8 0
0.006596 14 10 0
-0.059760 14 -10 0
0.035434 14 12 0
-0.012879 14 -12 0
0.026820 14 14 0
0.014127 14 -14 0
-0.014151 15 1 0
-0.017913 15 -1 0
-0.010575 15 3 0
0.020890 15 -3 0
0.066854 15 5 0
0.020753 15 -5 0
0.007734 15 7 0
0.048607 15 -7 0
-0.012835 15 9 0
0.027487 15 -9 0
0.000571 15 11 0
0.009696 15 -11 0
0.001039 15 13 0
-0.001374 15 -13 0
-0.005217 15 15 0
-0.005178 15 -15 0
0.014144 16 0 0
0.021905 16 2 0
-0.001421 16 -2 0
-0.000898 16 4 0
-0.014923 16 -4 0
0.022830 16 6 0
-0.018395 16 -6 0
0.007188 16 8 0
0.011896 16 -8 0
-0.016337 16 10 0
-0.015000 16 -10 0
0.014739 16 12 0
-0.011677 16 -12 0
0.017679 16 14 0
0.003288 16 -14 0
0.012687 16 16 0
0.003180 16 -16 0
0.018521 17 1 0
0.013154 17 -1 0
0.011801 17 3 0
0.000486 17 -3 0
-0.013562 17 5 0
0.003396 17 -5 0
0.000851 17 7 0
-0.004413 17 -7 0
0.019989 17 9 0
0.016482 17 -9 0
0.001758 17 11 0
0.028701 17 -11 0
-0.001760 17 13 0
0.003129 17 -13 0
-0.000539 17 15 0
-0.003157 17 -15 0
0.002930 17 17 0
0.001496 17 -17 0
0.004473 18 0 0
0.004238 18 2 0
-0.005897 18 -2 0
0.006261 18 4 0
-0.000999 18 -4 0
-0.019850 18 6 0
0.019736 18 -6 0
-0.018394 18 8 0
-0.008318 18 -8 0
0.006834 18 10 0
-0.024839 18 -10 0
0.017592 18 12 0
-0.000531 18 -12 0
0.006680 18 14 0
0.002754 18 -14 0
0.006314 18 16 0
0.002658 18 -16 0
0.004139 18 18 0
-0.007392 18 -18 0
-0.006573 19 1 0
-0.015172 19 -1 0
-0.006889 19 3 0
0.010064 19 -3 0
0.015119 19 5 0
0.009596 19 -5 0
0.000829 19 7 0
0.024912 19 -7 0
-0.006924 19 9 0
0.017570 19 -9 0
-0.001146 19 11 0
