0.336263 1 1 0
-0.085991 1 -1 0
-0.141950 2 0 0
0.075786 2 2 0
0.037802 2 -2 0
-0.305424 3 1 0
-0.238954 3 -1 0
0.020106 3 3 0
-0.061794 3 -3 0
-0.007742 4 0 0
-0.334730 4 2 0
0.053199 4 -2 0
0.019426 4 4 0
-0.010834 4 -4 0
0.218350 5 1 0
0.161193 5 -1 0
-0.109004 5 3 0
0.211816 5 -3 0
0.007533 5 5 0
-0.000116 5 -5 0
0.145205 6 0 0
0.381541 6 2 0
-0.094763 6 -2 0
0.093497 6 4 0
0.134287 6 -4 0
0.012417 6 6 0
0.043365 6 -6 0
-0.009146 7 1 0
-0.044533 7 -1 0
0.123178 7 3 0
-0.287113 7 -3 0
0.092019 7 5 0
0.011639 7 -5 0
0.029891 7 7 0
0.016147 7 -7 0
-0.103457 8 0 0
-0.204178 8 2 0
0.034901 8 -2 0
-0.074068 8 4 0
-0.177256 8 -4 0
0.053706 8 6 0
-0.011344 8 -6 0
-0.040721 8 8 0
0.015669 8 -8 0
-0.103849 9 1 0
-0.115290 9 -1 0
-0.120138 9 3 0
0.228163 9 -3 0
-0.112977 9 5 0
-0.009605 9 -5 0
0.011199 9 7 0
-0.014874 9 -7 0
0.033455 9 9 0
0.041178 9 -9 0
0.045335 10 0 0
0.039408 10 2 0
-0.020715 10 -2 0
0.118699 10 4 0
0.172074 10 -4 0
-0.044405 10 6 0
0.069932 10 -6 0
-0.054123 10 8 0
-0.017674 10 -8 0
-0.013951 10 10 0
-0.081918 10 -10 0
0.082199 11 1 0
0.051365 11 -1 0
0.050551 11 3 0
-0.108370 11 -3 0
0.129273 11 5 0
0.022675 11 -5 0
0.015255 11 7 0
0.060564 11 -7 0
0.004514 11 9 0
0.033672 11 -9 0
0.007590 11 11 0
0.025254 11 -11 0
0.034656 12 0 0
0.063073 12 2 0
-0.011744 12 -2 0
-0.039561 12 4 0
-0.112854 12 -4 0
0.050228 12 6 0
-0.029229 12 -6 0
-0.015049 12 8 0
0.028713 12 -8 0
-0.025017 12 10 0
-0.056902 12 -10 0
0.052896 12 12 0
-0.023413 12 -12 0
-0.018972 13 1 0
-0.045098 13 -1 0
-0.016171 13 3 0
0.032860 13 -3 0
-0.081733 13 5 0
-0.002489 13 -5 0
0.006542 13 7 0
-0.017048 13 -7 0
0.041150 13 9 0
0.034365 13 -9 0
0.005249 13 11 0
0.032480 13 -11 0
-0.012103 13 13 0
0.004531 13 -13 0
-0.015667 14 0 0
-0.039137 14 2 0
-0.011184 14 -2 0
0.041649 14 4 0
0.057151 14 -4 0
-0.038988 14 6 0
0.049879 14 -6 0
-0.043005 14 8 0
-0.016085 14 -8 0
0.006036 14 10 0
-0.062521 14 -10 0
0.045697 14 12 0
-0.012296 14 -12 0
0.032237 14 14 0
0.013681 14 -14 0
-0.016282 15 1 0
-0.024636 15 -1 0
-0.016475 15 3 0
0.017519 15 -3 0
0.063332 15 5 0
0.021706 15 -5 0
0.011371 15 7 0
0.051416 15 -7 0
-0.008981 15 9 0
0.026209 15 -9 0
-0.000503 15 11 0
0.007355 15 -11 0
-0.004054 15 13 0
0.002906 15 -13 0
-0.007980 15 15 0
0.001318 15 -15 0
0.016166 16 0 0
0.023989 16 2 0
0.000522 16 -2 0
-0.000513 16 4 0
-0.015782 16 -4 0
0.022172 16 6 0
-0.020980 16 -6 0
-0.001353 16 8 0
0.014766 16 -8 0
-0.015578 16 10 0
-0.017757 16 -10 0
0.018604 16 12 0
-0.011625 16 -12 0
0.022746 16 14 0
0.000777 16 -14 0
0.004646 16 16 0
0.004769 16 -16 0
0.017376 17 1 0
0.008918 17 -1 0
0.008019 17 3 0
-0.000931 17 -3 0
-0.014866 17 5 0
0.004239 17 -5 0
0.000217 17 7 0
-0.004174 17 -7 0
0.020638 17 9 0
0.015979 17 -9 0
-0.000392 17 11 0
0.026511 17 -11 0
-0.002950 17 13 0
0.003057 17 -13 0
-0.003910 17 15 0
0.000061 17 -15 0
0.005689 17 17 0
0.000642 17 -17 0
0.005612 18 0 0
0.004279 18 2 0
-0.006351 18 -2 0
0.005952 18 4 0
-0.002490 18 -4 0
-0.021671 18 6 0
0.019301 18 -6 0
-0.022102 18 8 0
-0.009675 18 -8 0
0.007655 18 10 0
-0.027243 18 -10 0
0.019356 18 12 0
-0.001324 18 -12 0
0.007718 18 14 0
0.004493 18 -14 0
0.004034 18 16 0
0.001225 18 -16 0
0.001645 18 18 0
-0.005427 18 -18 0
-0.007118 19 1 0
-0.017355 19 -1 0
-0.007655 19 3 0
0.008786 19 -3 0
0.013514 19 5 0
0.008969 19 -5 0
0.002698 19 7 0
0.025623 19 -7 0
-0.005599 19 9 0
0.016762 19 -9 0
-0.002548 19 11 0
