0.333849 1 1 0
-0.011868 1 -1 0
-0.149090 2 0 0
0.088956 2 2 0
0.016987 2 -2 0
-0.332123 3 1 0
-0.261023 3 -1 0
0.022217 3 3 0
-0.070987 3 -3 0
0.005845 4 0 0
-0.345662 4 2 0
0.067039 4 -2 0
0.018034 4 4 0
-0.004063 4 -4 0
0.243264 5 1 0
0.160233 5 -1 0
-0.114588 5 3 0
0.225874 5 -3 0
0.006584 5 5 0
-0.002114 5 -5 0
0.143920 6 0 0
0.392941 6 2 0
-0.093062 6 -2 0
0.098425 6 4 0
0.134187 6 -4 0
0.017416 6 6 0
0.033293 6 -6 0
-0.020349 7 1 0
-0.046685 7 -1 0
0.129670 7 3 0
-0.293879 7 -3 0
0.097183 7 5 0
0.014787 7 -5 0
0.022453 7 7 0
0.013066 7 -7 0
-0.098154 8 0 0
-0.211625 8 2 0
0.031244 8 -2 0
-0.078107 8 4 0
-0.178604 8 -4 0
0.053409 8 6 0
-0.007022 8 -6 0
-0.032842 8 8 0
0.012367 8 -8 0
-0.097190 9 1 0
-0.115595 9 -1 0
-0.121546 9 3 0
0.231872 9 -3 0
-0.109206 9 5 0
-0.018343 9 -5 0
0.012946 9 7 0
-0.015254 9 -7 0
0.035278 9 9 0
0.041430 9 -9 0
0.042816 10 0 0
0.042193 10 2 0
-0.016076 10 -2 0
0.114164 10 4 0
0.170018 10 -4 0
-0.044110 10 6 0
0.069105 10 -6 0
-0.048723 10 8 0
-0.018332 10 -8 0
-0.014384 10 10 0
-0.084622 10 -10 0
0.081686 11 1 0
0.050498 11 -1 0
0.052978 11 3 0
-0.106104 11 -3 0
0.131428 11 5 0
0.023879 11 -5 0
0.013001 11 7 0
0.056019 11 -7 0
0.001416 11 9 0
0.033034 11 -9 0
0.010838 11 11 0
0.025663 11 -11 0
0.037312 12 0 0
0.060847 12 2 0
-0.014905 12 -2 0
-0.037491 12 4 0
-0.112804 12 -4 0
0.049048 12 6 0
-0.027953 12 -6 0
-0.009477 12 8 0
0.027236 12 -8 0
-0.024894 12 10 0
-0.057648 12 -10 0
0.047390 12 12 0
-0.022396 12 -12 0
-0.018362 13 1 0
-0.043235 13 -1 0
-0.016818 13 3 0
0.033177 13 -3 0
-0.078256 13 5 0
-0.006543 13 -5 0
0.006237 13 7 0
-0.018473 13 -7 0
0.039738 13 9 0
0.031718 13 -9 0
0.010378 13 11 0
0.033602 13 -11 0
-0.006416 13 13 0
0.001011 13 -13 0
-0.016135 14 0 0
-0.038401 14 2 0
-0.010159 14 -2 0
0.037724 14 4 0
0.055795 14 -4 0
-0.036948 14 6 0
0.051153 14 -6 0
-0.039562 14 8 0
-0.014589 14 -8 0
0.007556 14 10 0
-0.063411 14 -10 0
0.040068 14 12 0
-0.010073 14 -12 0
0.024272 14 14 0
0.016806 14 -14 0
-0.013377 15 1 0
-0.022675 15 -1 0
-0.015691 15 3 0
0.021230 15 -3 0
0.064771 15 5 0
0.021885 15 -5 0
0.011147 15 7 0
0.048898 15 -7 0
-0.011100 15 9 0
0.025796 15 -9 0
0.001502 15 11 0
0.009018 15 -11 0
0.003230 15 13 0
0.000758 15 -13 0
-0.007138 15 15 0
-0.003602 15 -15 0
0.016536 16 0 0
0.023084 16 2 0
-0.001550 16 -2 0
0.001022 16 4 0
-0.016103 16 -4 0
0.021574 16 6 0
-0.019026 16 -6 0
0.001844 16 8 0
0.014416 16 -8 0
-0.015509 16 10 0
-0.017952 16 -10 0
0.017179 16 12 0
-0.010776 16 -12 0
0.017024 16 14 0
0.006720 16 -14 0
0.002631 16 16 0
0.008142 16 -16 0
0.016551 17 1 0
0.010925 17 -1 0
0.007773 17 3 0
0.000870 17 -3 0
-0.012583 17 5 0
0.002266 17 -5 0
0.001048 17 7 0
-0.004582 17 -7 0
0.020831 17 9 0
0.014620 17 -9 0
0.001037 17 11 0
0.027180 17 -11 0
-0.000786 17 13 0
0.003607 17 -13 0
-0.001162 17 15 0
-0.002822 17 -15 0
0.004094 17 17 0
-0.000570 17 -17 0
0.005544 18 0 0
0.004198 18 2 0
-0.006613 18 -2 0
0.006106 18 4 0
-0.002887 18 -4 0
-0.019111 18 6 0
0.019079 18 -6 0
-0.019107 18 8 0
-0.008374 18 -8 0
0.008254 18 10 0
-0.026530 18 -10 0
0.020185 18 12 0
-0.000642 18 -12 0
0.005703 18 14 0
0.007013 18 -14 0
0.001673 18 16 0
0.001758 18 -16 0
0.002110 18 18 0
-0.006105 18 -18 0
-0.005628 19 1 0
-0.015696 19 -1 0
-0.009166 19 3 0
0.010584 19 -3 0
0.014857 19 5 0
0.008938 19 -5 0
0.002029 19 7 0
0.024027 19 -7 0
-0.006022 19 9 0
0.014523 19 -9 0
-0.001842 19 11 0
