0.040929 1 1 0
0.168056 1 -1 0
0.072648 2 0 0
0.024884 2 2 0
-0.110163 2 -2 0
-0.136923 3 1 0
0.268010 3 -1 0
0.073157 3 3 0
-0.010838 3 -3 0
0.087319 4 0 0
-0.244179 4 2 0
0.193745 4 -2 0
0.081601 4 4 0
0.043236 4 -4 0
-0.045824 5 1 0
0.056747 5 -1 0
-0.259206 5 3 0
0.095948 5 -3 0
0.085378 5 5 0
0.106514 5 -5 0
-0.090582 6 0 0
0.051767 6 2 0
-0.103374 6 -2 0
-0.203112 6 4 0
0.023323 6 -4 0
0.067308 6 6 0
0.101476 6 -6 0
0.040156 7 1 0
-0.156527 7 -1 0
0.172918 7 3 0
-0.037724 7 -3 0
-0.107070 7 5 0
-0.043841 7 -5 0
0.003455 7 7 0
0.075794 7 -7 0
-0.044024 8 0 0
0.026326 8 2 0
-0.076277 8 -2 0
0.173215 8 4 0
0.052478 8 -4 0
-0.038474 8 6 0
-0.092950 8 -6 0
-0.082923 8 8 0
0.000829 8 -8 0
-0.044404 9 1 0
-0.012567 9 -1 0
-0.012040 9 3 0
-0.017532 9 -3 0
0.130887 9 5 0
0.092611 9 -5 0
0.006427 9 7 0
-0.093923 9 -7 0
-0.039943 9 9 0
-0.038265 9 -9 0
-0.013362 10 0 0
-0.075338 10 2 0
-0.032119 10 -2 0
-0.079484 10 4 0
-0.010123 10 -4 0
0.082886 10 6 0
0.053567 10 -6 0
-0.016632 10 8 0
-0.111318 10 -8 0
0.014958 10 10 0
0.071355 10 -10 0
-0.010415 11 1 0
-0.100089 11 -1 0
-0.014577 11 3 0
-0.058300 11 -3 0
-0.052860 11 5 0
-0.062883 11 -5 0
0.023193 11 7 0
0.007254 11 -7 0
0.033046 11 9 0
-0.085600 11 -9 0
-0.041775 11 11 0
0.026121 11 -11 0
-0.055575 12 0 0
0.009538 12 2 0
-0.077914 12 -2 0
0.000406 12 4 0
-0.027937 12 -4 0
-0.028177 12 6 0
-0.108306 12 -6 0
-0.037800 12 8 0
-0.022382 12 -8 0
0.048797 12 10 0
0.060824 12 -10 0
0.076242 12 12 0
0.048715 12 -12 0
0.012882 13 1 0
-0.130589 13 -1 0
0.057377 13 3 0
-0.059665 13 -3 0
0.033914 13 5 0
-0.023298 13 -5 0
-0.016004 13 7 0
-0.129817 13 -7 0
-0.016158 13 9 0
-0.071743 13 -9 0
-0.013699 13 11 0
0.023081 13 -11 0
-0.033029 13 13 0
0.059218 13 -13 0
-0.029372 14 0 0
0.001689 14 2 0
-0.058911 14 -2 0
0.005925 14 4 0
-0.008563 14 -4 0
0.029704 14 6 0
-0.024296 14 -6 0
-0.018511 14 8 0
-0.101422 14 -8 0
-0.001169 14 10 0
0.026274 14 -10 0
0.043197 14 12 0
0.038677 14 -12 0
0.062903 14 14 0
0.020921 14 -14 0
-0.004611 15 1 0
-0.086973 15 -1 0
0.015147 15 3 0
-0.060513 15 -3 0
0.013723 15 5 0
-0.021351 15 -5 0
0.007875 15 7 0
-0.041471 15 -7 0
0.017109 15 9 0
-0.105790 15 -9 0
-0.022434 15 11 0
-0.016991 15 -11 0
-0.024359 15 13 0
0.030509 15 -13 0
-0.027806 15 15 0
0.057871 15 -15 0
-0.013073 16 0 0
-0.020096 16 2 0
-0.030479 16 -2 0
-0.016021 16 4 0
-0.031645 16 -4 0
-0.000016 16 6 0
-0.039327 16 -6 0
-0.011631 16 8 0
-0.015404 16 -8 0
0.022665 16 10 0
-0.001227 16 -10 0
0.026468 16 12 0
-0.002796 16 -12 0
0.029537 16 14 0
0.012112 16 -14 0
-0.024791 16 16 0
0.002088 16 -16 0
0.002609 17 1 0
-0.053003 17 -1 0
0.012085 17 3 0
-0.031500 17 -3 0
0.007108 17 5 0
-0.033967 17 -5 0
-0.004859 17 7 0
-0.055869 17 -7 0
0.001583 17 9 0
-0.038026 17 -9 0
0.007285 17 11 0
-0.009981 17 -11 0
-0.005512 17 13 0
-0.010105 17 -13 0
-0.017894 17 15 0
0.016621 17 -15 0
-0.005706 17 17 0
0.016890 17 -17 0
-0.009149 18 0 0
0.005751 18 2 0
-0.012445 18 -2 0
-0.003480 18 4 0
-0.002258 18 -4 0
0.004945 18 6 0
-0.021744 18 -6 0
-0.006513 18 8 0
-0.031736 18 -8 0
-0.004273 18 10 0
0.014008 18 -10 0
0.016230 18 12 0
0.005060 18 -12 0
0.020443 18 14 0
-0.002369 18 -14 0
-0.018576 18 16 0
0.000241 18 -16 0
0.007953 18 18 0
0.002441 18 -18 0
0.007683 19 1 0
-0.031802 19 -1 0
0.018909 19 3 0
-0.012885 19 -3 0
0.010219 19 5 0
0.002284 19 -5 0
0.000270 19 7 0
-0.016832 19 -7 0
0.005867 19 9 0
-0.037620 19 -9 0
-0.008758 19 11 0
