0.028546 1 1 0
0.140907 1 -1 0
0.061261 2 0 0
0.031379 2 2 0
-0.077476 2 -2 0
-0.104322 3 1 0
0.261694 3 -1 0
0.063251 3 3 0
-0.003188 3 -3 0
0.083173 4 0 0
-0.251420 4 2 0
0.172449 4 -2 0
0.077098 4 4 0
0.043709 4 -4 0
-0.039214 5 1 0
0.057388 5 -1 0
-0.258393 5 3 0
0.092099 5 -3 0
0.083698 5 5 0
0.104087 5 -5 0
-0.110910 6 0 0
0.043971 6 2 0
-0.107479 6 -2 0
-0.209687 6 4 0
0.027191 6 -4 0
0.066314 6 6 0
0.109006 6 -6 0
0.052768 7 1 0
-0.154214 7 -1 0
0.169122 7 3 0
-0.034944 7 -3 0
-0.102544 7 5 0
-0.043202 7 -5 0
0.012250 7 7 0
0.059085 7 -7 0
-0.053808 8 0 0
0.018867 8 2 0
-0.088140 8 -2 0
0.167398 8 4 0
0.054715 8 -4 0
-0.031137 8 6 0
-0.079171 8 -6 0
-0.071372 8 8 0
0.000688 8 -8 0
-0.029982 9 1 0
-0.008661 9 -1 0
-0.015348 9 3 0
-0.012168 9 -3 0
0.133666 9 5 0
0.093876 9 -5 0
0.017149 9 7 0
-0.106842 9 -7 0
-0.058762 9 9 0
-0.027747 9 -9 0
-0.023247 10 0 0
-0.084619 10 2 0
-0.037071 10 -2 0
-0.084854 10 4 0
-0.004781 10 -4 0
0.087345 10 6 0
0.064260 10 -6 0
-0.009985 10 8 0
-0.107019 10 -8 0
0.021627 10 10 0
0.069601 10 -10 0
-0.001993 11 1 0
-0.091252 11 -1 0
-0.017977 11 3 0
-0.052014 11 -3 0
-0.050122 11 5 0
-0.061081 11 -5 0
0.032685 11 7 0
-0.000737 11 -7 0
0.017473 11 9 0
-0.073552 11 -9 0
-0.040841 11 11 0
0.015068 11 -11 0
-0.061373 12 0 0
0.003007 12 2 0
-0.079895 12 -2 0
-0.004505 12 4 0
-0.024865 12 -4 0
-0.023217 12 6 0
-0.099591 12 -6 0
-0.032108 12 8 0
-0.020012 12 -8 0
0.051819 12 10 0
0.060368 12 -10 0
0.054601 12 12 0
0.058909 12 -12 0
0.020699 13 1 0
-0.121654 13 -1 0
0.055085 13 3 0
-0.050498 13 -3 0
0.034775 13 5 0
-0.018044 13 -5 0
-0.008437 13 7 0
-0.132271 13 -7 0
-0.029321 13 9 0
-0.058032 13 -9 0
-0.014025 13 11 0
0.014613 13 -11 0
-0.032073 13 13 0
0.053106 13 -13 0
-0.033779 14 0 0
-0.004043 14 2 0
-0.059684 14 -2 0
0.004292 14 4 0
-0.006496 14 -4 0
0.033497 14 6 0
-0.017654 14 -6 0
-0.015259 14 8 0
-0.099059 14 -8 0
0.000593 14 10 0
0.025944 14 -10 0
0.029598 14 12 0
0.044636 14 -12 0
0.070080 14 14 0
0.005705 14 -14 0
-0.000510 15 1 0
-0.079190 15 -1 0
0.013104 15 3 0
-0.053165 15 -3 0
0.015202 15 5 0
-0.017785 15 -5 0
0.012104 15 7 0
-0.043374 15 -7 0
0.005683 15 9 0
-0.094948 15 -9 0
-0.024390 15 11 0
-0.020694 15 -11 0
-0.021879 15 13 0
0.025876 15 -13 0
-0.036464 15 15 0
0.054070 15 -15 0
-0.014403 16 0 0
-0.021691 16 2 0
-0.030345 16 -2 0
-0.017091 16 4 0
-0.029549 16 -4 0
0.001911 16 6 0
-0.036495 16 -6 0
-0.008361 16 8 0
-0.013566 16 -8 0
0.025286 16 10 0
-0.001795 16 -10 0
0.018124 16 12 0
0.000488 16 -12 0
0.034677 16 14 0
0.006358 16 -14 0
-0.023443 16 16 0
-0.009480 16 -16 0
0.005720 17 1 0
-0.047637 17 -1 0
0.011074 17 3 0
-0.027507 17 -3 0
0.005700 17 5 0
-0.031081 17 -5 0
-0.001403 17 7 0
-0.056596 17 -7 0
-0.005458 17 9 0
-0.032317 17 -9 0
0.006005 17 11 0
-0.010242 17 -11 0
-0.002732 17 13 0
-0.010247 17 -13 0
-0.024016 17 15 0
0.015264 17 -15 0
-0.000249 17 17 0
0.015623 17 -17 0
-0.009141 18 0 0
0.004608 18 2 0
-0.011600 18 -2 0
-0.002709 18 4 0
-0.001236 18 -4 0
0.006433 18 6 0
-0.021563 18 -6 0
-0.005929 18 8 0
-0.031454 18 -8 0
-0.003518 18 10 0
0.012356 18 -10 0
0.013218 18 12 0
0.006659 18 -12 0
0.022893 18 14 0
-0.004285 18 -14 0
-0.020021 18 16 0
-0.005922 18 -16 0
0.004715 18 18 0
0.004791 18 -18 0
0.008830 19 1 0
-0.030220 19 -1 0
0.017963 19 3 0
-0.009179 19 -3 0
0.009506 19 5 0
0.003233 19 -5 0
0.000229 19 7 0
-0.017076 19 -7 0
0.000802 19 9 0
-0.033667 19 -9 0
-0.009292 19 11 0
