0.068640 1 1 0
0.122949 1 -1 0
0.055995 2 0 0
0.006113 2 2 0
-0.081154 2 -2 0
-0.124680 3 1 0
0.284223 3 -1 0
0.079235 3 3 0
-0.003645 3 -3 0
0.073106 4 0 0
-0.238443 4 2 0
0.171416 4 -2 0
0.067413 4 4 0
0.044018 4 -4 0
-0.027913 5 1 0
0.060182 5 -1 0
-0.261684 5 3 0
0.081647 5 -3 0
0.085845 5 5 0
0.111753 5 -5 0
-0.116554 6 0 0
0.035106 6 2 0
-0.113720 6 -2 0
-0.214549 6 4 0
0.030251 6 -4 0
0.067821 6 6 0
0.111711 6 -6 0
0.056375 7 1 0
-0.144088 7 -1 0
0.167192 7 3 0
-0.043661 7 -3 0
-0.105163 7 5 0
-0.038127 7 -5 0
0.018326 7 7 0
0.048130 7 -7 0
-0.060340 8 0 0
0.020851 8 2 0
-0.090319 8 -2 0
0.159718 8 4 0
0.054507 8 -4 0
-0.030907 8 6 0
-0.075480 8 -6 0
-0.078664 8 8 0
0.010368 8 -8 0
-0.025286 9 1 0
0.001269 9 -1 0
-0.014179 9 3 0
-0.022247 9 -3 0
0.132905 9 5 0
0.104592 9 -5 0
0.018432 9 7 0
-0.116505 9 -7 0
-0.063630 9 9 0
-0.024280 9 -9 0
-0.030134 10 0 0
-0.085926 10 2 0
-0.039815 10 -2 0
-0.090012 10 4 0
-0.005685 10 -4 0
0.088071 10 6 0
0.067434 10 -6 0
-0.014642 10 8 0
-0.098516 10 -8 0
0.040480 10 10 0
0.074248 10 -10 0
0.003963 11 1 0
-0.086113 11 -1 0
-0.015538 11 3 0
-0.059914 11 -3 0
-0.052616 11 5 0
-0.053472 11 -5 0
0.034503 11 7 0
-0.012045 11 -7 0
0.014560 11 9 0
-0.070246 11 -9 0
-0.054720 11 11 0
-0.000348 11 -11 0
-0.065733 12 0 0
0.003502 12 2 0
-0.083773 12 -2 0
-0.006989 12 4 0
-0.025804 12 -4 0
-0.021687 12 6 0
-0.097166 12 -6 0
-0.035217 12 8 0
-0.014187 12 -8 0
0.067606 12 10 0
0.064161 12 -10 0
0.061041 12 12 0
0.054064 12 -12 0
0.025530 13 1 0
-0.118535 13 -1 0
0.055558 13 3 0
-0.056550 13 -3 0
0.033545 13 5 0
-0.010597 13 -5 0
-0.007321 13 7 0
-0.140197 13 -7 0
-0.032468 13 9 0
-0.056777 13 -9 0
-0.020663 13 11 0
0.006298 13 -11 0
-0.039620 13 13 0
0.063505 13 -13 0
-0.037129 14 0 0
-0.004377 14 2 0
-0.059712 14 -2 0
0.003418 14 4 0
-0.006604 14 -4 0
0.034343 14 6 0
-0.016022 14 -6 0
-0.017166 14 8 0
-0.093787 14 -8 0
0.012319 14 10 0
0.027618 14 -10 0
0.031369 14 12 0
0.041890 14 -12 0
0.073797 14 14 0
0.001841 14 -14 0
0.003997 15 1 0
-0.076906 15 -1 0
0.015463 15 3 0
-0.058599 15 -3 0
0.014930 15 5 0
-0.012442 15 -5 0
0.012448 15 7 0
-0.048062 15 -7 0
0.006666 15 9 0
-0.094353 15 -9 0
-0.027218 15 11 0
-0.025997 15 -11 0
-0.024925 15 13 0
0.031511 15 -13 0
-0.036365 15 15 0
0.048483 15 -15 0
-0.017611 16 0 0
-0.021791 16 2 0
-0.032165 16 -2 0
-0.017103 16 4 0
-0.030019 16 -4 0
0.003115 16 6 0
-0.035266 16 -6 0
-0.009556 16 8 0
-0.011423 16 -8 0
0.029746 16 10 0
-0.001655 16 -10 0
0.020188 16 12 0
-0.002214 16 -12 0
0.036620 16 14 0
0.002965 16 -14 0
-0.029949 16 16 0
-0.002010 16 -16 0
0.007279 17 1 0
-0.046316 17 -1 0
0.012422 17 3 0
-0.029323 17 -3 0
0.005147 17 5 0
-0.028673 17 -5 0
-0.001248 17 7 0
-0.058403 17 -7 0
-0.005581 17 9 0
-0.031680 17 -9 0
0.005384 17 11 0
-0.013467 17 -11 0
-0.003753 17 13 0
-0.008518 17 -13 0
-0.024778 17 15 0
0.013220 17 -15 0
-0.000101 17 17 0
0.019906 17 -17 0
-0.010597 18 0 0
0.005518 18 2 0
-0.012054 18 -2 0
-0.001962 18 4 0
-0.002720 18 -4 0
0.006966 18 6 0
-0.020237 18 -6 0
-0.005122 18 8 0
-0.030180 18 -8 0
-0.002238 18 10 0
0.013929 18 -10 0
0.013899 18 12 0
0.005168 18 -12 0
0.023773 18 14 0
-0.006098 18 -14 0
-0.023253 18 16 0
-0.004121 18 -16 0
0.008363 18 18 0
0.004734 18 -18 0
0.010463 19 1 0
-0.029061 19 -1 0
0.018189 19 3 0
-0.012341 19 -3 0
0.008905 19 5 0
0.005807 19 -5 0
0.000676 19 7 0
-0.018400 19 -7 0
0.000943 19 9 0
-0.033320 19 -9 0
-0.008477 19 11 0
