-0.028261 1 1 0
0.092081 1 -1 0
-0.224175 2 0 0
-0.046077 2 2 0
-0.024164 2 -2 0
0.306863 3 1 0
-0.337785 3 -1 0
-0.013286 3 3 0
0.020312 3 -3 0
0.089437 4 0 0
0.318319 4 2 0
-0.014987 4 -2 0
0.007057 4 4 0
0.026453 4 -4 0
-0.304540 5 1 0
0.330790 5 -1 0
0.160898 5 3 0
0.118566 5 -3 0
-0.027753 5 5 0
0.023403 5 -5 0
0.055440 6 0 0
-0.418920 6 2 0
0.040748 6 -2 0
0.018616 6 4 0
0.113331 6 -4 0
0.000283 6 6 0
-0.001910 6 -6 0
0.178783 7 1 0
-0.181446 7 -1 0
-0.222863 7 3 0
-0.146242 7 -3 0
-0.035754 7 5 0
0.056056 7 -5 0
-0.005534 7 7 0
-0.002110 7 -7 0
-0.126106 8 0 0
0.356470 8 2 0
-0.017120 8 -2 0
-0.019882 8 4 0
-0.123012 8 -4 0
-0.018157 8 6 0
0.007347 8 -6 0
-0.006521 8 8 0
0.003968 8 -8 0
-0.005419 9 1 0
0.009625 9 -1 0
0.221885 9 3 0
0.187104 9 -3 0
0.031149 9 5 0
-0.044295 9 -5 0
-0.013674 9 7 0
-0.001425 9 -7 0
0.004579 9 9 0
0.009989 9 -9 0
0.080291 10 0 0
-0.183067 10 2 0
0.021950 10 -2 0
0.028711 10 4 0
0.173212 10 -4 0
0.057575 10 6 0
-0.006100 10 -6 0
-0.003476 10 8 0
-0.008032 10 -8 0
-0.020083 10 10 0
0.011812 10 -10 0
-0.055531 11 1 0
0.059927 11 -1 0
-0.145513 11 3 0
-0.100660 11 -3 0
-0.052702 11 5 0
0.085109 11 -5 0
0.027043 11 7 0
0.031926 11 -7 0
0.009850 11 9 0
-0.000578 11 -9 0
0.001607 11 11 0
0.011501 11 -11 0
-0.022098 12 0 0
0.055574 12 2 0
0.012455 12 -2 0
-0.017459 12 4 0
-0.091515 12 -4 0
-0.030448 12 6 0
0.012570 12 -6 0
0.007982 12 8 0
0.032621 12 -8 0
-0.004782 12 10 0
0.010762 12 -10 0
0.005484 12 12 0
0.027361 12 -12 0
0.058075 13 1 0
-0.048474 13 -1 0
0.084982 13 3 0
0.092661 13 -3 0
0.021178 13 5 0
-0.033301 13 -5 0
-0.025063 13 7 0
-0.005888 13 -7 0
-0.008768 13 9 0
0.027878 13 -9 0
0.006900 13 11 0
0.011208 13 -11 0
-0.004376 13 13 0
0.015482 13 -13 0
-0.016558 14 0 0
0.018722 14 2 0
0.009486 14 -2 0
0.014323 14 4 0
0.105103 14 -4 0
0.042969 14 6 0
-0.004217 14 -6 0
-0.005935 14 8 0
-0.018655 14 -8 0
-0.023391 14 10 0
0.015812 14 -10 0
0.007035 14 12 0
0.029414 14 -12 0
0.004594 14 14 0
0.011932 14 -14 0
-0.018364 15 1 0
0.018021 15 -1 0
-0.022497 15 3 0
-0.009128 15 -3 0
-0.033774 15 5 0
0.056711 15 -5 0
0.025322 15 7 0
0.020777 15 -7 0
0.012240 15 9 0
-0.007624 15 -9 0
-0.001976 15 11 0
0.006446 15 -11 0
-0.005565 15 13 0
0.014078 15 -13 0
0.000943 15 15 0
0.006384 15 -15 0
0.016769 16 0 0
-0.018449 16 2 0
0.005929 16 -2 0
0.001021 16 4 0
-0.025330 16 -4 0
-0.015697 16 6 0
0.010200 16 -6 0
0.007890 16 8 0
0.023336 16 -8 0
0.004434 16 10 0
0.005474 16 -10 0
0.005363 16 12 0
0.018543 16 -12 0
-0.004558 16 14 0
0.012457 16 -14 0
0.002353 16 16 0
0.004546 16 -16 0
0.004087 17 1 0
-0.000348 17 -1 0
0.011646 17 3 0
0.017390 17 -3 0
0.009221 17 5 0
-0.010389 17 -5 0
-0.013627 17 7 0
-0.003526 17 -7 0
-0.005626 17 9 0
0.024326 17 -9 0
0.006378 17 11 0
0.009003 17 -11 0
-0.003234 17 13 0
0.012773 17 -13 0
-0.004508 17 15 0
0.003133 17 -15 0
-0.000418 17 17 0
0.001581 17 -17 0
-0.014264 18 0 0
0.018661 18 2 0
0.005600 18 -2 0
0.005378 18 4 0
0.032554 18 -4 0
0.014051 18 6 0
-0.004934 18 -6 0
-0.002672 18 8 0
-0.008162 18 -8 0
-0.020059 18 10 0
0.010525 18 -10 0
0.003293 18 12 0
0.013332 18 -12 0
-0.001944 18 14 0
0.007658 18 -14 0
-0.001512 18 16 0
-0.001757 18 -16 0
-0.000731 18 18 0
0.005134 18 -18 0
0.009760 19 1 0
-0.008395 19 -1 0
0.000867 19 3 0
0.010782 19 -3 0
-0.014653 19 5 0
0.018904 19 -5 0
0.006265 19 7 0
0.006356 19 -7 0
0.005118 19 9 0
-0.005646 19 -9 0
-0.009589 19 11 0
