-0.078158 1 1 0
0.172916 1 -1 0
-0.225245 2 0 0
-0.045778 2 2 0
0.000154 2 -2 0
0.314434 3 1 0
-0.344383 3 -1 0
-0.013112 3 3 0
0.016141 3 -3 0
0.096699 4 0 0
0.313596 4 2 0
-0.016743 4 -2 0
0.004923 4 4 0
0.003382 4 -4 0
-0.313782 5 1 0
0.340421 5 -1 0
0.152385 5 3 0
0.131788 5 -3 0
-0.022850 5 5 0
0.021772 5 -5 0
0.054924 6 0 0
-0.419548 6 2 0
0.038727 6 -2 0
0.020785 6 4 0
0.121897 6 -4 0
0.003011 6 6 0
-0.003397 6 -6 0
0.185742 7 1 0
-0.189609 7 -1 0
-0.223517 7 3 0
-0.145120 7 -3 0
-0.041689 7 5 0
0.059713 7 -5 0
-0.007281 7 7 0
-0.000337 7 -7 0
-0.127169 8 0 0
0.357267 8 2 0
-0.015582 8 -2 0
-0.020294 8 4 0
-0.130993 8 -4 0
-0.012590 8 6 0
0.008881 8 -6 0
-0.001886 8 8 0
-0.000400 8 -8 0
-0.002496 9 1 0
0.013059 9 -1 0
0.211503 9 3 0
0.189379 9 -3 0
0.033258 9 5 0
-0.048205 9 -5 0
-0.021810 9 7 0
-0.004608 9 -7 0
0.004152 9 9 0
0.003836 9 -9 0
0.081407 10 0 0
-0.186829 10 2 0
0.023958 10 -2 0
0.032004 10 4 0
0.169965 10 -4 0
0.062456 10 6 0
-0.007615 10 -6 0
-0.001843 10 8 0
-0.005679 10 -8 0
-0.016556 10 10 0
0.015987 10 -10 0
-0.053608 11 1 0
0.058078 11 -1 0
-0.153032 11 3 0
-0.097563 11 -3 0
-0.053317 11 5 0
0.087833 11 -5 0
0.020533 11 7 0
0.029927 11 -7 0
0.009584 11 9 0
-0.004736 11 -9 0
-0.005560 11 11 0
0.005896 11 -11 0
-0.022508 12 0 0
0.057700 12 2 0
0.013708 12 -2 0
-0.016300 12 4 0
-0.095194 12 -4 0
-0.026920 12 6 0
0.016084 12 -6 0
0.009302 12 8 0
0.030881 12 -8 0
-0.002319 12 10 0
0.018489 12 -10 0
0.006352 12 12 0
0.031875 12 -12 0
0.062858 13 1 0
-0.050834 13 -1 0
0.080001 13 3 0
0.094982 13 -3 0
0.021882 13 5 0
-0.034083 13 -5 0
-0.030938 13 7 0
-0.007065 13 -7 0
-0.009606 13 9 0
0.022535 13 -9 0
0.000359 13 11 0
0.008333 13 -11 0
-0.001776 13 13 0
0.009025 13 -13 0
-0.016054 14 0 0
0.015488 14 2 0
0.014113 14 -2 0
0.015073 14 4 0
0.102552 14 -4 0
0.046419 14 6 0
-0.003465 14 -6 0
-0.005161 14 8 0
-0.018846 14 -8 0
-0.020957 14 10 0
0.020677 14 -10 0
0.006162 14 12 0
0.031381 14 -12 0
0.003878 14 14 0
0.016366 14 -14 0
-0.015460 15 1 0
0.017559 15 -1 0
-0.028061 15 3 0
-0.007708 15 -3 0
-0.033394 15 5 0
0.056595 15 -5 0
0.020443 15 7 0
0.020067 15 -7 0
0.012277 15 9 0
-0.012318 15 -9 0
-0.006922 15 11 0
0.005189 15 -11 0
-0.004520 15 13 0
0.012209 15 -13 0
0.000568 15 15 0
0.002432 15 -15 0
0.016901 16 0 0
-0.017819 16 2 0
0.007901 16 -2 0
0.000617 16 4 0
-0.025880 16 -4 0
-0.013038 16 6 0
0.011911 16 -6 0
0.007792 16 8 0
0.024664 16 -8 0
0.005332 16 10 0
0.008360 16 -10 0
0.005845 16 12 0
0.018994 16 -12 0
-0.003138 16 14 0
0.016772 16 -14 0
0.001050 16 16 0
0.004637 16 -16 0
0.004829 17 1 0
0.000264 17 -1 0
0.007333 17 3 0
0.018406 17 -3 0
0.009931 17 5 0
-0.010765 17 -5 0
-0.016863 17 7 0
-0.004161 17 -7 0
-0.006551 17 9 0
0.021558 17 -9 0
0.004153 17 11 0
0.007014 17 -11 0
-0.003129 17 13 0
0.009640 17 -13 0
-0.006468 17 15 0
-0.000863 17 -15 0
0.002351 17 17 0
-0.000531 17 -17 0
-0.013283 18 0 0
0.017438 18 2 0
0.007950 18 -2 0
0.004827 18 4 0
0.030087 18 -4 0
0.017274 18 6 0
-0.005080 18 -6 0
-0.003544 18 8 0
-0.008638 18 -8 0
-0.019494 18 10 0
0.011478 18 -10 0
0.003391 18 12 0
0.013535 18 -12 0
0.000147 18 14 0
0.008108 18 -14 0
-0.002262 18 16 0
-0.001850 18 -16 0
-0.001699 18 18 0
0.006513 18 -18 0
0.012030 19 1 0
-0.010514 19 -1 0
-0.001105 19 3 0
0.011710 19 -3 0
-0.013018 19 5 0
0.018245 19 -5 0
0.004812 19 7 0
0.006368 19 -7 0
0.004761 19 9 0
-0.007037 19 -9 0
-0.011466 19 11 0
