-0.162067 1 1 0
0.047072 1 -1 0
-0.192199 2 0 0
-0.080528 2 2 0
-0.020290 2 -2 0
0.309600 3 1 0
-0.332087 3 -1 0
-0.018526 3 3 0
0.012199 3 -3 0
0.092478 4 0 0
0.329769 4 2 0
-0.021100 4 -2 0
-0.009429 4 4 0
0.008646 4 -4 0
-0.309800 5 1 0
0.337700 5 -1 0
0.156767 5 3 0
0.128294 5 -3 0
-0.018303 5 5 0
0.019515 5 -5 0
0.054736 6 0 0
-0.421784 6 2 0
0.043648 6 -2 0
0.014521 6 4 0
0.119683 6 -4 0
-0.006264 6 6 0
-0.005469 6 -6 0
0.184956 7 1 0
-0.191749 7 -1 0
-0.217879 7 3 0
-0.150746 7 -3 0
-0.030423 7 5 0
0.057125 7 -5 0
-0.006110 7 7 0
0.000243 7 -7 0
-0.125938 8 0 0
0.353176 8 2 0
-0.013631 8 -2 0
-0.021435 8 4 0
-0.130284 8 -4 0
-0.017294 8 6 0
0.008795 8 -6 0
-0.004210 8 8 0
-0.002623 8 -8 0
-0.003435 9 1 0
0.011558 9 -1 0
0.215209 9 3 0
0.185561 9 -3 0
0.040969 9 5 0
-0.043202 9 -5 0
-0.013510 9 7 0
-0.002925 9 -7 0
0.009551 9 9 0
0.006348 9 -9 0
0.079980 10 0 0
-0.185958 10 2 0
0.023527 10 -2 0
0.027885 10 4 0
0.171308 10 -4 0
0.057230 10 6 0
-0.007400 10 -6 0
-0.004894 10 8 0
-0.012521 10 -8 0
-0.019218 10 10 0
0.010293 10 -10 0
-0.053216 11 1 0
0.057565 11 -1 0
-0.149247 11 3 0
-0.098678 11 -3 0
-0.046084 11 5 0
0.086144 11 -5 0
0.027513 11 7 0
0.029078 11 -7 0
0.017515 11 9 0
-0.005046 11 -9 0
0.002991 11 11 0
0.014702 11 -11 0
-0.024712 12 0 0
0.053825 12 2 0
0.014530 12 -2 0
-0.019927 12 4 0
-0.096275 12 -4 0
-0.030170 12 6 0
0.013129 12 -6 0
0.005568 12 8 0
0.027708 12 -8 0
-0.005424 12 10 0
0.014399 12 -10 0
0.000564 12 12 0
0.024587 12 -12 0
0.063240 13 1 0
-0.049765 13 -1 0
0.082741 13 3 0
0.092150 13 -3 0
0.027736 13 5 0
-0.033486 13 -5 0
-0.028087 13 7 0
-0.006826 13 -7 0
-0.002747 13 9 0
0.024601 13 -9 0
0.004140 13 11 0
0.013996 13 -11 0
-0.001551 13 13 0
0.013461 13 -13 0
-0.016945 14 0 0
0.016556 14 2 0
0.012188 14 -2 0
0.014686 14 4 0
0.101192 14 -4 0
0.044607 14 6 0
-0.004517 14 -6 0
-0.005667 14 8 0
-0.022592 14 -8 0
-0.023338 14 10 0
0.016974 14 -10 0
0.005570 14 12 0
0.024700 14 -12 0
0.005775 14 14 0
0.010939 14 -14 0
-0.015664 15 1 0
0.017367 15 -1 0
-0.027639 15 3 0
-0.007592 15 -3 0
-0.028401 15 5 0
0.057923 15 -5 0
0.024537 15 7 0
0.021268 15 -7 0
0.015805 15 9 0
-0.013053 15 -9 0
-0.003238 15 11 0
0.007368 15 -11 0
-0.002594 15 13 0
0.015594 15 -13 0
0.000704 15 15 0
0.008582 15 -15 0
0.015707 16 0 0
-0.019638 16 2 0
0.005945 16 -2 0
-0.000260 16 4 0
-0.027469 16 -4 0
-0.014850 16 6 0
0.011059 16 -6 0
0.006403 16 8 0
0.021415 16 -8 0
0.006289 16 10 0
0.004958 16 -10 0
0.004181 16 12 0
0.015378 16 -12 0
-0.002177 16 14 0
0.012053 16 -14 0
0.000925 16 16 0
-0.001447 16 -16 0
0.006071 17 1 0
0.000514 17 -1 0
0.008718 17 3 0
0.018675 17 -3 0
0.012737 17 5 0
-0.011132 17 -5 0
-0.015230 17 7 0
-0.004124 17 -7 0
-0.004723 17 9 0
0.021257 17 -9 0
0.007098 17 11 0
0.009748 17 -11 0
-0.004686 17 13 0
0.010137 17 -13 0
-0.005830 17 15 0
0.002504 17 -15 0
0.000154 17 17 0
0.003908 17 -17 0
-0.014689 18 0 0
0.017614 18 2 0
0.007337 18 -2 0
0.004286 18 4 0
0.029457 18 -4 0
0.015595 18 6 0
-0.005896 18 -6 0
-0.003408 18 8 0
-0.009474 18 -8 0
-0.020226 18 10 0
0.010840 18 -10 0
0.002852 18 12 0
0.012169 18 -12 0
0.003078 18 14 0
0.007001 18 -14 0
-0.004066 18 16 0
-0.004501 18 -16 0
-0.000837 18 18 0
0.002095 18 -18 0
0.010820 19 1 0
-0.008744 19 -1 0
-0.000070 19 3 0
0.011985 19 -3 0
-0.011827 19 5 0
0.020657 19 -5 0
0.005834 19 7 0
0.006516 19 -7 0
0.005375 19 9 0
-0.008681 19 -9 0
-0.009495 19 11 0
