-0.099141 1 1 0
-0.001938 1 -1 0
-0.151306 2 0 0
0.008986 2 2 0
-0.010706 2 -2 0
-0.033632 3 1 0
0.016641 3 -1 0
-0.013774 3 3 0
-0.006717 3 -3 0
0.189002 4 0 0
0.025824 4 2 0
-0.000596 4 -2 0
0.009201 4 4 0
-0.003532 4 -4 0
0.050250 5 1 0
-0.011778 5 -1 0
-0.013084 5 3 0
-0.003425 5 -3 0
0.003573 5 5 0
-0.004053 5 -5 0
-0.225240 6 0 0
-0.002818 6 2 0
-0.005778 6 -2 0
-0.001749 6 4 0
0.012241 6 -4 0
0.003032 6 6 0
0.002650 6 -6 0
-0.095999 7 1 0
0.054812 7 -1 0
-0.016341 7 3 0
0.000570 7 -3 0
-0.006162 7 5 0
-0.011813 7 -5 0
0.011084 7 7 0
-0.003266 7 -7 0
0.160083 8 0 0
0.022507 8 2 0
0.003652 8 -2 0
0.009775 8 4 0
0.008926 8 -4 0
-0.003490 8 6 0
0.007589 8 -6 0
0.000272 8 8 0
-0.002007 8 -8 0
0.056187 9 1 0
-0.020866 9 -1 0
-0.012182 9 3 0
-0.002945 9 -3 0
-0.005795 9 5 0
-0.004844 9 -5 0
0.004971 9 7 0
-0.005223 9 -7 0
-0.006033 9 9 0
-0.004373 9 -9 0
-0.136768 10 0 0
0.000950 10 2 0
-0.013954 10 -2 0
-0.000673 10 4 0
0.027670 10 -4 0
-0.000035 10 6 0
0.010557 10 -6 0
0.002318 10 8 0
-0.001054 10 -8 0
-0.000300 10 10 0
0.004155 10 -10 0
-0.076022 11 1 0
0.045426 11 -1 0
-0.020811 11 3 0
-0.005982 11 -3 0
0.000440 11 5 0
-0.008023 11 -5 0
0.004716 11 7 0
-0.005026 11 -7 0
-0.006993 11 9 0
-0.005974 11 -9 0
-0.003318 11 11 0
-0.003349 11 -11 0
0.060906 12 0 0
0.019164 12 2 0
0.004448 12 -2 0
0.003090 12 4 0
-0.005332 12 -4 0
0.000004 12 6 0
0.004938 12 -6 0
0.000714 12 8 0
-0.003381 12 -8 0
0.003033 12 10 0
0.004565 12 -10 0
0.007489 12 12 0
0.008325 12 -12 0
0.024471 13 1 0
-0.006680 13 -1 0
-0.004815 13 3 0
0.001237 13 -3 0
-0.009060 13 5 0
-0.002399 13 -5 0
0.004150 13 7 0
-0.004695 13 -7 0
-0.007553 13 9 0
-0.003672 13 -9 0
-0.004202 13 11 0
-0.007408 13 -11 0
-0.003884 13 13 0
-0.003826 13 -13 0
-0.054777 14 0 0
0.000515 14 2 0
-0.007315 14 -2 0
0.001271 14 4 0
0.029617 14 -4 0
0.002711 14 6 0
0.010044 14 -6 0
0.002132 14 8 0
-0.001829 14 -8 0
0.002079 14 10 0
0.004913 14 -10 0
0.006762 14 12 0
0.004464 14 -12 0
0.003507 14 14 0
0.002839 14 -14 0
-0.039606 15 1 0
0.021669 15 -1 0
-0.015879 15 3 0
-0.005737 15 -3 0
0.003742 15 5 0
-0.008893 15 -5 0
0.004631 15 7 0
-0.003236 15 -7 0
-0.006299 15 9 0
-0.003521 15 -9 0
-0.001334 15 11 0
-0.002284 15 -11 0
-0.001266 15 13 0
-0.003701 15 -13 0
0.006397 15 15 0
-0.000207 15 -15 0
0.016215 16 0 0
0.011583 16 2 0
0.000847 16 -2 0
0.001111 16 4 0
-0.006773 16 -4 0
-0.001140 16 6 0
0.002400 16 -6 0
0.001918 16 8 0
-0.002578 16 -8 0
0.002640 16 10 0
0.001337 16 -10 0
0.004548 16 12 0
0.005191 16 -12 0
0.003715 16 14 0
0.001610 16 -14 0
0.000170 16 16 0
-0.002839 16 -16 0
0.008965 17 1 0
-0.000591 17 -1 0
-0.000849 17 3 0
0.001454 17 -3 0
-0.005044 17 5 0
0.000717 17 -5 0
0.002577 17 7 0
-0.001322 17 -7 0
-0.003438 17 9 0
-0.001202 17 -9 0
-0.000766 17 11 0
-0.003310 17 -11 0
-0.001327 17 13 0
-0.001334 17 -13 0
0.004772 17 15 0
-0.001774 17 -15 0
-0.001077 17 17 0
0.000637 17 -17 0
-0.018099 18 0 0
0.000800 18 2 0
-0.003869 18 -2 0
-0.000372 18 4 0
0.016048 18 -4 0
0.002233 18 6 0
0.003256 18 -6 0
0.001748 18 8 0
-0.000553 18 -8 0
0.001110 18 10 0
0.001383 18 -10 0
0.003473 18 12 0
0.001194 18 -12 0
0.003372 18 14 0
0.001479 18 -14 0
-0.000581 18 16 0
-0.001860 18 -16 0
0.000165 18 18 0
0.001875 18 -18 0
-0.015037 19 1 0
0.008605 19 -1 0
-0.010384 19 3 0
-0.004201 19 -3 0
0.000942 19 5 0
-0.004138 19 -5 0
0.002695 19 7 0
-0.002653 19 -7 0
-0.000430 19 9 0
-0.002786 19 -9 0
-0.000185 19 11 0
