0.038109 1 1 0
-0.010798 1 -1 0
-0.163894 2 0 0
0.027665 2 2 0
-0.000023 2 -2 0
-0.064328 3 1 0
0.024301 3 -1 0
-0.015534 3 3 0
-0.010153 3 -3 0
0.190252 4 0 0
0.014147 4 2 0
-0.014054 4 -2 0
0.029404 4 4 0
0.020869 4 -4 0
0.054869 5 1 0
-0.008635 5 -1 0
-0.019122 5 3 0
-0.002606 5 -3 0
0.005155 5 5 0
-0.003964 5 -5 0
-0.228350 6 0 0
0.003846 6 2 0
-0.001174 6 -2 0
-0.008005 6 4 0
0.006204 6 -4 0
-0.001005 6 6 0
0.010011 6 -6 0
-0.100343 7 1 0
0.058298 7 -1 0
-0.015675 7 3 0
-0.000532 7 -3 0
-0.001998 7 5 0
-0.015341 7 -5 0
0.008664 7 7 0
-0.002712 7 -7 0
0.158459 8 0 0
0.020585 8 2 0
0.003724 8 -2 0
0.003810 8 4 0
0.011663 8 -4 0
-0.002235 8 6 0
0.008386 8 -6 0
-0.002331 8 8 0
-0.005958 8 -8 0
0.056158 9 1 0
-0.020095 9 -1 0
-0.009440 9 3 0
-0.006964 9 -3 0
-0.004306 9 5 0
-0.006464 9 -5 0
0.009079 9 7 0
-0.004106 9 -7 0
-0.012507 9 9 0
-0.001507 9 -9 0
-0.138477 10 0 0
0.002067 10 2 0
-0.012092 10 -2 0
-0.000401 10 4 0
0.031798 10 -4 0
-0.006497 10 6 0
0.009299 10 -6 0
0.003280 10 8 0
-0.004414 10 -8 0
0.004231 10 10 0
0.000994 10 -10 0
-0.081177 11 1 0
0.046712 11 -1 0
-0.020563 11 3 0
-0.008787 11 -3 0
0.004121 11 5 0
-0.011843 11 -5 0
0.005049 11 7 0
-0.001484 11 -7 0
-0.010250 11 9 0
-0.003540 11 -9 0
-0.003103 11 11 0
-0.001936 11 -11 0
0.059738 12 0 0
0.021003 12 2 0
0.005106 12 -2 0
0.001494 12 4 0
-0.005515 12 -4 0
-0.001946 12 6 0
0.007289 12 -6 0
0.002070 12 8 0
-0.008997 12 -8 0
0.002467 12 10 0
0.004561 12 -10 0
0.006800 12 12 0
0.008178 12 -12 0
0.022618 13 1 0
-0.004859 13 -1 0
-0.005211 13 3 0
-0.000390 13 -3 0
-0.008991 13 5 0
-0.004857 13 -5 0
0.005716 13 7 0
-0.002186 13 -7 0
-0.012245 13 9 0
-0.001069 13 -9 0
-0.003254 13 11 0
-0.004699 13 -11 0
-0.001481 13 13 0
-0.003233 13 -13 0
-0.056399 14 0 0
0.000606 14 2 0
-0.007356 14 -2 0
0.000727 14 4 0
0.030920 14 -4 0
0.000982 14 6 0
0.009669 14 -6 0
0.003742 14 8 0
-0.003109 14 -8 0
0.003610 14 10 0
0.005323 14 -10 0
0.006924 14 12 0
0.004803 14 -12 0
0.004156 14 14 0
0.005861 14 -14 0
-0.040275 15 1 0
0.023537 15 -1 0
-0.015090 15 3 0
-0.006402 15 -3 0
0.005877 15 5 0
-0.008231 15 -5 0
0.004360 15 7 0
-0.002610 15 -7 0
-0.009924 15 9 0
-0.003475 15 -9 0
-0.000006 15 11 0
-0.000709 15 -11 0
-0.000626 15 13 0
-0.004739 15 -13 0
0.007224 15 15 0
0.001492 15 -15 0
0.014695 16 0 0
0.012319 16 2 0
0.001293 16 -2 0
0.000739 16 4 0
-0.006053 16 -4 0
-0.002652 16 6 0
0.003482 16 -6 0
0.001504 16 8 0
-0.003592 16 -8 0
0.002450 16 10 0
0.001534 16 -10 0
0.005708 16 12 0
0.005192 16 -12 0
0.000754 16 14 0
0.003647 16 -14 0
0.001209 16 16 0
-0.002361 16 -16 0
0.006906 17 1 0
-0.000050 17 -1 0
-0.001082 17 3 0
-0.000702 17 -3 0
-0.004900 17 5 0
-0.001928 17 -5 0
0.001890 17 7 0
-0.000078 17 -7 0
-0.005789 17 9 0
0.000080 17 -9 0
-0.000049 17 11 0
-0.003634 17 -11 0
-0.000853 17 13 0
0.000586 17 -13 0
0.005736 17 15 0
-0.001535 17 -15 0
-0.002427 17 17 0
0.002650 17 -17 0
-0.017997 18 0 0
0.000702 18 2 0
-0.003585 18 -2 0
0.000798 18 4 0
0.016409 18 -4 0
0.001296 18 6 0
0.004276 18 -6 0
0.002613 18 8 0
-0.002088 18 -8 0
0.001626 18 10 0
0.002045 18 -10 0
0.005186 18 12 0
0.001305 18 -12 0
0.002070 18 14 0
0.003306 18 -14 0
-0.000293 18 16 0
-0.002394 18 -16 0
-0.001493 18 18 0
0.000159 18 -18 0
-0.015638 19 1 0
0.008601 19 -1 0
-0.009581 19 3 0
-0.004989 19 -3 0
0.002091 19 5 0
-0.004981 19 -5 0
0.002592 19 7 0
-0.002635 19 -7 0
-0.002102 19 9 0
-0.003428 19 -9 0
0.000823 19 11 0
