-0.116461 1 1 0
0.104254 1 -1 0
-0.137675 2 0 0
0.012005 2 2 0
0.047816 2 -2 0
-0.046971 3 1 0
0.005146 3 -1 0
-0.021802 3 3 0
0.010049 3 -3 0
0.184112 4 0 0
0.026924 4 2 0
-0.007890 4 -2 0
-0.003762 4 4 0
0.007072 4 -4 0
0.055386 5 1 0
-0.015109 5 -1 0
-0.000367 5 3 0
-0.013414 5 -3 0
-0.002424 5 5 0
-0.009120 5 -5 0
-0.221319 6 0 0
-0.007962 6 2 0
-0.010235 6 -2 0
0.001730 6 4 0
0.008336 6 -4 0
-0.000065 6 6 0
0.011865 6 -6 0
-0.093583 7 1 0
0.052378 7 -1 0
-0.017146 7 3 0
-0.000602 7 -3 0
0.003923 7 5 0
-0.017439 7 -5 0
0.009307 7 7 0
0.002599 7 -7 0
0.155864 8 0 0
0.019186 8 2 0
0.003828 8 -2 0
-0.001466 8 4 0
0.010420 8 -4 0
-0.003968 8 6 0
0.004882 8 -6 0
0.000025 8 8 0
-0.008092 8 -8 0
0.058205 9 1 0
-0.027373 9 -1 0
-0.004122 9 3 0
-0.013449 9 -3 0
-0.004090 9 5 0
-0.007835 9 -5 0
0.010436 9 7 0
-0.002159 9 -7 0
-0.010035 9 9 0
0.001473 9 -9 0
-0.136663 10 0 0
-0.000410 10 2 0
-0.016052 10 -2 0
-0.001193 10 4 0
0.031285 10 -4 0
-0.004087 10 6 0
0.005756 10 -6 0
-0.000094 10 8 0
-0.002633 10 -8 0
0.000496 10 10 0
0.000321 10 -10 0
-0.074710 11 1 0
0.041620 11 -1 0
-0.014808 11 3 0
-0.011556 11 -3 0
0.006989 11 5 0
-0.012507 11 -5 0
0.008141 11 7 0
-0.001244 11 -7 0
-0.004259 11 9 0
0.001094 11 -9 0
-0.000603 11 11 0
-0.000914 11 -11 0
0.059655 12 0 0
0.016820 12 2 0
0.003074 12 -2 0
-0.000332 12 4 0
-0.005882 12 -4 0
-0.000811 12 6 0
0.004032 12 -6 0
0.000739 12 8 0
-0.007230 12 -8 0
0.001166 12 10 0
0.001748 12 -10 0
0.006580 12 12 0
0.006332 12 -12 0
0.025305 13 1 0
-0.009133 13 -1 0
-0.001080 13 3 0
-0.003319 13 -3 0
-0.007988 13 5 0
-0.007786 13 -5 0
0.009041 13 7 0
-0.001320 13 -7 0
-0.007314 13 9 0
0.000258 13 -9 0
-0.001042 13 11 0
-0.003718 13 -11 0
-0.003421 13 13 0
0.000649 13 -13 0
-0.055959 14 0 0
-0.000453 14 2 0
-0.010461 14 -2 0
-0.001645 14 4 0
0.030141 14 -4 0
0.000034 14 6 0
0.006589 14 -6 0
0.000038 14 8 0
-0.004075 14 -8 0
0.001950 14 10 0
0.001798 14 -10 0
0.004111 14 12 0
0.005082 14 -12 0
0.002965 14 14 0
-0.002238 14 -14 0
-0.039008 15 1 0
0.021619 15 -1 0
-0.011685 15 3 0
-0.009286 15 -3 0
0.005654 15 5 0
-0.011373 15 -5 0
0.007718 15 7 0
-0.001477 15 -7 0
-0.005493 15 9 0
-0.001178 15 -9 0
0.001786 15 11 0
-0.000204 15 -11 0
-0.001147 15 13 0
-0.001048 15 -13 0
0.005694 15 15 0
0.002789 15 -15 0
0.015526 16 0 0
0.010291 16 2 0
-0.001533 16 -2 0
-0.000335 16 4 0
-0.007280 16 -4 0
-0.002502 16 6 0
0.000905 16 -6 0
-0.000467 16 8 0
-0.003470 16 -8 0
0.001667 16 10 0
-0.001801 16 -10 0
0.003442 16 12 0
0.005534 16 -12 0
-0.000282 16 14 0
-0.000122 16 -14 0
0.000684 16 16 0
-0.004862 16 -16 0
0.009415 17 1 0
-0.002011 17 -1 0
0.000050 17 3 0
-0.001761 17 -3 0
-0.003308 17 5 0
-0.002667 17 -5 0
0.003961 17 7 0
-0.000588 17 -7 0
-0.003597 17 9 0
0.000812 17 -9 0
0.001632 17 11 0
-0.002002 17 -11 0
-0.000801 17 13 0
-0.000327 17 -13 0
0.003360 17 15 0
0.001794 17 -15 0
-0.003580 17 17 0
0.000762 17 -17 0
-0.018915 18 0 0
-0.000463 18 2 0
-0.004593 18 -2 0
-0.001616 18 4 0
0.017115 18 -4 0
0.002321 18 6 0
0.002981 18 -6 0
0.000026 18 8 0
-0.000465 18 -8 0
0.001899 18 10 0
0.000981 18 -10 0
0.004089 18 12 0
0.000423 18 -12 0
0.002935 18 14 0
0.000629 18 -14 0
-0.003352 18 16 0
-0.002169 18 -16 0
-0.000382 18 18 0
0.000076 18 -18 0
-0.013741 19 1 0
0.006760 19 -1 0
-0.008498 19 3 0
-0.006696 19 -3 0
0.002374 19 5 0
-0.005940 19 -5 0
0.004657 19 7 0
-0.002101 19 -7 0
-0.000194 19 9 0
-0.002110 19 -9 0
-0.000214 19 11 0
