0.044579 1 1 0
-0.014721 1 -1 0
0.036507 2 0 0
-0.147120 2 2 0
-0.158343 2 -2 0
0.137315 3 1 0
0.208070 3 -1 0
-0.142840 3 3 0
0.007777 3 -3 0
0.153599 4 0 0
0.283147 4 2 0
0.172975 4 -2 0
-0.149089 4 4 0
0.041681 4 -4 0
0.084440 5 1 0
0.153100 5 -1 0
0.341892 5 3 0
-0.013609 5 -3 0
-0.086794 5 5 0
0.084139 5 -5 0
-0.024956 6 0 0
-0.042669 6 2 0
-0.010930 6 -2 0
0.196706 6 4 0
-0.165389 6 -4 0
-0.006784 6 6 0
0.113270 6 -6 0
-0.078746 7 1 0
-0.121208 7 -1 0
-0.117275 7 3 0
0.029474 7 -3 0
0.093547 7 5 0
-0.255602 7 -5 0
0.057889 7 7 0
-0.003382 7 -7 0
-0.031899 8 0 0
-0.125070 8 2 0
-0.045589 8 -2 0
-0.183957 8 4 0
0.086722 8 -4 0
-0.026001 8 6 0
-0.166758 8 -6 0
0.093463 8 8 0
0.008199 8 -8 0
0.013603 9 1 0
0.026061 9 -1 0
-0.022786 9 3 0
0.021152 9 -3 0
-0.092001 9 5 0
0.120201 9 -5 0
-0.052215 9 7 0
-0.157747 9 -7 0
0.028502 9 9 0
-0.001245 9 -9 0
0.043741 10 0 0
0.039228 10 2 0
0.020713 10 -2 0
-0.012947 10 4 0
-0.026523 10 -4 0
0.001367 10 6 0
0.136248 10 -6 0
-0.050436 10 8 0
-0.044474 10 -8 0
0.050266 10 10 0
-0.059868 10 -10 0
0.041456 11 1 0
0.058385 11 -1 0
0.073182 11 3 0
-0.007887 11 -3 0
0.016102 11 5 0
-0.105201 11 -5 0
0.068562 11 7 0
0.028769 11 -7 0
-0.060363 11 9 0
0.027080 11 -9 0
-0.078088 11 11 0
0.023536 11 -11 0
0.017102 12 0 0
0.000384 12 2 0
0.007810 12 -2 0
0.000265 12 4 0
-0.040245 12 -4 0
-0.014022 12 6 0
-0.077896 12 -6 0
0.078412 12 8 0
0.025277 12 -8 0
0.008426 12 10 0
0.007806 12 -10 0
-0.017140 12 12 0
0.029766 12 -12 0
-0.006973 13 1 0
0.004208 13 -1 0
0.002047 13 3 0
0.022869 13 -3 0
-0.017199 13 5 0
-0.037837 13 -5 0
-0.034919 13 7 0
-0.104570 13 -7 0
0.035976 13 9 0
0.010766 13 -9 0
-0.042933 13 11 0
0.064031 13 -11 0
-0.046456 13 13 0
-0.068853 13 -13 0
-0.002647 14 0 0
-0.030098 14 2 0
0.001417 14 -2 0
-0.032159 14 4 0
0.014096 14 -4 0
-0.007488 14 6 0
0.013017 14 -6 0
-0.035557 14 8 0
-0.030265 14 -8 0
0.050486 14 10 0
-0.025754 14 -10 0
0.008104 14 12 0
0.041377 14 -12 0
-0.041783 14 14 0
0.011163 14 -14 0
0.004727 15 1 0
0.000227 15 -1 0
-0.003539 15 3 0
0.009069 15 -3 0
-0.004909 15 5 0
-0.000155 15 -5 0
0.013726 15 7 0
-0.012689 15 -7 0
-0.048578 15 9 0
0.000786 15 -9 0
-0.017625 15 11 0
0.006985 15 -11 0
-0.004784 15 13 0
-0.038397 15 -13 0
0.022112 15 15 0
-0.025951 15 -15 0
0.006077 16 0 0
-0.001838 16 2 0
-0.005848 16 -2 0
-0.016265 16 4 0
-0.005546 16 -4 0
0.005992 16 6 0
0.008362 16 -6 0
0.026747 16 8 0
0.007672 16 -8 0
-0.013282 16 10 0
0.005853 16 -10 0
-0.003911 16 12 0
0.004414 16 -12 0
-0.010095 16 14 0
-0.000834 16 -14 0
0.006926 16 16 0
-0.015942 16 -16 0
0.009065 17 1 0
0.014583 17 -1 0
0.009709 17 3 0
-0.000753 17 -3 0
-0.011607 17 5 0
-0.018860 17 -5 0
0.004330 17 7 0
-0.023817 17 -7 0
0.015067 17 9 0
-0.000266 17 -9 0
-0.022272 17 11 0
0.030102 17 -11 0
-0.020180 17 13 0
-0.027668 17 -13 0
0.017578 17 15 0
-0.024867 17 -15 0
0.009912 17 17 0
0.004042 17 -17 0
0.006806 18 0 0
0.001193 18 2 0
0.006647 18 -2 0
-0.005828 18 4 0
-0.007632 18 -4 0
-0.005423 18 6 0
-0.001660 18 -6 0
-0.002423 18 8 0
-0.006496 18 -8 0
0.019278 18 10 0
-0.008215 18 -10 0
-0.002118 18 12 0
0.023527 18 -12 0
-0.020008 18 14 0
0.003922 18 -14 0
0.002380 18 16 0
-0.015004 18 -16 0
0.008789 18 18 0
0.000377 18 -18 0
0.004661 19 1 0
0.005119 19 -1 0
0.003842 19 3 0
0.003054 19 -3 0
-0.003609 19 5 0
-0.008136 19 -5 0
-0.006743 19 7 0
-0.009194 19 -7 0
-0.012400 19 9 0
-0.004978 19 -9 0
0.000398 19 11 0
