-0.018048 1 1 0
-0.094549 1 -1 0
0.017659 2 0 0
-0.111965 2 2 0
-0.136975 2 -2 0
0.153764 3 1 0
0.217269 3 -1 0
-0.169614 3 3 0
0.017803 3 -3 0
0.152678 4 0 0
0.257191 4 2 0
0.173979 4 -2 0
-0.131969 4 4 0
0.056297 4 -4 0
0.088614 5 1 0
0.154739 5 -1 0
0.362704 5 3 0
-0.004158 5 -3 0
-0.076634 5 5 0
0.065165 5 -5 0
-0.023075 6 0 0
-0.040594 6 2 0
-0.015088 6 -2 0
0.190803 6 4 0
-0.178323 6 -4 0
-0.016900 6 6 0
0.117020 6 -6 0
-0.074200 7 1 0
-0.110005 7 -1 0
-0.119991 7 3 0
0.030350 7 -3 0
0.094199 7 5 0
-0.257796 7 -5 0
0.068561 7 7 0
-0.015748 7 -7 0
-0.032934 8 0 0
-0.136275 8 2 0
-0.048439 8 -2 0
-0.173720 8 4 0
0.091076 8 -4 0
-0.023108 8 6 0
-0.176672 8 -6 0
0.078907 8 8 0
0.011339 8 -8 0
0.020317 9 1 0
0.027410 9 -1 0
-0.015334 9 3 0
0.028684 9 -3 0
-0.095467 9 5 0
0.115362 9 -5 0
-0.058691 9 7 0
-0.160191 9 -7 0
0.025850 9 9 0
0.008262 9 -9 0
0.043880 10 0 0
0.033190 10 2 0
0.017809 10 -2 0
-0.007091 10 4 0
-0.031387 10 -4 0
-0.000928 10 6 0
0.136372 10 -6 0
-0.054783 10 8 0
-0.049186 10 -8 0
0.049761 10 10 0
-0.056876 10 -10 0
0.041173 11 1 0
0.065660 11 -1 0
0.076532 11 3 0
0.002026 11 -3 0
0.021654 11 5 0
-0.100581 11 -5 0
0.066409 11 7 0
0.026697 11 -7 0
-0.067201 11 9 0
0.026383 11 -9 0
-0.084582 11 11 0
0.014936 11 -11 0
0.015001 12 0 0
-0.002571 12 2 0
0.006493 12 -2 0
0.007597 12 4 0
-0.042273 12 -4 0
-0.015912 12 6 0
-0.086234 12 -6 0
0.074266 12 8 0
0.027676 12 -8 0
0.001935 12 10 0
0.015791 12 -10 0
0.004789 12 12 0
0.037565 12 -12 0
-0.004740 13 1 0
0.010888 13 -1 0
0.001978 13 3 0
0.031404 13 -3 0
-0.017501 13 5 0
-0.035678 13 -5 0
-0.036967 13 7 0
-0.102937 13 -7 0
0.033689 13 9 0
0.016489 13 -9 0
-0.041366 13 11 0
0.056298 13 -11 0
-0.058299 13 13 0
-0.075971 13 -13 0
-0.001465 14 0 0
-0.034678 14 2 0
-0.000822 14 -2 0
-0.026132 14 4 0
0.013612 14 -4 0
-0.008456 14 6 0
0.010717 14 -6 0
-0.036625 14 8 0
-0.035729 14 -8 0
0.046642 14 10 0
-0.022250 14 -10 0
0.017178 14 12 0
0.046562 14 -12 0
-0.038056 14 14 0
0.022067 14 -14 0
0.007843 15 1 0
0.003778 15 -1 0
-0.000804 15 3 0
0.018450 15 -3 0
-0.004383 15 5 0
0.004390 15 -5 0
0.009832 15 7 0
-0.012695 15 -7 0
-0.052984 15 9 0
0.006901 15 -9 0
-0.018841 15 11 0
0.003715 15 -11 0
-0.010944 15 13 0
-0.034747 15 -13 0
0.023966 15 15 0
-0.032861 15 -15 0
0.005675 16 0 0
-0.002865 16 2 0
-0.005931 16 -2 0
-0.013272 16 4 0
-0.006674 16 -4 0
0.004926 16 6 0
0.002632 16 -6 0
0.024830 16 8 0
0.006508 16 -8 0
-0.014641 16 10 0
0.010943 16 -10 0
0.005673 16 12 0
0.008389 16 -12 0
-0.007053 16 14 0
0.000326 16 -14 0
0.009094 16 16 0
-0.021291 16 -16 0
0.010185 17 1 0
0.018825 17 -1 0
0.010589 17 3 0
0.003855 17 -3 0
-0.010174 17 5 0
-0.015070 17 -5 0
0.002868 17 7 0
-0.021136 17 -7 0
0.012269 17 9 0
0.005125 17 -9 0
-0.020900 17 11 0
0.030776 17 -11 0
-0.022678 17 13 0
-0.029093 17 -13 0
0.018435 17 15 0
-0.024713 17 -15 0
0.013000 17 17 0
0.011895 17 -17 0
0.007035 18 0 0
0.000984 18 2 0
0.004764 18 -2 0
-0.000693 18 4 0
-0.007588 18 -4 0
-0.006525 18 6 0
-0.004044 18 -6 0
-0.001491 18 8 0
-0.006774 18 -8 0
0.017807 18 10 0
-0.005701 18 -10 0
0.001228 18 12 0
0.025857 18 -12 0
-0.020561 18 14 0
0.007263 18 -14 0
0.007154 18 16 0
-0.019162 18 -16 0
0.009482 18 18 0
-0.007521 18 -18 0
0.005514 19 1 0
0.006469 19 -1 0
0.004471 19 3 0
0.007032 19 -3 0
-0.003442 19 5 0
-0.006436 19 -5 0
-0.007985 19 7 0
-0.009976 19 -7 0
-0.012460 19 9 0
-0.002572 19 -9 0
0.003111 19 11 0
