0.030548 1 1 0
0.026427 1 -1 0
0.050879 2 0 0
-0.151329 2 2 0
-0.130999 2 -2 0
0.156480 3 1 0
0.219977 3 -1 0
-0.119031 3 3 0
0.019482 3 -3 0
0.146763 4 0 0
0.262345 4 2 0
0.176750 4 -2 0
-0.167459 4 4 0
0.038984 4 -4 0
0.077911 5 1 0
0.153297 5 -1 0
0.318075 5 3 0
-0.022730 5 -3 0
-0.086998 5 5 0
0.091302 5 -5 0
-0.011561 6 0 0
-0.035255 6 2 0
0.001275 6 -2 0
0.202340 6 4 0
-0.172281 6 -4 0
-0.016667 6 6 0
0.096074 6 -6 0
-0.078807 7 1 0
-0.118261 7 -1 0
-0.119319 7 3 0
0.025698 7 -3 0
0.090551 7 5 0
-0.261861 7 -5 0
0.046209 7 7 0
-0.019112 7 -7 0
-0.033173 8 0 0
-0.129234 8 2 0
-0.033281 8 -2 0
-0.193687 8 4 0
0.082621 8 -4 0
-0.032194 8 6 0
-0.171948 8 -6 0
0.100765 8 8 0
0.008911 8 -8 0
0.016653 9 1 0
0.032872 9 -1 0
-0.041202 9 3 0
0.015178 9 -3 0
-0.091811 9 5 0
0.116762 9 -5 0
-0.053105 9 7 0
-0.174107 9 -7 0
0.032547 9 9 0
-0.007906 9 -9 0
0.046499 10 0 0
0.038499 10 2 0
0.028668 10 -2 0
-0.017954 10 4 0
-0.029460 10 -4 0
-0.004607 10 6 0
0.130464 10 -6 0
-0.044630 10 8 0
-0.054737 10 -8 0
0.052170 10 10 0
-0.074997 10 -10 0
0.036231 11 1 0
0.065455 11 -1 0
0.066616 11 3 0
-0.009367 11 -3 0
0.017029 11 5 0
-0.102664 11 -5 0
0.062473 11 7 0
0.017571 11 -7 0
-0.062581 11 9 0
0.029464 11 -9 0
-0.056604 11 11 0
0.027484 11 -11 0
0.018561 12 0 0
0.000145 12 2 0
0.016839 12 -2 0
-0.005233 12 4 0
-0.043041 12 -4 0
-0.019714 12 6 0
-0.083973 12 -6 0
0.083238 12 8 0
0.022630 12 -8 0
0.010470 12 10 0
-0.000568 12 -10 0
-0.012506 12 12 0
0.040756 12 -12 0
-0.006209 13 1 0
0.012241 13 -1 0
-0.007867 13 3 0
0.018568 13 -3 0
-0.016418 13 5 0
-0.036115 13 -5 0
-0.037226 13 7 0
-0.110738 13 -7 0
0.036517 13 9 0
0.012253 13 -9 0
-0.025731 13 11 0
0.071135 13 -11 0
-0.046806 13 13 0
-0.063760 13 -13 0
-0.000478 14 0 0
-0.032692 14 2 0
0.007229 14 -2 0
-0.033557 14 4 0
0.012295 14 -4 0
-0.010369 14 6 0
0.008943 14 -6 0
-0.029923 14 8 0
-0.035900 14 -8 0
0.051912 14 10 0
-0.032836 14 -10 0
0.015709 14 12 0
0.053527 14 -12 0
-0.037663 14 14 0
0.013503 14 -14 0
0.003172 15 1 0
0.006589 15 -1 0
-0.009434 15 3 0
0.008362 15 -3 0
-0.002935 15 5 0
0.000778 15 -5 0
0.012114 15 7 0
-0.018235 15 -7 0
-0.050666 15 9 0
0.006356 15 -9 0
-0.005932 15 11 0
0.009956 15 -11 0
-0.005510 15 13 0
-0.032841 15 -13 0
0.021562 15 15 0
-0.026280 15 -15 0
0.006806 16 0 0
-0.002525 16 2 0
-0.001507 16 -2 0
-0.018935 16 4 0
-0.007271 16 -4 0
0.002719 16 6 0
0.006335 16 -6 0
0.029399 16 8 0
0.005709 16 -8 0
-0.010858 16 10 0
0.003576 16 -10 0
0.000192 16 12 0
0.010483 16 -12 0
-0.006473 16 14 0
0.004895 16 -14 0
0.006101 16 16 0
-0.024482 16 -16 0
0.009967 17 1 0
0.019954 17 -1 0
0.007122 17 3 0
-0.001833 17 -3 0
-0.010088 17 5 0
-0.017201 17 -5 0
0.004759 17 7 0
-0.024643 17 -7 0
0.013890 17 9 0
0.001639 17 -9 0
-0.014802 17 11 0
0.035980 17 -11 0
-0.020672 17 13 0
-0.024335 17 -13 0
0.017316 17 15 0
-0.024758 17 -15 0
0.016376 17 17 0
0.001146 17 -17 0
0.007302 18 0 0
0.000933 18 2 0
0.006953 18 -2 0
-0.006068 18 4 0
-0.008281 18 -4 0
-0.006987 18 6 0
-0.003664 18 -6 0
0.000152 18 8 0
-0.006753 18 -8 0
0.019617 18 10 0
-0.009917 18 -10 0
-0.000453 18 12 0
0.029094 18 -12 0
-0.018637 18 14 0
0.006562 18 -14 0
0.000387 18 16 0
-0.019140 18 -16 0
0.006700 18 18 0
-0.002376 18 -18 0
0.005481 19 1 0
0.009391 19 -1 0
0.001636 19 3 0
0.002379 19 -3 0
-0.003253 19 5 0
-0.007738 19 -5 0
-0.006432 19 7 0
-0.009177 19 -7 0
-0.013474 19 9 0
-0.003027 19 -9 0
0.004128 19 11 0
