-0.228801 1 1 0
-0.042079 1 -1 0
-0.073803 2 0 0
-0.003863 2 2 0
0.029224 2 -2 0
0.083084 3 1 0
-0.066093 3 -1 0
0.001206 3 3 0
0.010646 3 -3 0
0.019951 4 0 0
0.083323 4 2 0
0.004095 4 -2 0
0.002065 4 4 0
0.005369 4 -4 0
-0.065919 5 1 0
0.076059 5 -1 0
0.038375 5 3 0
0.034307 5 -3 0
-0.005511 5 5 0
-0.002059 5 -5 0
0.021875 6 0 0
-0.105389 6 2 0
0.002672 6 -2 0
0.005197 6 4 0
0.023242 6 -4 0
0.007110 6 6 0
0.001329 6 -6 0
0.028689 7 1 0
-0.032941 7 -1 0
-0.049531 7 3 0
-0.047095 7 -3 0
-0.014733 7 5 0
0.015826 7 -5 0
0.005877 7 7 0
-0.003534 7 -7 0
-0.027494 8 0 0
0.075833 8 2 0
-0.007078 8 -2 0
-0.004878 8 4 0
-0.038267 8 -4 0
-0.011913 8 6 0
0.001269 8 -6 0
-0.002131 8 8 0
0.000713 8 -8 0
0.003655 9 1 0
-0.009883 9 -1 0
0.048653 9 3 0
0.042044 9 -3 0
0.013092 9 5 0
-0.020253 9 -5 0
-0.008326 9 7 0
-0.010720 9 -7 0
-0.002561 9 9 0
0.000378 9 -9 0
0.017449 10 0 0
-0.035148 10 2 0
0.000566 10 -2 0
0.008020 10 4 0
0.038315 10 -4 0
0.016060 10 6 0
-0.001012 10 -6 0
-0.003649 10 8 0
0.001180 10 -8 0
-0.002104 10 10 0
-0.000980 10 -10 0
-0.014662 11 1 0
0.017978 11 -1 0
-0.031190 11 3 0
-0.026796 11 -3 0
-0.013721 11 5 0
0.016792 11 -5 0
0.009761 11 7 0
0.005913 11 -7 0
0.005899 11 9 0
-0.004458 11 -9 0
0.001841 11 11 0
-0.002473 11 -11 0
-0.000883 12 0 0
0.000246 12 2 0
-0.002206 12 -2 0
-0.002286 12 4 0
-0.033097 12 -4 0
-0.011540 12 6 0
0.002244 12 -6 0
0.000355 12 8 0
0.009783 12 -8 0
-0.002899 12 10 0
-0.002205 12 -10 0
-0.001105 12 12 0
-0.004147 12 -12 0
0.011301 13 1 0
-0.009048 13 -1 0
0.013790 13 3 0
0.013711 13 -3 0
0.007878 13 5 0
-0.012681 13 -5 0
-0.008261 13 7 0
-0.008037 13 -7 0
0.000208 13 9 0
0.001420 13 -9 0
0.001525 13 11 0
0.004403 13 -11 0
0.003931 13 13 0
0.001918 13 -13 0
-0.005277 14 0 0
0.006677 14 2 0
-0.000741 14 -2 0
-0.000171 14 4 0
0.017423 14 -4 0
0.012108 14 6 0
-0.000369 14 -6 0
-0.002397 14 8 0
-0.004733 14 -8 0
-0.005903 14 10 0
-0.001835 14 -10 0
-0.002352 14 12 0
0.000750 14 -12 0
-0.002967 14 14 0
-0.001754 14 -14 0
-0.001249 15 1 0
0.000507 15 -1 0
-0.003720 15 3 0
-0.001006 15 -3 0
-0.005992 15 5 0
0.009043 15 -5 0
0.005473 15 7 0
0.004017 15 -7 0
0.005213 15 9 0
-0.004277 15 -9 0
0.000831 15 11 0
-0.000140 15 -11 0
0.001394 15 13 0
0.000779 15 -13 0
0.001786 15 15 0
0.003784 15 -15 0
0.003749 16 0 0
-0.006973 16 2 0
-0.000010 16 -2 0
0.001196 16 4 0
-0.009138 16 -4 0
-0.004729 16 6 0
0.000022 16 -6 0
-0.000623 16 8 0
0.006239 16 -8 0
0.001171 16 10 0
0.001315 16 -10 0
-0.000015 16 12 0
-0.001467 16 -12 0
-0.001684 16 14 0
-0.001524 16 -14 0
-0.001933 16 16 0
-0.002482 16 -16 0
-0.001090 17 1 0
0.002329 17 -1 0
-0.001211 17 3 0
0.001621 17 -3 0
0.005160 17 5 0
-0.003130 17 -5 0
-0.004373 17 7 0
-0.004488 17 -7 0
-0.000643 17 9 0
0.003701 17 -9 0
0.003142 17 11 0
0.001297 17 -11 0
0.002424 17 13 0
0.003049 17 -13 0
-0.000503 17 15 0
0.001283 17 -15 0
0.000252 17 17 0
0.004425 17 -17 0
-0.000839 18 0 0
0.002735 18 2 0
0.000347 18 -2 0
0.000315 18 4 0
0.001439 18 -4 0
0.003396 18 6 0
0.001603 18 -6 0
-0.002342 18 8 0
-0.002068 18 -8 0
-0.002399 18 10 0
-0.000857 18 -10 0
-0.002196 18 12 0
-0.000427 18 -12 0
-0.000822 18 14 0
0.002302 18 -14 0
-0.000425 18 16 0
-0.001327 18 -16 0
0.000368 18 18 0
-0.001578 18 -18 0
0.002689 19 1 0
-0.001254 19 -1 0
0.001070 19 3 0
0.001403 19 -3 0
-0.001388 19 5 0
0.002300 19 -5 0
0.000331 19 7 0
-0.000798 19 -7 0
0.003796 19 9 0
-0.002128 19 -9 0
-0.001791 19 11 0
