-0.029311 1 1 0
-0.107500 1 -1 0
-0.108572 2 0 0
0.026920 2 2 0
-0.008261 2 -2 0
0.076660 3 1 0
-0.061855 3 -1 0
-0.036638 3 3 0
-0.020640 3 -3 0
0.028601 4 0 0
0.074217 4 2 0
-0.001416 4 -2 0
-0.014254 4 4 0
0.008518 4 -4 0
-0.052316 5 1 0
0.081003 5 -1 0
0.050201 5 3 0
0.048959 5 -3 0
-0.016358 5 5 0
0.001657 5 -5 0
0.005250 6 0 0
-0.084274 6 2 0
0.000035 6 -2 0
0.004670 6 4 0
0.029970 6 -4 0
0.006423 6 6 0
0.013380 6 -6 0
0.035673 7 1 0
-0.035603 7 -1 0
-0.049315 7 3 0
-0.040266 7 -3 0
-0.016891 7 5 0
0.016022 7 -5 0
-0.000614 7 7 0
-0.005722 7 -7 0
-0.029227 8 0 0
0.096065 8 2 0
0.005850 8 -2 0
-0.002915 8 4 0
-0.031123 8 -4 0
-0.007328 8 6 0
-0.005816 8 -6 0
-0.000055 8 8 0
-0.001916 8 -8 0
-0.001225 9 1 0
0.008733 9 -1 0
0.043166 9 3 0
0.048630 9 -3 0
0.010637 9 5 0
-0.011101 9 -5 0
0.002817 9 7 0
-0.013516 9 -7 0
0.005790 9 9 0
-0.008257 9 -9 0
0.015844 10 0 0
-0.033847 10 2 0
-0.000361 10 -2 0
-0.000318 10 4 0
0.043261 10 -4 0
0.014116 10 6 0
0.005869 10 -6 0
0.006100 10 8 0
-0.001271 10 -8 0
0.000494 10 10 0
-0.006153 10 -10 0
-0.010012 11 1 0
0.015319 11 -1 0
-0.030505 11 3 0
-0.025963 11 -3 0
-0.021616 11 5 0
0.013744 11 -5 0
0.010181 11 7 0
0.002165 11 -7 0
0.011185 11 9 0
-0.007637 11 -9 0
0.002368 11 11 0
-0.000521 11 -11 0
-0.010654 12 0 0
0.024039 12 2 0
0.000944 12 -2 0
-0.001444 12 4 0
-0.026012 12 -4 0
-0.012609 12 6 0
-0.002459 12 -6 0
0.004562 12 8 0
0.005200 12 -8 0
0.000122 12 10 0
-0.006072 12 -10 0
-0.005642 12 12 0
-0.003955 12 -12 0
0.017318 13 1 0
-0.010020 13 -1 0
0.019295 13 3 0
0.025854 13 -3 0
0.003328 13 5 0
-0.004982 13 -5 0
-0.003309 13 7 0
-0.012584 13 -7 0
0.004811 13 9 0
-0.002452 13 -9 0
0.002567 13 11 0
0.002516 13 -11 0
-0.003638 13 13 0
0.008566 13 -13 0
-0.006846 14 0 0
0.014189 14 2 0
-0.003057 14 -2 0
-0.004535 14 4 0
0.024316 14 -4 0
0.014103 14 6 0
0.001986 14 -6 0
0.004153 14 8 0
-0.003820 14 -8 0
-0.004441 14 10 0
-0.006518 14 -10 0
-0.005483 14 12 0
0.000111 14 -12 0
-0.009996 14 14 0
-0.000667 14 -14 0
-0.002125 15 1 0
0.006343 15 -1 0
-0.002256 15 3 0
-0.002878 15 -3 0
-0.012328 15 5 0
0.008451 15 -5 0
0.008472 15 7 0
0.001065 15 -7 0
0.009229 15 9 0
-0.004200 15 -9 0
0.001841 15 11 0
-0.000574 15 -11 0
-0.002247 15 13 0
0.006001 15 -13 0
-0.001683 15 15 0
0.002926 15 -15 0
0.002096 16 0 0
-0.001307 16 2 0
-0.001578 16 -2 0
0.001367 16 4 0
-0.007051 16 -4 0
-0.008037 16 6 0
-0.000851 16 -6 0
0.004222 16 8 0
0.005745 16 -8 0
0.002974 16 10 0
-0.000316 16 -10 0
-0.003283 16 12 0
0.000879 16 -12 0
-0.006764 16 14 0
-0.001302 16 -14 0
-0.003614 16 16 0
-0.004346 16 -16 0
0.002679 17 1 0
0.000765 17 -1 0
0.001005 17 3 0
0.005215 17 -3 0
0.001944 17 5 0
0.000097 17 -5 0
-0.001944 17 7 0
-0.008139 17 -7 0
0.000844 17 9 0
-0.000310 17 -9 0
0.001932 17 11 0
0.002155 17 -11 0
-0.001595 17 13 0
0.004268 17 -13 0
0.001657 17 15 0
-0.000789 17 -15 0
-0.000763 17 17 0
-0.000175 17 -17 0
-0.003579 18 0 0
0.008396 18 2 0
0.000470 18 -2 0
-0.004233 18 4 0
0.006656 18 -4 0
0.002387 18 6 0
0.001877 18 -6 0
0.002255 18 8 0
-0.003409 18 -8 0
-0.002634 18 10 0
-0.002800 18 -10 0
-0.003376 18 12 0
-0.001530 18 -12 0
-0.005989 18 14 0
-0.000104 18 -14 0
0.002586 18 16 0
-0.005239 18 -16 0
0.001860 18 18 0
-0.004522 18 -18 0
0.004195 19 1 0
-0.001385 19 -1 0
0.000082 19 3 0
0.002384 19 -3 0
-0.005626 19 5 0
0.001742 19 -5 0
0.000859 19 7 0
0.000321 19 -7 0
0.005069 19 9 0
-0.002266 19 -9 0
-0.001615 19 11 0
