-0.096918 1 1 0
-0.056018 1 -1 0
-0.058496 2 0 0
-0.005960 2 2 0
-0.007912 2 -2 0
0.112422 3 1 0
-0.057736 3 -1 0
-0.010861 3 3 0
0.004135 3 -3 0
0.031319 4 0 0
0.082016 4 2 0
-0.005722 4 -2 0
0.004772 4 4 0
0.018150 4 -4 0
-0.065327 5 1 0
0.081622 5 -1 0
0.031383 5 3 0
0.041249 5 -3 0
-0.015708 5 5 0
-0.001426 5 -5 0
0.005727 6 0 0
-0.095940 6 2 0
-0.008340 6 -2 0
0.004897 6 4 0
0.016673 6 -4 0
0.005662 6 6 0
0.010118 6 -6 0
0.048220 7 1 0
-0.046850 7 -1 0
-0.042905 7 3 0
-0.034794 7 -3 0
-0.018769 7 5 0
0.007296 7 -5 0
0.007589 7 7 0
-0.009548 7 -7 0
-0.029793 8 0 0
0.089410 8 2 0
-0.002972 8 -2 0
0.009510 8 4 0
-0.033470 8 -4 0
-0.007258 8 6 0
0.007382 8 -6 0
-0.006678 8 8 0
0.000274 8 -8 0
0.000635 9 1 0
0.004982 9 -1 0
0.040786 9 3 0
0.054622 9 -3 0
0.006034 9 5 0
-0.015915 9 -5 0
0.007015 9 7 0
-0.016511 9 -7 0
0.010107 9 9 0
-0.000369 9 -9 0
0.018221 10 0 0
-0.040859 10 2 0
-0.005375 10 -2 0
0.006595 10 4 0
0.034528 10 -4 0
0.014777 10 6 0
0.010348 10 -6 0
-0.002917 10 8 0
0.001442 10 -8 0
-0.007180 10 10 0
-0.009623 10 -10 0
-0.005049 11 1 0
0.014843 11 -1 0
-0.032243 11 3 0
-0.023252 11 -3 0
-0.025060 11 5 0
0.008635 11 -5 0
0.013633 11 7 0
0.001261 11 -7 0
0.015752 11 9 0
-0.003606 11 -9 0
0.003323 11 11 0
0.003616 11 -11 0
-0.007990 12 0 0
0.018458 12 2 0
-0.004582 12 -2 0
0.005732 12 4 0
-0.029707 12 -4 0
-0.012489 12 6 0
0.004267 12 -6 0
-0.003756 12 8 0
0.006713 12 -8 0
-0.006919 12 10 0
-0.006188 12 -10 0
-0.001170 12 12 0
-0.005420 12 -12 0
0.020786 13 1 0
-0.010192 13 -1 0
0.016789 13 3 0
0.030997 13 -3 0
0.001845 13 5 0
-0.009687 13 -5 0
-0.000052 13 7 0
-0.011954 13 -7 0
0.007546 13 9 0
-0.000494 13 -9 0
0.002948 13 11 0
0.005799 13 -11 0
-0.002116 13 13 0
0.011807 13 -13 0
-0.004922 14 0 0
0.007900 14 2 0
-0.005618 14 -2 0
0.000780 14 4 0
0.020228 14 -4 0
0.012429 14 6 0
0.005233 14 -6 0
-0.000470 14 8 0
-0.002713 14 -8 0
-0.009617 14 10 0
-0.008082 14 -10 0
-0.001734 14 12 0
-0.001950 14 -12 0
-0.002602 14 14 0
0.004366 14 -14 0
-0.000503 15 1 0
0.004545 15 -1 0
-0.005129 15 3 0
-0.000962 15 -3 0
-0.014800 15 5 0
0.007374 15 -5 0
0.008330 15 7 0
0.000479 15 -7 0
0.009746 15 9 0
-0.003659 15 -9 0
0.001536 15 11 0
0.001961 15 -11 0
-0.004947 15 13 0
0.005380 15 -13 0
-0.004775 15 15 0
0.005659 15 -15 0
0.003725 16 0 0
-0.004274 16 2 0
-0.003578 16 -2 0
0.004455 16 4 0
-0.010199 16 -4 0
-0.007165 16 6 0
0.000695 16 -6 0
0.000346 16 8 0
0.005455 16 -8 0
-0.001428 16 10 0
-0.002180 16 -10 0
-0.000758 16 12 0
-0.000488 16 -12 0
-0.002602 16 14 0
0.001886 16 -14 0
-0.000467 16 16 0
-0.000908 16 -16 0
0.003880 17 1 0
0.000914 17 -1 0
0.000423 17 3 0
0.006254 17 -3 0
0.001707 17 5 0
-0.002797 17 -5 0
-0.000050 17 7 0
-0.007380 17 -7 0
0.000516 17 9 0
0.000379 17 -9 0
0.001272 17 11 0
0.002670 17 -11 0
-0.001391 17 13 0
0.004616 17 -13 0
-0.001261 17 15 0
0.001816 17 -15 0
-0.003501 17 17 0
-0.002146 17 -17 0
-0.002596 18 0 0
0.005770 18 2 0
-0.003045 18 -2 0
-0.000778 18 4 0
0.005081 18 -4 0
0.002504 18 6 0
0.002876 18 -6 0
0.000338 18 8 0
-0.003528 18 -8 0
-0.006006 18 10 0
-0.002841 18 -10 0
-0.001714 18 12 0
-0.001908 18 -12 0
-0.002289 18 14 0
0.003284 18 -14 0
0.000532 18 16 0
-0.004419 18 -16 0
0.000465 18 18 0
-0.004096 18 -18 0
0.005419 19 1 0
-0.000794 19 -1 0
-0.000271 19 3 0
0.003407 19 -3 0
-0.005390 19 5 0
0.002838 19 -5 0
0.001752 19 7 0
0.001315 19 -7 0
0.005402 19 9 0
-0.002202 19 -9 0
-0.001818 19 11 0
