-0.014641 1 1 0
0.163056 1 -1 0
-0.197272 2 0 0
0.020372 2 2 0
0.039170 2 -2 0
-0.054737 3 1 0
-0.277189 3 -1 0
-0.004868 3 3 0
0.028159 3 -3 0
0.183111 4 0 0
-0.051281 4 2 0
-0.136593 4 -2 0
0.022470 4 4 0
0.001161 4 -4 0
0.089645 5 1 0
0.405366 5 -1 0
-0.016015 5 3 0
-0.058422 5 -3 0
0.000758 5 5 0
0.007125 5 -5 0
-0.077408 6 0 0
0.074148 6 2 0
0.229911 6 -2 0
-0.024899 6 4 0
-0.029490 6 -4 0
0.014740 6 6 0
0.012092 6 -6 0
-0.047873 7 1 0
-0.339252 7 -1 0
0.059555 7 3 0
0.122737 7 -3 0
-0.018069 7 5 0
-0.011684 7 -5 0
-0.009386 7 7 0
-0.003159 7 -7 0
-0.014860 8 0 0
-0.105378 8 2 0
-0.242464 8 -2 0
0.028193 8 4 0
0.026640 8 -4 0
0.007648 8 6 0
0.004424 8 -6 0
-0.002327 8 8 0
0.017237 8 -8 0
0.043957 9 1 0
0.213086 9 -1 0
-0.062499 9 3 0
-0.119128 9 -3 0
-0.000333 9 5 0
-0.001510 9 -5 0
-0.007216 9 7 0
-0.007123 9 -7 0
0.002559 9 9 0
-0.004781 9 -9 0
0.057955 10 0 0
0.064723 10 2 0
0.168671 10 -2 0
-0.041080 10 4 0
-0.060032 10 -4 0
0.008081 10 6 0
-0.006653 10 -6 0
0.003783 10 8 0
0.021619 10 -8 0
-0.002182 10 10 0
-0.000433 10 -10 0
0.005689 11 1 0
-0.074803 11 -1 0
0.063820 11 3 0
0.114300 11 -3 0
-0.024420 11 5 0
-0.015721 11 -5 0
-0.013618 11 7 0
-0.017288 11 -7 0
0.004596 11 9 0
-0.002817 11 -9 0
-0.004341 11 11 0
-0.003460 11 -11 0
-0.051259 12 0 0
-0.052956 12 2 0
-0.097747 12 -2 0
0.033091 12 4 0
0.047551 12 -4 0
0.008010 12 6 0
0.015123 12 -6 0
-0.001550 12 8 0
0.008502 12 -8 0
0.000062 12 10 0
0.004749 12 -10 0
0.003672 12 12 0
0.001574 12 -12 0
0.000990 13 1 0
0.023544 13 -1 0
-0.038906 13 3 0
-0.063437 13 -3 0
0.009139 13 5 0
0.010793 13 -5 0
-0.005230 13 7 0
0.004698 13 -7 0
-0.000344 13 9 0
-0.005744 13 -9 0
-0.000824 13 11 0
-0.004636 13 -11 0
-0.002786 13 13 0
-0.002077 13 -13 0
0.037863 14 0 0
0.012571 14 2 0
0.036754 14 -2 0
-0.032939 14 4 0
-0.054470 14 -4 0
0.010617 14 6 0
-0.001763 14 -6 0
0.005907 14 8 0
0.021082 14 -8 0
-0.003725 14 10 0
0.002699 14 -10 0
0.003780 14 12 0
0.000131 14 -12 0
0.002955 14 14 0
0.002179 14 -14 0
0.022737 15 1 0
0.020589 15 -1 0
0.029205 15 3 0
0.043685 15 -3 0
-0.023305 15 5 0
-0.027061 15 -5 0
-0.007664 15 7 0
-0.015774 15 -7 0
0.005121 15 9 0
0.001302 15 -9 0
-0.001744 15 11 0
-0.003660 15 -11 0
-0.000108 15 13 0
-0.001297 15 -13 0
0.000798 15 15 0
0.001810 15 -15 0
-0.017842 16 0 0
-0.008760 16 2 0
-0.011190 16 -2 0
0.019940 16 4 0
0.025218 16 -4 0
-0.000774 16 6 0
0.000462 16 -6 0
-0.006641 16 8 0
0.002036 16 -8 0
0.002744 16 10 0
0.000369 16 -10 0
0.000929 16 12 0
-0.000921 16 -12 0
0.000832 16 14 0
0.003255 16 -14 0
0.001718 16 16 0
0.007539 16 -16 0
-0.006214 17 1 0
-0.010223 17 -1 0
-0.010280 17 3 0
-0.010985 17 -3 0
0.009754 17 5 0
0.013829 17 -5 0
-0.003569 17 7 0
0.000152 17 -7 0
-0.001911 17 9 0
-0.002657 17 -9 0
0.001730 17 11 0
-0.002223 17 -11 0
-0.001343 17 13 0
-0.001671 17 -13 0
-0.000657 17 15 0
-0.000723 17 -15 0
0.006252 17 17 0
0.003079 17 -17 0
0.007064 18 0 0
-0.004516 18 2 0
-0.001084 18 -2 0
-0.013017 18 4 0
-0.018362 18 -4 0
0.009479 18 6 0
0.003644 18 -6 0
0.002824 18 8 0
0.010030 18 -8 0
-0.003403 18 10 0
0.000166 18 -10 0
0.002843 18 12 0
-0.000252 18 -12 0
0.001177 18 14 0
0.001498 18 -14 0
0.000402 18 16 0
0.003194 18 -16 0
-0.000876 18 18 0
0.001648 18 -18 0
0.011051 19 1 0
0.013395 19 -1 0
0.004020 19 3 0
0.004062 19 -3 0
-0.012073 19 5 0
-0.016496 19 -5 0
0.001838 19 7 0
-0.006350 19 -7 0
0.004087 19 9 0
0.000761 19 -9 0
-0.002069 19 11 0
