0.115879 1 1 0
-0.063976 1 -1 0
-0.134571 2 0 0
0.038008 2 2 0
-0.040217 2 -2 0
-0.190396 3 1 0
0.000356 3 -1 0
0.018484 3 3 0
0.011416 3 -3 0
0.074087 4 0 0
0.084735 4 2 0
0.146070 4 -2 0
-0.007705 4 4 0
0.007883 4 -4 0
0.280582 5 1 0
-0.020760 5 -1 0
0.072038 5 3 0
-0.004174 5 -3 0
-0.030679 5 5 0
0.018512 5 -5 0
0.006397 6 0 0
0.008560 6 2 0
-0.160469 6 -2 0
-0.034132 6 4 0
-0.035399 6 -4 0
-0.029152 6 6 0
-0.055294 6 -6 0
-0.135294 7 1 0
0.011012 7 -1 0
-0.084452 7 3 0
0.063556 7 -3 0
-0.045846 7 5 0
0.042258 7 -5 0
-0.064929 7 7 0
0.001571 7 -7 0
-0.054626 8 0 0
0.096495 8 2 0
0.204737 8 -2 0
-0.000873 8 4 0
0.057516 8 -4 0
-0.031747 8 6 0
-0.055752 8 -6 0
0.014279 8 8 0
-0.008440 8 -8 0
0.081457 9 1 0
-0.009017 9 -1 0
0.148322 9 3 0
-0.029057 9 -3 0
-0.009384 9 5 0
0.018087 9 -5 0
-0.067815 9 7 0
-0.003316 9 -7 0
0.011060 9 9 0
-0.035086 9 -9 0
0.050845 10 0 0
0.034977 10 2 0
-0.073113 10 -2 0
-0.052821 10 4 0
-0.071684 10 -4 0
-0.040549 10 6 0
-0.051348 10 -6 0
0.017208 10 8 0
-0.001482 10 -8 0
0.022896 10 10 0
0.014075 10 -10 0
0.033973 11 1 0
-0.012674 11 -1 0
-0.064709 11 3 0
0.043050 11 -3 0
-0.064023 11 5 0
0.050538 11 -5 0
-0.052590 11 7 0
0.003410 11 -7 0
0.013684 11 9 0
-0.031676 11 -9 0
0.035243 11 11 0
0.001523 11 -11 0
-0.035703 12 0 0
0.052755 12 2 0
0.061549 12 -2 0
0.007874 12 4 0
0.059668 12 -4 0
-0.016935 12 6 0
-0.034176 12 -6 0
0.010697 12 8 0
-0.011604 12 -8 0
0.014511 12 10 0
0.007701 12 -10 0
0.016015 12 12 0
0.012734 12 -12 0
-0.010330 13 1 0
0.003137 13 -1 0
0.062433 13 3 0
-0.006829 13 -3 0
0.014422 13 5 0
0.004480 13 -5 0
-0.047156 13 7 0
-0.002004 13 -7 0
0.004465 13 9 0
-0.020088 13 -9 0
0.025378 13 11 0
0.001817 13 -11 0
-0.005318 13 13 0
0.014310 13 -13 0
0.012534 14 0 0
0.036091 14 2 0
0.014377 14 -2 0
-0.030335 14 4 0
-0.039710 14 -4 0
-0.032444 14 6 0
-0.045881 14 -6 0
0.010569 14 8 0
0.001294 14 -8 0
0.013890 14 10 0
0.011216 14 -10 0
0.014479 14 12 0
0.008320 14 -12 0
-0.016564 14 14 0
0.017822 14 -14 0
0.038841 15 1 0
-0.012351 15 -1 0
-0.000315 15 3 0
0.011633 15 -3 0
-0.046589 15 5 0
0.030543 15 -5 0
-0.031542 15 7 0
0.004282 15 -7 0
0.010830 15 9 0
-0.017689 15 -9 0
0.022872 15 11 0
0.002148 15 -11 0
-0.002146 15 13 0
0.008415 15 -13 0
-0.000171 15 15 0
0.000340 15 -15 0
-0.004310 16 0 0
0.016528 16 2 0
0.001685 16 -2 0
0.000526 16 4 0
0.017280 16 -4 0
-0.003183 16 6 0
-0.006287 16 -6 0
0.005404 16 8 0
-0.004167 16 -8 0
0.003343 16 10 0
0.000724 16 -10 0
0.005485 16 12 0
0.004653 16 -12 0
-0.011646 16 14 0
0.010399 16 -14 0
-0.000474 16 16 0
0.003934 16 -16 0
-0.004159 17 1 0
0.000337 17 -1 0
0.004664 17 3 0
0.000496 17 -3 0
0.011250 17 5 0
0.000837 17 -5 0
-0.015370 17 7 0
-0.003762 17 -7 0
0.002790 17 9 0
-0.005636 17 -9 0
0.009270 17 11 0
0.001749 17 -11 0
-0.000789 17 13 0
0.006625 17 -13 0
-0.000736 17 15 0
-0.003684 17 -15 0
0.004750 17 17 0
0.003100 17 -17 0
-0.000329 18 0 0
0.015053 18 2 0
0.013229 18 -2 0
-0.009018 18 4 0
-0.002753 18 -4 0
-0.014290 18 6 0
-0.025419 18 -6 0
0.002204 18 8 0
0.000900 18 -8 0
0.002389 18 10 0
0.005788 18 -10 0
0.005137 18 12 0
0.001935 18 -12 0
-0.006062 18 14 0
0.005594 18 -14 0
-0.001501 18 16 0
0.001429 18 -16 0
0.001969 18 18 0
0.001912 18 -18 0
0.011952 19 1 0
-0.004997 19 -1 0
0.003741 19 3 0
-0.002718 19 -3 0
-0.013326 19 5 0
0.009287 19 -5 0
-0.013212 19 7 0
0.006571 19 -7 0
0.006307 19 9 0
-0.005494 19 -9 0
0.006166 19 11 0
