0.133490 1 1 0
-0.026211 1 -1 0
-0.143825 2 0 0
0.051049 2 2 0
-0.051992 2 -2 0
-0.173146 3 1 0
-0.002165 3 -1 0
0.025709 3 3 0
-0.011474 3 -3 0
0.076266 4 0 0
0.065754 4 2 0
0.143038 4 -2 0
-0.006164 4 4 0
0.012153 4 -4 0
0.270260 5 1 0
-0.030990 5 -1 0
0.085594 5 3 0
-0.015644 5 -3 0
-0.007269 5 5 0
0.022916 5 -5 0
-0.004739 6 0 0
0.003417 6 2 0
-0.169789 6 -2 0
-0.045385 6 4 0
-0.027591 6 -4 0
-0.039096 6 6 0
-0.042737 6 -6 0
-0.128907 7 1 0
0.002011 7 -1 0
-0.085393 7 3 0
0.053763 7 -3 0
-0.038383 7 5 0
0.034638 7 -5 0
-0.047831 7 7 0
0.020735 7 -7 0
-0.062710 8 0 0
0.085030 8 2 0
0.198271 8 -2 0
0.002158 8 4 0
0.063805 8 -4 0
-0.030872 8 6 0
-0.043747 8 -6 0
0.010953 8 8 0
-0.013736 8 -8 0
0.084839 9 1 0
-0.018004 9 -1 0
0.149704 9 3 0
-0.038241 9 -3 0
0.000647 9 5 0
0.015001 9 -5 0
-0.050524 9 7 0
0.018144 9 -7 0
0.021403 9 9 0
-0.018755 9 -9 0
0.045478 10 0 0
0.023585 10 2 0
-0.082929 10 -2 0
-0.054059 10 4 0
-0.069676 10 -4 0
-0.042876 10 6 0
-0.039060 10 -6 0
0.014134 10 8 0
-0.009173 10 -8 0
0.022819 10 10 0
0.007705 10 -10 0
0.041183 11 1 0
-0.018751 11 -1 0
-0.061398 11 3 0
0.035313 11 -3 0
-0.056538 11 5 0
0.047465 11 -5 0
-0.040846 11 7 0
0.020998 11 -7 0
0.022239 11 9 0
-0.013495 11 -9 0
0.043333 11 11 0
0.011133 11 -11 0
-0.041115 12 0 0
0.043697 12 2 0
0.054149 12 -2 0
0.005959 12 4 0
0.063407 12 -4 0
-0.016855 12 6 0
-0.025332 12 -6 0
0.010300 12 8 0
-0.016826 12 -8 0
0.016956 12 10 0
0.005769 12 -10 0
0.020979 12 12 0
0.009185 12 -12 0
-0.010015 13 1 0
-0.003679 13 -1 0
0.063845 13 3 0
-0.012589 13 -3 0
0.020741 13 5 0
0.001922 13 -5 0
-0.036641 13 7 0
0.013234 13 -7 0
0.008036 13 9 0
-0.008449 13 -9 0
0.032551 13 11 0
0.006396 13 -11 0
-0.005499 13 13 0
0.014589 13 -13 0
0.008425 14 0 0
0.029733 14 2 0
0.009295 14 -2 0
-0.030755 14 4 0
-0.037859 14 -4 0
-0.031904 14 6 0
-0.040588 14 -6 0
0.010745 14 8 0
-0.004539 14 -8 0
0.015807 14 10 0
0.009146 14 -10 0
0.016224 14 12 0
0.005188 14 -12 0
-0.018426 14 14 0
0.016177 14 -14 0
0.042685 15 1 0
-0.014612 15 -1 0
0.000232 15 3 0
0.006844 15 -3 0
-0.043024 15 5 0
0.028683 15 -5 0
-0.025487 15 7 0
0.013410 15 -7 0
0.014182 15 9 0
-0.011234 15 -9 0
0.027141 15 11 0
0.004687 15 -11 0
-0.002096 15 13 0
0.008552 15 -13 0
-0.000095 15 15 0
0.005213 15 -15 0
-0.007211 16 0 0
0.011004 16 2 0
-0.000612 16 -2 0
-0.000035 16 4 0
0.018527 16 -4 0
-0.003434 16 6 0
-0.002171 16 -6 0
0.004994 16 8 0
-0.008481 16 -8 0
0.005243 16 10 0
0.001630 16 -10 0
0.008473 16 12 0
0.003530 16 -12 0
-0.012054 16 14 0
0.007710 16 -14 0
-0.004092 16 16 0
0.000580 16 -16 0
-0.003412 17 1 0
-0.001596 17 -1 0
0.005347 17 3 0
-0.001377 17 -3 0
0.013254 17 5 0
0.000724 17 -5 0
-0.012086 17 7 0
0.002281 17 -7 0
0.002944 17 9 0
-0.002551 17 -9 0
0.012373 17 11 0
0.002327 17 -11 0
-0.001222 17 13 0
0.006863 17 -13 0
-0.000427 17 15 0
-0.000032 17 -15 0
0.000226 17 17 0
0.004800 17 -17 0
-0.000954 18 0 0
0.012667 18 2 0
0.012282 18 -2 0
-0.008770 18 4 0
-0.003032 18 -4 0
-0.014309 18 6 0
-0.024406 18 -6 0
0.002478 18 8 0
-0.001485 18 -8 0
0.003239 18 10 0
0.004525 18 -10 0
0.006277 18 12 0
0.000974 18 -12 0
-0.004289 18 14 0
0.004729 18 -14 0
-0.001965 18 16 0
-0.000647 18 -16 0
0.002499 18 18 0
0.002232 18 -18 0
0.012608 19 1 0
-0.005297 19 -1 0
0.004190 19 3 0
-0.004547 19 -3 0
-0.012421 19 5 0
0.008564 19 -5 0
-0.012370 19 7 0
0.007618 19 -7 0
0.005904 19 9 0
-0.004738 19 -9 0
0.008012 19 11 0
