0.176459 1 1 0
-0.028626 1 -1 0
-0.078041 2 0 0
0.046389 2 2 0
0.024007 2 -2 0
-0.167664 3 1 0
0.026069 3 -1 0
-0.015446 3 3 0
0.019091 3 -3 0
0.093080 4 0 0
0.081192 4 2 0
0.160058 4 -2 0
0.001260 4 4 0
0.021507 4 -4 0
0.262051 5 1 0
0.009475 5 -1 0
0.077710 5 3 0
-0.000680 5 -3 0
-0.018315 5 5 0
-0.003977 5 -5 0
0.016004 6 0 0
0.006339 6 2 0
-0.144726 6 -2 0
-0.033708 6 4 0
-0.025757 6 -4 0
-0.043922 6 6 0
-0.059287 6 -6 0
-0.128674 7 1 0
0.037105 7 -1 0
-0.100799 7 3 0
0.041126 7 -3 0
-0.035548 7 5 0
-0.013323 7 -5 0
-0.015730 7 7 0
-0.026844 7 -7 0
-0.028055 8 0 0
0.092385 8 2 0
0.238199 8 -2 0
0.010458 8 4 0
0.068101 8 -4 0
-0.030205 8 6 0
-0.048282 8 -6 0
0.001248 8 8 0
-0.014289 8 -8 0
0.070634 9 1 0
0.021583 9 -1 0
0.142457 9 3 0
-0.014730 9 -3 0
0.007028 9 5 0
-0.011928 9 -5 0
-0.018813 9 7 0
-0.018474 9 -7 0
0.039530 9 9 0
-0.020497 9 -9 0
0.067116 10 0 0
0.032009 10 2 0
-0.057703 10 -2 0
-0.047431 10 4 0
-0.070750 10 -4 0
-0.037673 10 6 0
-0.053209 10 -6 0
-0.004203 10 8 0
-0.010077 10 -8 0
0.001877 10 10 0
-0.026170 10 -10 0
0.036409 11 1 0
-0.002743 11 -1 0
-0.075494 11 3 0
0.028913 11 -3 0
-0.052680 11 5 0
0.013651 11 -5 0
-0.007018 11 7 0
-0.011496 11 -7 0
0.038902 11 9 0
-0.024754 11 -9 0
0.051355 11 11 0
0.005283 11 -11 0
-0.024253 12 0 0
0.045551 12 2 0
0.071666 12 -2 0
0.007507 12 4 0
0.061626 12 -4 0
-0.018514 12 6 0
-0.036755 12 -6 0
-0.000640 12 8 0
-0.014909 12 -8 0
0.009348 12 10 0
-0.021703 12 -10 0
0.022809 12 12 0
-0.033549 12 -12 0
-0.011580 13 1 0
0.012249 13 -1 0
0.063459 13 3 0
-0.008953 13 -3 0
0.023709 13 5 0
-0.020892 13 -5 0
-0.015302 13 7 0
-0.009928 13 -7 0
0.022279 13 9 0
-0.006922 13 -9 0
0.041959 13 11 0
0.002637 13 -11 0
-0.010215 13 13 0
0.017264 13 -13 0
0.021551 14 0 0
0.034228 14 2 0
0.027199 14 -2 0
-0.023551 14 4 0
-0.038463 14 -4 0
-0.030505 14 6 0
-0.050429 14 -6 0
-0.001783 14 8 0
-0.005233 14 -8 0
0.007757 14 10 0
-0.014994 14 -10 0
0.014693 14 12 0
-0.023505 14 -12 0
-0.007659 14 14 0
-0.009818 14 -14 0
0.035914 15 1 0
-0.011162 15 -1 0
-0.004580 15 3 0
0.008752 15 -3 0
-0.040443 15 5 0
0.012183 15 -5 0
-0.010459 15 7 0
-0.002516 15 -7 0
0.022346 15 9 0
-0.013215 15 -9 0
0.035542 15 11 0
0.003734 15 -11 0
-0.002120 15 13 0
0.011279 15 -13 0
-0.017913 15 15 0
0.001100 15 -15 0
-0.002351 16 0 0
0.012305 16 2 0
0.003893 16 -2 0
-0.001231 16 4 0
0.014776 16 -4 0
-0.007985 16 6 0
-0.008166 16 -6 0
-0.001795 16 8 0
-0.006671 16 -8 0
0.003814 16 10 0
-0.011020 16 -10 0
0.008686 16 12 0
-0.011603 16 -12 0
-0.003538 16 14 0
-0.009213 16 -14 0
0.001666 16 16 0
-0.003177 16 -16 0
-0.004370 17 1 0
0.000733 17 -1 0
0.005856 17 3 0
-0.000806 17 -3 0
0.014963 17 5 0
-0.007564 17 -5 0
-0.002815 17 7 0
-0.007234 17 -7 0
0.006226 17 9 0
-0.002437 17 -9 0
0.014261 17 11 0
0.002182 17 -11 0
-0.003530 17 13 0
0.007946 17 -13 0
-0.010440 17 15 0
-0.001726 17 -15 0
-0.002934 17 17 0
-0.000021 17 -17 0
-0.001313 18 0 0
0.012306 18 2 0
0.014512 18 -2 0
-0.007763 18 4 0
-0.004389 18 -4 0
-0.015543 18 6 0
-0.027010 18 -6 0
-0.000284 18 8 0
0.000040 18 -8 0
0.001942 18 10 0
0.000166 18 -10 0
0.007409 18 12 0
-0.003364 18 -12 0
-0.000300 18 14 0
-0.001233 18 -14 0
0.000214 18 16 0
0.000669 18 -16 0
0.004301 18 18 0
0.002638 18 -18 0
0.010477 19 1 0
-0.002837 19 -1 0
0.005793 19 3 0
-0.002036 19 -3 0
-0.011367 19 5 0
0.003681 19 -5 0
-0.012140 19 7 0
0.004804 19 -7 0
0.009421 19 9 0
0.000017 19 -9 0
0.010704 19 11 0
