0.112117 1 1 0
0.218627 1 -1 0
-0.070340 2 0 0
0.004340 2 2 0
0.102883 2 -2 0
-0.007057 3 1 0
-0.282062 3 -1 0
0.021703 3 3 0
0.103780 3 -3 0
-0.116895 4 0 0
-0.048467 4 2 0
-0.351959 4 -2 0
0.006084 4 4 0
0.067906 4 -4 0
-0.002833 5 1 0
0.098113 5 -1 0
-0.057214 5 3 0
-0.314432 5 -3 0
0.050857 5 5 0
0.045427 5 -5 0
0.119565 6 0 0
0.018940 6 2 0
0.217938 6 -2 0
-0.097297 6 4 0
-0.233795 6 -4 0
0.014341 6 6 0
-0.012021 6 -6 0
0.013002 7 1 0
0.236030 7 -1 0
0.072053 7 3 0
0.284126 7 -3 0
-0.045180 7 5 0
-0.177013 7 -5 0
0.010845 7 7 0
-0.033970 7 -7 0
-0.016132 8 0 0
-0.009515 8 2 0
0.049517 8 -2 0
0.059013 8 4 0
0.256304 8 -4 0
-0.060966 8 6 0
-0.146779 8 -6 0
0.063615 8 8 0
-0.001887 8 -8 0
-0.010885 9 1 0
-0.054365 9 -1 0
-0.008625 9 3 0
-0.055337 9 -3 0
0.090813 9 5 0
0.186794 9 -5 0
-0.035952 9 7 0
-0.087133 9 -7 0
-0.007527 9 9 0
-0.085872 9 -9 0
-0.017204 10 0 0
-0.032974 10 2 0
-0.068605 10 -2 0
-0.069964 10 4 0
-0.096579 10 -4 0
0.055885 10 6 0
0.098430 10 -6 0
0.030297 10 8 0
-0.023336 10 -8 0
0.017988 10 10 0
0.077210 10 -10 0
0.009839 11 1 0
0.108417 11 -1 0
0.003533 11 3 0
-0.002281 11 -3 0
-0.035259 11 5 0
-0.111560 11 -5 0
0.046280 11 7 0
0.056314 11 -7 0
-0.009488 11 9 0
-0.050035 11 -9 0
-0.007016 11 11 0
-0.104490 11 -11 0
0.045496 12 0 0
0.009577 12 2 0
0.095824 12 -2 0
-0.008221 12 4 0
0.027144 12 -4 0
-0.058405 12 6 0
-0.120489 12 -6 0
0.073172 12 8 0
0.051327 12 -8 0
0.024609 12 10 0
0.097167 12 -10 0
-0.078086 12 12 0
-0.012614 12 -12 0
0.006564 13 1 0
0.075800 13 -1 0
0.031757 13 3 0
0.075951 13 -3 0
0.026216 13 5 0
0.041468 13 -5 0
-0.047728 13 7 0
-0.093840 13 -7 0
0.017083 13 9 0
-0.014561 13 -9 0
0.011085 13 11 0
-0.046261 13 -11 0
-0.010933 13 13 0
-0.057451 13 -13 0
0.003353 14 0 0
-0.009551 14 2 0
0.018383 14 -2 0
-0.001159 14 4 0
0.047488 14 -4 0
0.013264 14 6 0
0.026087 14 -6 0
-0.005252 14 8 0
-0.041216 14 -8 0
0.028578 14 10 0
0.071671 14 -10 0
-0.043133 14 12 0
0.014466 14 -12 0
-0.014772 14 14 0
-0.061817 14 -14 0
0.005377 15 1 0
0.018262 15 -1 0
0.002101 15 3 0
0.006057 15 -3 0
0.011445 15 5 0
0.029164 15 -5 0
0.014400 15 7 0
0.024313 15 -7 0
-0.021692 15 9 0
-0.048816 15 -9 0
0.007585 15 11 0
-0.033159 15 -11 0
0.003609 15 13 0
-0.019188 15 -13 0
0.012615 15 15 0
-0.019088 15 -15 0
0.011220 16 0 0
-0.003076 16 2 0
0.015855 16 -2 0
-0.019294 16 4 0
-0.001863 16 -4 0
-0.008664 16 6 0
-0.002645 16 -6 0
0.034484 16 8 0
0.039237 16 -8 0
0.000648 16 10 0
0.030560 16 -10 0
-0.028557 16 12 0
0.002765 16 -12 0
-0.000912 16 14 0
-0.025496 16 -14 0
0.011295 16 16 0
-0.022085 16 -16 0
0.004222 17 1 0
0.035414 17 -1 0
0.009414 17 3 0
0.021313 17 -3 0
-0.007684 17 5 0
-0.003960 17 -5 0
-0.011079 17 7 0
-0.017454 17 -7 0
0.016721 17 9 0
0.010912 17 -9 0
0.002593 17 11 0
-0.014985 17 -11 0
-0.007325 17 13 0
-0.013593 17 -13 0
0.007707 17 15 0
-0.011990 17 -15 0
0.009852 17 17 0
-0.002758 17 -17 0
0.008815 18 0 0
-0.000793 18 2 0
0.023069 18 -2 0
0.000360 18 4 0
0.014807 18 -4 0
-0.010004 18 6 0
-0.008978 18 -6 0
-0.003839 18 8 0
-0.007057 18 -8 0
0.021109 18 10 0
0.037286 18 -10 0
-0.014414 18 12 0
0.007397 18 -12 0
-0.005151 18 14 0
-0.009313 18 -14 0
0.005136 18 16 0
-0.003621 18 -16 0
0.005177 18 18 0
0.001392 18 -18 0
0.004415 19 1 0
0.007546 19 -1 0
0.006109 19 3 0
0.008718 19 -3 0
0.006718 19 5 0
0.012800 19 -5 0
-0.008875 19 7 0
-0.010919 19 -7 0
-0.010091 19 9 0
-0.016401 19 -9 0
0.011852 19 11 0
