0.117309 1 1 0
0.381565 1 -1 0
-0.050397 2 0 0
0.097078 2 2 0
0.079580 2 -2 0
-0.019037 3 1 0
-0.306383 3 -1 0
0.053162 3 3 0
0.099087 3 -3 0
-0.125915 4 0 0
-0.075932 4 2 0
-0.354583 4 -2 0
-0.002706 4 4 0
0.060333 4 -4 0
0.020610 5 1 0
0.091144 5 -1 0
-0.072817 5 3 0
-0.303008 5 -3 0
0.044485 5 5 0
0.045657 5 -5 0
0.129183 6 0 0
0.016119 6 2 0
0.229372 6 -2 0
-0.091275 6 4 0
-0.222805 6 -4 0
0.024571 6 6 0
0.003629 6 -6 0
0.014274 7 1 0
0.237936 7 -1 0
0.093841 7 3 0
0.290366 7 -3 0
-0.025414 7 5 0
-0.200920 7 -5 0
-0.002104 7 7 0
-0.049324 7 -7 0
-0.003305 8 0 0
-0.019616 8 2 0
0.040014 8 -2 0
0.064143 8 4 0
0.255767 8 -4 0
-0.071022 8 6 0
-0.144957 8 -6 0
0.077438 8 8 0
-0.009673 8 -8 0
-0.000995 9 1 0
-0.055689 9 -1 0
0.001772 9 3 0
-0.039604 9 -3 0
0.105140 9 5 0
0.174053 9 -5 0
-0.035928 9 7 0
-0.091957 9 -7 0
-0.031562 9 9 0
-0.086902 9 -9 0
-0.014281 10 0 0
-0.039245 10 2 0
-0.060413 10 -2 0
-0.063932 10 4 0
-0.095709 10 -4 0
0.057837 10 6 0
0.100198 10 -6 0
0.033157 10 8 0
-0.032205 10 -8 0
0.017183 10 10 0
0.076837 10 -10 0
0.016513 11 1 0
0.105678 11 -1 0
0.008292 11 3 0
0.007071 11 -3 0
-0.017196 11 5 0
-0.127406 11 -5 0
0.043800 11 7 0
0.047684 11 -7 0
-0.029439 11 9 0
-0.058747 11 -9 0
-0.005306 11 11 0
-0.103150 11 -11 0
0.052199 12 0 0
0.003244 12 2 0
0.092653 12 -2 0
-0.003925 12 4 0
0.028327 12 -4 0
-0.060459 12 6 0
-0.115961 12 -6 0
0.082069 12 8 0
0.048862 12 -8 0
0.015586 12 10 0
0.084488 12 -10 0
-0.094825 12 12 0
-0.015343 12 -12 0
0.011949 13 1 0
0.076384 13 -1 0
0.039777 13 3 0
0.082581 13 -3 0
0.035026 13 5 0
0.030788 13 -5 0
-0.045915 13 7 0
-0.097729 13 -7 0
0.006150 13 9 0
-0.018242 13 -9 0
0.015857 13 11 0
-0.040304 13 -11 0
-0.010669 13 13 0
-0.052309 13 -13 0
0.006346 14 0 0
-0.013211 14 2 0
0.014156 14 -2 0
0.003424 14 4 0
0.046338 14 -4 0
0.011872 14 6 0
0.023354 14 -6 0
-0.002078 14 8 0
-0.045242 14 -8 0
0.023716 14 10 0
0.064766 14 -10 0
-0.056784 14 12 0
0.005037 14 -12 0
-0.012835 14 14 0
-0.064301 14 -14 0
0.010060 15 1 0
0.019092 15 -1 0
0.005482 15 3 0
0.011970 15 -3 0
0.021598 15 5 0
0.022472 15 -5 0
0.015347 15 7 0
0.021247 15 -7 0
-0.033950 15 9 0
-0.052124 15 -9 0
0.008821 15 11 0
-0.030587 15 -11 0
-0.000229 15 13 0
-0.015529 15 -13 0
0.005317 15 15 0
-0.025767 15 -15 0
0.012155 16 0 0
-0.005364 16 2 0
0.013232 16 -2 0
-0.017746 16 4 0
-0.001438 16 -4 0
-0.007962 16 6 0
-0.002519 16 -6 0
0.037536 16 8 0
0.036623 16 -8 0
-0.000872 16 10 0
0.025457 16 -10 0
-0.037371 16 12 0
-0.000531 16 -12 0
-0.002798 16 14 0
-0.026319 16 -14 0
0.019907 16 16 0
-0.018142 16 -16 0
0.004494 17 1 0
0.034191 17 -1 0
0.008153 17 3 0
0.026550 17 -3 0
-0.000417 17 5 0
-0.009266 17 -5 0
-0.009750 17 7 0
-0.019965 17 -7 0
0.013017 17 9 0
0.008511 17 -9 0
0.002691 17 11 0
-0.013823 17 -11 0
-0.005024 17 13 0
-0.012754 17 -13 0
0.004079 17 15 0
-0.012031 17 -15 0
0.006280 17 17 0
-0.007342 17 -17 0
0.009431 18 0 0
-0.002204 18 2 0
0.020947 18 -2 0
0.003858 18 4 0
0.013613 18 -4 0
-0.008700 18 6 0
-0.011895 18 -6 0
-0.003251 18 8 0
-0.008406 18 -8 0
0.018722 18 10 0
0.032393 18 -10 0
-0.017903 18 12 0
0.003638 18 -12 0
-0.007792 18 14 0
-0.009989 18 -14 0
0.006177 18 16 0
-0.005334 18 -16 0
0.002952 18 18 0
0.000846 18 -18 0
0.005522 19 1 0
0.008503 19 -1 0
0.006230 19 3 0
0.010964 19 -3 0
0.012276 19 5 0
0.011357 19 -5 0
-0.008565 19 7 0
-0.012097 19 -7 0
-0.012906 19 9 0
-0.018037 19 -9 0
0.011603 19 11 0
