0.117434 1 1 0
0.257614 1 -1 0
-0.088081 2 0 0
0.029978 2 2 0
0.123262 2 -2 0
-0.034299 3 1 0
-0.290819 3 -1 0
0.058794 3 3 0
0.120428 3 -3 0
-0.119699 4 0 0
-0.067854 4 2 0
-0.354279 4 -2 0
0.005871 4 4 0
0.086996 4 -4 0
0.006019 5 1 0
0.091760 5 -1 0
-0.069693 5 3 0
-0.330763 5 -3 0
0.058655 5 5 0
0.042178 5 -5 0
0.117346 6 0 0
0.030414 6 2 0
0.217392 6 -2 0
-0.095617 6 4 0
-0.234562 6 -4 0
0.023998 6 6 0
-0.007824 6 -6 0
0.008963 7 1 0
0.245840 7 -1 0
0.088710 7 3 0
0.291515 7 -3 0
-0.026629 7 5 0
-0.182735 7 -5 0
0.000172 7 7 0
-0.032662 7 -7 0
-0.016794 8 0 0
-0.001594 8 2 0
0.047852 8 -2 0
0.065725 8 4 0
0.247707 8 -4 0
-0.055287 8 6 0
-0.146935 8 -6 0
0.072544 8 8 0
0.000004 8 -8 0
-0.007086 9 1 0
-0.051388 9 -1 0
-0.005020 9 3 0
-0.054557 9 -3 0
0.103704 9 5 0
0.183826 9 -5 0
-0.050002 9 7 0
-0.080206 9 -7 0
-0.020890 9 9 0
-0.103129 9 -9 0
-0.019954 10 0 0
-0.026065 10 2 0
-0.062923 10 -2 0
-0.066842 10 4 0
-0.093790 10 -4 0
0.063640 10 6 0
0.096141 10 -6 0
0.030474 10 8 0
-0.021196 10 -8 0
0.008675 10 10 0
0.074572 10 -10 0
0.007617 11 1 0
0.110319 11 -1 0
0.009856 11 3 0
-0.002859 11 -3 0
-0.019940 11 5 0
-0.115933 11 -5 0
0.039983 11 7 0
0.057829 11 -7 0
-0.023802 11 9 0
-0.061354 11 -9 0
0.001486 11 11 0
-0.100612 11 -11 0
0.043948 12 0 0
0.012609 12 2 0
0.093280 12 -2 0
-0.002347 12 4 0
0.026348 12 -4 0
-0.053921 12 6 0
-0.120912 12 -6 0
0.075042 12 8 0
0.053393 12 -8 0
0.016944 12 10 0
0.087938 12 -10 0
-0.095813 12 12 0
-0.021097 12 -12 0
0.007822 13 1 0
0.077298 13 -1 0
0.038567 13 3 0
0.077173 13 -3 0
0.036277 13 5 0
0.034874 13 -5 0
-0.052896 13 7 0
-0.091681 13 -7 0
0.010649 13 9 0
-0.025400 13 -9 0
0.015541 13 11 0
-0.042105 13 -11 0
0.004442 13 13 0
-0.046844 13 -13 0
0.000871 14 0 0
-0.006596 14 2 0
0.019427 14 -2 0
0.000685 14 4 0
0.045801 14 -4 0
0.015763 14 6 0
0.025025 14 -6 0
-0.005679 14 8 0
-0.037216 14 -8 0
0.023829 14 10 0
0.068081 14 -10 0
-0.054125 14 12 0
0.006344 14 -12 0
-0.026150 14 14 0
-0.072205 14 -14 0
0.006273 15 1 0
0.021537 15 -1 0
0.007780 15 3 0
0.006032 15 -3 0
0.019822 15 5 0
0.026174 15 -5 0
0.012198 15 7 0
0.025975 15 -7 0
-0.027347 15 9 0
-0.055018 15 -9 0
0.009705 15 11 0
-0.029194 15 -11 0
0.009253 15 13 0
-0.014705 15 -13 0
0.012346 15 15 0
-0.012456 15 -15 0
0.010656 16 0 0
-0.001738 16 2 0
0.015014 16 -2 0
-0.018913 16 4 0
-0.001584 16 -4 0
-0.007197 16 6 0
-0.002115 16 -6 0
0.032844 16 8 0
0.040147 16 -8 0
-0.000594 16 10 0
0.028477 16 -10 0
-0.031962 16 12 0
-0.000293 16 -12 0
-0.009764 16 14 0
-0.031989 16 -14 0
0.014898 16 16 0
-0.025391 16 -16 0
0.004923 17 1 0
0.036139 17 -1 0
0.012659 17 3 0
0.021541 17 -3 0
-0.000614 17 5 0
-0.008235 17 -5 0
-0.011149 17 7 0
-0.016632 17 -7 0
0.013421 17 9 0
0.004252 17 -9 0
0.001601 17 11 0
-0.013560 17 -11 0
-0.003181 17 13 0
-0.011450 17 -13 0
0.006396 17 15 0
-0.006807 17 -15 0
0.008286 17 17 0
-0.004180 17 -17 0
0.008007 18 0 0
-0.000753 18 2 0
0.023456 18 -2 0
0.002309 18 4 0
0.014103 18 -4 0
-0.008367 18 6 0
-0.010876 18 -6 0
-0.003787 18 8 0
-0.006522 18 -8 0
0.019025 18 10 0
0.034554 18 -10 0
-0.016064 18 12 0
0.005074 18 -12 0
-0.008088 18 14 0
-0.013999 18 -14 0
0.006880 18 16 0
-0.004920 18 -16 0
0.009630 18 18 0
0.002115 18 -18 0
0.004140 19 1 0
0.009887 19 -1 0
0.008094 19 3 0
0.008833 19 -3 0
0.011290 19 5 0
0.011389 19 -5 0
-0.008675 19 7 0
-0.010782 19 -7 0
-0.011455 19 9 0
-0.019020 19 -9 0
0.010909 19 11 0
