-0.041516 1 1 0
0.034208 1 -1 0
0.058457 2 0 0
0.142866 2 2 0
0.006213 2 -2 0
0.169510 3 1 0
-0.209581 3 -1 0
-0.063502 3 3 0
-0.062282 3 -3 0
-0.002199 4 0 0
-0.176981 4 2 0
-0.019845 4 -2 0
-0.026839 4 4 0
0.050231 4 -4 0
-0.163451 5 1 0
0.145445 5 -1 0
0.077966 5 3 0
0.104458 5 -3 0
0.055743 5 5 0
-0.045405 5 -5 0
-0.135103 6 0 0
0.325443 6 2 0
0.006972 6 -2 0
-0.013594 6 4 0
-0.117009 6 -4 0
-0.086907 6 6 0
0.026802 6 -6 0
-0.074172 7 1 0
0.031567 7 -1 0
-0.199738 7 3 0
-0.210040 7 -3 0
-0.024449 7 5 0
0.001507 7 -5 0
0.091749 7 7 0
0.036208 7 -7 0
0.028538 8 0 0
-0.030119 8 2 0
-0.012341 8 -2 0
-0.038718 8 4 0
0.175832 8 -4 0
-0.041005 8 6 0
0.031668 8 -6 0
-0.022502 8 8 0
0.020186 8 -8 0
0.031390 9 1 0
-0.059905 9 -1 0
0.059290 9 3 0
0.080321 9 -3 0
0.115445 9 5 0
-0.104139 9 -5 0
0.072596 9 7 0
0.011014 9 -7 0
0.043565 9 9 0
0.050681 9 -9 0
-0.037158 10 0 0
0.065002 10 2 0
-0.013246 10 -2 0
-0.011109 10 4 0
-0.126683 10 -4 0
-0.138277 10 6 0
0.020068 10 -6 0
-0.016096 10 8 0
0.050963 10 -8 0
0.045070 10 10 0
-0.009931 10 -10 0
-0.092882 11 1 0
0.058585 11 -1 0
-0.084770 11 3 0
-0.078574 11 -3 0
-0.037564 11 5 0
0.022934 11 -5 0
0.099163 11 7 0
0.059890 11 -7 0
0.051261 11 9 0
0.026370 11 -9 0
0.016166 11 11 0
0.026328 11 -11 0
-0.052934 12 0 0
0.109958 12 2 0
-0.004704 12 -2 0
-0.024017 12 4 0
0.085378 12 -4 0
-0.007573 12 6 0
0.027849 12 -6 0
-0.010111 12 8 0
-0.001707 12 -8 0
0.020936 12 10 0
-0.007048 12 -10 0
0.029466 12 12 0
-0.051120 12 -12 0
-0.033427 13 1 0
0.011442 13 -1 0
-0.033116 13 3 0
-0.024184 13 -3 0
0.079721 13 5 0
-0.069138 13 -5 0
0.040156 13 7 0
-0.002882 13 -7 0
0.016651 13 9 0
0.039467 13 -9 0
0.021706 13 11 0
0.030453 13 -11 0
0.002558 13 13 0
0.007499 13 -13 0
-0.007648 14 0 0
0.023981 14 2 0
-0.009919 14 -2 0
-0.010573 14 4 0
-0.022136 14 -4 0
-0.090829 14 6 0
0.004306 14 -6 0
-0.008727 14 8 0
0.038647 14 -8 0
0.042696 14 10 0
0.001183 14 -10 0
0.025904 14 12 0
-0.047020 14 -12 0
-0.010891 14 14 0
-0.011399 14 -14 0
-0.008415 15 1 0
-0.007306 15 -1 0
-0.013416 15 3 0
-0.003562 15 -3 0
-0.008644 15 5 0
0.004434 15 -5 0
0.058352 15 7 0
0.039127 15 -7 0
0.035355 15 9 0
0.007253 15 -9 0
0.006327 15 11 0
0.010364 15 -11 0
-0.000619 15 13 0
0.005750 15 -13 0
0.003436 15 15 0
0.008054 15 -15 0
-0.014061 16 0 0
0.030109 16 2 0
-0.005973 16 -2 0
-0.005525 16 4 0
0.004238 16 -4 0
-0.000940 16 6 0
0.012325 16 -6 0
-0.000600 16 8 0
-0.004633 16 -8 0
0.004528 16 10 0
-0.004619 16 -10 0
0.012768 16 12 0
-0.017083 16 -12 0
-0.005387 16 14 0
-0.003259 16 -14 0
0.007965 16 16 0
0.000262 16 -16 0
-0.025024 17 1 0
0.017202 17 -1 0
-0.023394 17 3 0
-0.016087 17 -3 0
0.022900 17 5 0
-0.020875 17 -5 0
0.012149 17 7 0
-0.007197 17 -7 0
0.004457 17 9 0
0.014380 17 -9 0
0.011045 17 11 0
0.016203 17 -11 0
0.004083 17 13 0
0.003162 17 -13 0
0.001557 17 15 0
-0.001213 17 -15 0
-0.006752 17 17 0
-0.002574 17 -17 0
-0.013261 18 0 0
0.024291 18 2 0
-0.003726 18 -2 0
-0.003837 18 4 0
0.009777 18 -4 0
-0.029543 18 6 0
0.000725 18 -6 0
-0.003745 18 8 0
0.019812 18 -8 0
0.018044 18 10 0
0.004166 18 -10 0
0.010273 18 12 0
-0.017057 18 -12 0
-0.004821 18 14 0
-0.002162 18 -14 0
0.000710 18 16 0
0.000906 18 -16 0
0.009565 18 18 0
0.005831 18 -18 0
-0.005756 19 1 0
0.001423 19 -1 0
-0.010153 19 3 0
-0.006245 19 -3 0
0.005210 19 5 0
-0.004234 19 -5 0
0.018163 19 7 0
0.015479 19 -7 0
0.015056 19 9 0
-0.001401 19 -9 0
-0.001699 19 11 0
