-0.013374 1 1 0
0.027030 1 -1 0
0.037966 2 0 0
0.122932 2 2 0
0.017541 2 -2 0
0.156884 3 1 0
-0.186857 3 -1 0
-0.055174 3 3 0
-0.050633 3 -3 0
0.004576 4 0 0
-0.183947 4 2 0
-0.035529 4 -2 0
-0.023105 4 4 0
0.034758 4 -4 0
-0.164853 5 1 0
0.130456 5 -1 0
0.076566 5 3 0
0.089300 5 -3 0
0.056529 5 5 0
-0.048551 5 -5 0
-0.143314 6 0 0
0.335871 6 2 0
0.000186 6 -2 0
-0.012597 6 4 0
-0.116830 6 -4 0
-0.095944 6 6 0
0.028554 6 -6 0
-0.071731 7 1 0
0.028139 7 -1 0
-0.205847 7 3 0
-0.216926 7 -3 0
-0.036568 7 5 0
0.009827 7 -5 0
0.079608 7 7 0
0.043476 7 -7 0
0.024579 8 0 0
-0.028581 8 2 0
-0.017949 8 -2 0
-0.035978 8 4 0
0.174222 8 -4 0
-0.034748 8 6 0
0.042058 8 -6 0
-0.012174 8 8 0
0.032560 8 -8 0
0.025456 9 1 0
-0.062864 9 -1 0
0.057421 9 3 0
0.069474 9 -3 0
0.108995 9 5 0
-0.099830 9 -5 0
0.051710 9 7 0
0.019536 9 -7 0
0.030246 9 9 0
0.049033 9 -9 0
-0.039794 10 0 0
0.067777 10 2 0
-0.019315 10 -2 0
-0.008840 10 4 0
-0.126158 10 -4 0
-0.140815 10 6 0
0.026606 10 -6 0
-0.010206 10 8 0
0.061536 10 -8 0
0.047681 10 10 0
-0.000431 10 -10 0
-0.090418 11 1 0
0.052620 11 -1 0
-0.087903 11 3 0
-0.085104 11 -3 0
-0.043361 11 5 0
0.026200 11 -5 0
0.085102 11 7 0
0.066775 11 -7 0
0.043366 11 9 0
0.029057 11 -9 0
0.016137 11 11 0
0.018800 11 -11 0
-0.055694 12 0 0
0.113698 12 2 0
-0.009347 12 -2 0
-0.023544 12 4 0
0.084521 12 -4 0
-0.006169 12 6 0
0.033141 12 -6 0
-0.002950 12 8 0
0.006957 12 -8 0
0.023393 12 10 0
-0.001619 12 -10 0
0.017488 12 12 0
-0.050771 12 -12 0
-0.036586 13 1 0
0.008583 13 -1 0
-0.035089 13 3 0
-0.032644 13 -3 0
0.075226 13 5 0
-0.064002 13 -5 0
0.032218 13 7 0
0.003906 13 -7 0
0.008115 13 9 0
0.039914 13 -9 0
0.019434 13 11 0
0.023037 13 -11 0
0.005789 13 13 0
0.000343 13 -13 0
-0.009245 14 0 0
0.025563 14 2 0
-0.013919 14 -2 0
-0.009851 14 4 0
-0.021073 14 -4 0
-0.090655 14 6 0
0.008461 14 -6 0
-0.007683 14 8 0
0.045228 14 -8 0
0.042777 14 10 0
0.007944 14 -10 0
0.018617 14 12 0
-0.045472 14 -12 0
-0.012119 14 14 0
-0.010762 14 -14 0
-0.006909 15 1 0
-0.011278 15 -1 0
-0.013185 15 3 0
-0.007897 15 -3 0
-0.010304 15 5 0
0.005377 15 -5 0
0.050664 15 7 0
0.042715 15 -7 0
0.029404 15 9 0
0.008707 15 -9 0
0.005297 15 11 0
0.004019 15 -11 0
0.001142 15 13 0
-0.000947 15 -13 0
0.005371 15 15 0
0.005243 15 -15 0
-0.015728 16 0 0
0.031207 16 2 0
-0.006369 16 -2 0
-0.005912 16 4 0
0.004062 16 -4 0
-0.000050 16 6 0
0.015353 16 -6 0
0.001961 16 8 0
0.000339 16 -8 0
0.005210 16 10 0
-0.001432 16 -10 0
0.006964 16 12 0
-0.017081 16 -12 0
-0.005301 16 14 0
-0.004932 16 -14 0
0.005505 16 16 0
0.002041 16 -16 0
-0.025248 17 1 0
0.016261 17 -1 0
-0.022455 17 3 0
-0.017799 17 -3 0
0.021640 17 5 0
-0.016404 17 -5 0
0.008392 17 7 0
-0.003536 17 -7 0
0.000392 17 9 0
0.015907 17 -9 0
0.009428 17 11 0
0.012727 17 -11 0
0.005331 17 13 0
-0.001169 17 -13 0
0.002604 17 15 0
-0.002699 17 -15 0
-0.008952 17 17 0
0.000692 17 -17 0
-0.013983 18 0 0
0.024985 18 2 0
-0.004915 18 -2 0
-0.003956 18 4 0
0.010274 18 -4 0
-0.029661 18 6 0
0.002063 18 -6 0
-0.003367 18 8 0
0.020838 18 -8 0
0.017580 18 10 0
0.004603 18 -10 0
0.007421 18 12 0
-0.018212 18 -12 0
-0.004546 18 14 0
-0.002824 18 -14 0
-0.000616 18 16 0
0.003043 18 -16 0
0.010041 18 18 0
0.004192 18 -18 0
-0.004551 19 1 0
-0.000116 19 -1 0
-0.009341 19 3 0
-0.006803 19 -3 0
0.004101 19 5 0
-0.003671 19 -5 0
0.016792 19 7 0
0.017116 19 -7 0
0.012387 19 9 0
-0.000428 19 -9 0
-0.001692 19 11 0
