-0.144392 1 1 0
0.026379 1 -1 0
0.052981 2 0 0
0.101426 2 2 0
-0.011644 2 -2 0
0.186526 3 1 0
-0.210297 3 -1 0
-0.073766 3 3 0
-0.052830 3 -3 0
0.014910 4 0 0
-0.164415 4 2 0
-0.026929 4 -2 0
-0.016599 4 4 0
0.025805 4 -4 0
-0.151389 5 1 0
0.152021 5 -1 0
0.105650 5 3 0
0.103112 5 -3 0
0.039019 5 5 0
-0.042154 5 -5 0
-0.133162 6 0 0
0.336131 6 2 0
0.005281 6 -2 0
0.007665 6 4 0
-0.132018 6 -4 0
-0.079505 6 6 0
0.014230 6 -6 0
-0.052617 7 1 0
0.032311 7 -1 0
-0.191665 7 3 0
-0.213978 7 -3 0
-0.034436 7 5 0
0.008493 7 -5 0
0.076974 7 7 0
0.036852 7 -7 0
0.039966 8 0 0
-0.015736 8 2 0
-0.015712 8 -2 0
-0.027799 8 4 0
0.165602 8 -4 0
-0.027924 8 6 0
0.033928 8 -6 0
0.002303 8 8 0
0.030827 8 -8 0
0.042764 9 1 0
-0.057138 9 -1 0
0.073645 9 3 0
0.074893 9 -3 0
0.104471 9 5 0
-0.096326 9 -5 0
0.052998 9 7 0
0.008170 9 -7 0
0.063646 9 9 0
0.051469 9 -9 0
-0.030419 10 0 0
0.077291 10 2 0
-0.013124 10 -2 0
0.003484 10 4 0
-0.139339 10 -4 0
-0.129121 10 6 0
0.015913 10 -6 0
-0.002137 10 8 0
0.058460 10 -8 0
0.068332 10 10 0
-0.003509 10 -10 0
-0.076994 11 1 0
0.058211 11 -1 0
-0.073984 11 3 0
-0.081832 11 -3 0
-0.050316 11 5 0
0.028407 11 -5 0
0.085496 11 7 0
0.057110 11 -7 0
0.075261 11 9 0
0.031368 11 -9 0
0.023786 11 11 0
0.028035 11 -11 0
-0.046766 12 0 0
0.119061 12 2 0
-0.005334 12 -2 0
-0.014949 12 4 0
0.077896 12 -4 0
0.001012 12 6 0
0.027630 12 -6 0
0.007066 12 8 0
0.004738 12 -8 0
0.041298 12 10 0
-0.002534 12 -10 0
0.035792 12 12 0
-0.045726 12 -12 0
-0.023412 13 1 0
0.011303 13 -1 0
-0.025144 13 3 0
-0.030374 13 -3 0
0.072199 13 5 0
-0.064716 13 -5 0
0.030015 13 7 0
-0.003459 13 -7 0
0.031564 13 9 0
0.040071 13 -9 0
0.026732 13 11 0
0.031381 13 -11 0
0.004835 13 13 0
0.000848 13 -13 0
-0.001821 14 0 0
0.030415 14 2 0
-0.010390 14 -2 0
-0.003029 14 4 0
-0.031517 14 -4 0
-0.085027 14 6 0
0.003250 14 -6 0
-0.002706 14 8 0
0.043925 14 -8 0
0.055529 14 10 0
0.005358 14 -10 0
0.030735 14 12 0
-0.041732 14 -12 0
-0.003929 14 14 0
-0.001115 14 -14 0
-0.000993 15 1 0
-0.007081 15 -1 0
-0.006031 15 3 0
-0.006342 15 -3 0
-0.013959 15 5 0
0.007137 15 -5 0
0.051009 15 7 0
0.039106 15 -7 0
0.044293 15 9 0
0.010874 15 -9 0
0.010383 15 11 0
0.008355 15 -11 0
-0.000098 15 13 0
0.002780 15 -13 0
-0.000925 15 15 0
0.007778 15 -15 0
-0.011898 16 0 0
0.033873 16 2 0
-0.004842 16 -2 0
-0.001840 16 4 0
0.001441 16 -4 0
0.002401 16 6 0
0.011997 16 -6 0
0.005262 16 8 0
-0.001473 16 -8 0
0.012444 16 10 0
-0.002867 16 -10 0
0.015385 16 12 0
-0.014525 16 -12 0
-0.000393 16 14 0
0.003390 16 -14 0
0.003099 16 16 0
0.008312 16 -16 0
-0.021387 17 1 0
0.015075 17 -1 0
-0.018662 17 3 0
-0.017105 17 -3 0
0.018099 17 5 0
-0.017752 17 -5 0
0.009715 17 7 0
-0.007455 17 -7 0
0.011224 17 9 0
0.016229 17 -9 0
0.012145 17 11 0
0.015657 17 -11 0
0.004776 17 13 0
-0.001247 17 -13 0
-0.000943 17 15 0
-0.001279 17 -15 0
-0.007617 17 17 0
-0.002317 17 -17 0
-0.011135 18 0 0
0.026587 18 2 0
-0.003579 18 -2 0
-0.003099 18 4 0
0.007804 18 -4 0
-0.028171 18 6 0
-0.000297 18 -6 0
-0.002986 18 8 0
0.020440 18 -8 0
0.021250 18 10 0
0.004424 18 -10 0
0.011276 18 12 0
-0.018216 18 -12 0
-0.000811 18 14 0
-0.000202 18 -14 0
-0.002292 18 16 0
0.006350 18 -16 0
0.008150 18 18 0
0.004583 18 -18 0
-0.004585 19 1 0
0.001644 19 -1 0
-0.007214 19 3 0
-0.006946 19 -3 0
0.001346 19 5 0
-0.002635 19 -5 0
0.016973 19 7 0
0.016716 19 -7 0
0.015467 19 9 0
-0.000596 19 -9 0
-0.000868 19 11 0
