0.008627 1 1 0
0.119880 1 -1 0
-0.223807 2 0 0
0.008690 2 2 0
0.036535 2 -2 0
-0.036095 3 1 0
-0.358490 3 -1 0
-0.002215 3 3 0
0.015114 3 -3 0
0.239967 4 0 0
-0.080502 4 2 0
-0.189740 4 -2 0
0.007741 4 4 0
-0.014615 4 -4 0
0.096952 5 1 0
0.529971 5 -1 0
-0.029535 5 3 0
-0.060434 5 -3 0
0.001049 5 5 0
-0.003203 5 -5 0
-0.098247 6 0 0
0.098174 6 2 0
0.313216 6 -2 0
-0.026796 6 4 0
-0.028007 6 -4 0
0.002076 6 6 0
0.007993 6 -6 0
-0.059508 7 1 0
-0.454866 7 -1 0
0.086019 7 3 0
0.157543 7 -3 0
-0.011478 7 5 0
-0.011429 7 -5 0
0.003547 7 7 0
-0.010477 7 -7 0
-0.015487 8 0 0
-0.138068 8 2 0
-0.323696 8 -2 0
0.034094 8 4 0
0.040880 8 -4 0
0.002382 8 6 0
0.010418 8 -6 0
-0.009602 8 8 0
0.016755 8 -8 0
0.058901 9 1 0
0.278741 9 -1 0
-0.075997 9 3 0
-0.159720 9 -3 0
0.005913 9 5 0
-0.003934 9 -5 0
0.009601 9 7 0
-0.004240 9 -7 0
0.003652 9 9 0
0.001546 9 -9 0
0.080286 10 0 0
0.084061 10 2 0
0.225826 10 -2 0
-0.060667 10 4 0
-0.082389 10 -4 0
0.001660 10 6 0
-0.010543 10 -6 0
-0.002398 10 8 0
0.023988 10 -8 0
-0.008196 10 10 0
-0.009618 10 -10 0
0.007434 11 1 0
-0.103901 11 -1 0
0.088595 11 3 0
0.153161 11 -3 0
-0.028824 11 5 0
-0.021918 11 -5 0
-0.002033 11 7 0
-0.020806 11 -7 0
0.009091 11 9 0
0.007502 11 -9 0
0.000789 11 11 0
0.000461 11 -11 0
-0.064916 12 0 0
-0.073115 12 2 0
-0.130460 12 -2 0
0.042381 12 4 0
0.065386 12 -4 0
0.004324 12 6 0
0.016974 12 -6 0
-0.009749 12 8 0
0.012408 12 -8 0
-0.003814 12 10 0
-0.002215 12 -10 0
0.001580 12 12 0
-0.006650 12 -12 0
-0.003896 13 1 0
0.029156 13 -1 0
-0.047031 13 3 0
-0.081328 13 -3 0
0.015687 13 5 0
0.015559 13 -5 0
0.010384 13 7 0
0.007445 13 -7 0
0.000203 13 9 0
0.001617 13 -9 0
0.001041 13 11 0
0.003079 13 -11 0
-0.007344 13 13 0
0.006526 13 -13 0
0.052882 14 0 0
0.014812 14 2 0
0.049661 14 -2 0
-0.044895 14 4 0
-0.068820 14 -4 0
0.011793 14 6 0
-0.004336 14 -6 0
0.006209 14 8 0
0.024774 14 -8 0
-0.003621 14 10 0
-0.004166 14 -10 0
0.003368 14 12 0
-0.001998 14 -12 0
0.006589 14 14 0
-0.005381 14 -14 0
0.029312 15 1 0
0.022770 15 -1 0
0.039198 15 3 0
0.059271 15 -3 0
-0.030171 15 5 0
-0.036046 15 -5 0
-0.000418 15 7 0
-0.018104 15 -7 0
0.005496 15 9 0
0.008518 15 -9 0
-0.001412 15 11 0
0.000186 15 -11 0
-0.003114 15 13 0
0.005961 15 -13 0
-0.003591 15 15 0
0.008060 15 -15 0
-0.021020 16 0 0
-0.013129 16 2 0
-0.017596 16 -2 0
0.024566 16 4 0
0.033750 16 -4 0
-0.004666 16 6 0
-0.000235 16 -6 0
-0.009738 16 8 0
0.005425 16 -8 0
0.002677 16 10 0
-0.002446 16 -10 0
0.002579 16 12 0
-0.004068 16 -12 0
0.003444 16 14 0
-0.002651 16 -14 0
0.007209 16 16 0
0.004572 16 -16 0
-0.008522 17 1 0
-0.012272 17 -1 0
-0.010487 17 3 0
-0.013624 17 -3 0
0.013303 17 5 0
0.017399 17 -5 0
0.000851 17 7 0
0.002080 17 -7 0
-0.002466 17 9 0
-0.001303 17 -9 0
0.003358 17 11 0
-0.000002 17 -11 0
-0.002630 17 13 0
0.002733 17 -13 0
-0.002188 17 15 0
0.001683 17 -15 0
0.001800 17 17 0
0.004264 17 -17 0
0.011216 18 0 0
-0.005851 18 2 0
-0.001499 18 -2 0
-0.016811 18 4 0
-0.023605 18 -4 0
0.012248 18 6 0
0.003991 18 -6 0
0.004947 18 8 0
0.013487 18 -8 0
-0.002002 18 10 0
-0.004218 18 -10 0
0.003525 18 12 0
-0.000846 18 -12 0
0.002666 18 14 0
0.000068 18 -14 0
0.000280 18 16 0
0.003514 18 -16 0
0.000305 18 18 0
-0.001126 18 -18 0
0.014153 19 1 0
0.015246 19 -1 0
0.005134 19 3 0
0.008035 19 -3 0
-0.014840 19 5 0
-0.020368 19 -5 0
0.005919 19 7 0
-0.008755 19 -7 0
0.003553 19 9 0
0.004496 19 -9 0
-0.003115 19 11 0
