-0.009726 1 1 0
-0.004563 1 -1 0
0.007678 2 0 0
0.024154 2 2 0
0.011471 2 -2 0
0.054717 3 1 0
-0.077258 3 -1 0
-0.024477 3 3 0
-0.035669 3 -3 0
-0.001755 4 0 0
-0.055783 4 2 0
-0.035697 4 -2 0
-0.001995 4 4 0
0.005913 4 -4 0
-0.040597 5 1 0
0.053288 5 -1 0
0.031079 5 3 0
0.077576 5 -3 0
0.015018 5 5 0
-0.004147 5 -5 0
-0.047191 6 0 0
0.107481 6 2 0
0.008333 6 -2 0
0.003979 6 4 0
-0.044368 6 -4 0
-0.019258 6 6 0
0.011630 6 -6 0
-0.024962 7 1 0
0.009754 7 -1 0
-0.067475 7 3 0
-0.052714 7 -3 0
-0.009525 7 5 0
0.013645 7 -5 0
0.043834 7 7 0
-0.005986 7 -7 0
0.006701 8 0 0
-0.017226 8 2 0
-0.008004 8 -2 0
-0.003705 8 4 0
0.062491 8 -4 0
0.009197 8 6 0
0.010478 8 -6 0
0.014192 8 8 0
0.003539 8 -8 0
0.016397 9 1 0
-0.022627 9 -1 0
0.029525 9 3 0
0.049761 9 -3 0
0.039406 9 5 0
-0.020293 9 -5 0
0.027067 9 7 0
-0.019419 9 -7 0
0.030757 9 9 0
-0.001481 9 -9 0
-0.014963 10 0 0
0.018847 10 2 0
-0.010615 10 -2 0
0.006668 10 4 0
-0.045307 10 -4 0
-0.031013 10 6 0
0.006070 10 -6 0
0.020232 10 8 0
0.015423 10 -8 0
0.038021 10 10 0
-0.010380 10 -10 0
-0.027708 11 1 0
0.017033 11 -1 0
-0.025181 11 3 0
-0.009846 11 -3 0
-0.012787 11 5 0
0.018785 11 -5 0
0.038005 11 7 0
0.001495 11 -7 0
0.029479 11 9 0
-0.011996 11 -9 0
0.007969 11 11 0
0.008024 11 -11 0
-0.019132 12 0 0
0.034329 12 2 0
-0.003514 12 -2 0
0.000076 12 4 0
0.026596 12 -4 0
0.011929 12 6 0
0.012103 12 -6 0
0.015767 12 8 0
-0.003883 12 -8 0
0.026365 12 10 0
-0.000552 12 -10 0
0.028834 12 12 0
-0.006965 12 -12 0
-0.009598 13 1 0
0.001171 13 -1 0
-0.008168 13 3 0
0.006172 13 -3 0
0.026508 13 5 0
-0.015437 13 -5 0
0.017525 13 7 0
-0.017965 13 -7 0
0.016724 13 9 0
-0.001178 13 -9 0
0.010402 13 11 0
0.006470 13 -11 0
0.004033 13 13 0
0.003412 13 -13 0
-0.005285 14 0 0
0.005475 14 2 0
-0.009568 14 -2 0
0.004016 14 4 0
-0.007265 14 -4 0
-0.020431 14 6 0
0.001332 14 -6 0
0.012139 14 8 0
0.011645 14 -8 0
0.028490 14 10 0
-0.001764 14 -10 0
0.024031 14 12 0
-0.008772 14 -12 0
0.002733 14 14 0
0.007566 14 -14 0
-0.000339 15 1 0
-0.003889 15 -1 0
-0.001695 15 3 0
0.008532 15 -3 0
-0.003385 15 5 0
0.006867 15 -5 0
0.023759 15 7 0
0.003339 15 -7 0
0.018794 15 9 0
-0.006032 15 -9 0
0.004368 15 11 0
0.003173 15 -11 0
0.003185 15 13 0
0.006642 15 -13 0
0.001053 15 15 0
0.004520 15 -15 0
-0.005196 16 0 0
0.008996 16 2 0
-0.002690 16 -2 0
0.001631 16 4 0
-0.001106 16 -4 0
0.006478 16 6 0
0.005087 16 -6 0
0.010038 16 8 0
-0.002826 16 -8 0
0.011480 16 10 0
-0.003311 16 -10 0
0.015520 16 12 0
-0.002952 16 -12 0
0.002172 16 14 0
0.003968 16 -14 0
0.009310 16 16 0
0.007663 16 -16 0
-0.008491 17 1 0
0.002402 17 -1 0
-0.004592 17 3 0
-0.000658 17 -3 0
0.006473 17 5 0
-0.005095 17 -5 0
0.006072 17 7 0
-0.008884 17 -7 0
0.004663 17 9 0
-0.000172 17 -9 0
0.003799 17 11 0
0.004810 17 -11 0
0.002998 17 13 0
0.002479 17 -13 0
-0.000402 17 15 0
-0.000575 17 -15 0
-0.000898 17 17 0
-0.000183 17 -17 0
-0.006804 18 0 0
0.005899 18 2 0
-0.003139 18 -2 0
0.000685 18 4 0
0.002443 18 -4 0
-0.008368 18 6 0
0.001008 18 -6 0
0.003852 18 8 0
0.004094 18 -8 0
0.010983 18 10 0
0.001121 18 -10 0
0.009443 18 12 0
-0.004753 18 -12 0
0.002078 18 14 0
0.004061 18 -14 0
0.002585 18 16 0
0.004382 18 -16 0
0.003433 18 18 0
0.004996 18 -18 0
-0.003633 19 1 0
-0.000036 19 -1 0
-0.003191 19 3 0
-0.000102 19 -3 0
0.000197 19 5 0
0.000656 19 -5 0
0.007351 19 7 0
0.002884 19 -7 0
0.006241 19 9 0
-0.001865 19 -9 0
-0.000653 19 11 0
