-0.123370 1 1 0
0.100054 1 -1 0
0.003099 2 0 0
0.054917 2 2 0
0.010367 2 -2 0
0.073510 3 1 0
-0.102640 3 -1 0
-0.030765 3 3 0
-0.032280 3 -3 0
0.009758 4 0 0
-0.059302 4 2 0
-0.008670 4 -2 0
-0.001019 4 4 0
0.017172 4 -4 0
-0.046540 5 1 0
0.033088 5 -1 0
0.042090 5 3 0
0.049598 5 -3 0
0.021379 5 5 0
0.002212 5 -5 0
-0.047687 6 0 0
0.111123 6 2 0
0.003397 6 -2 0
-0.001148 6 4 0
-0.041963 6 -4 0
-0.018615 6 6 0
0.003805 6 -6 0
-0.008929 7 1 0
-0.016059 7 -1 0
-0.059593 7 3 0
-0.062610 7 -3 0
-0.003228 7 5 0
0.022560 7 -5 0
0.032917 7 7 0
0.017126 7 -7 0
0.013127 8 0 0
-0.012496 8 2 0
-0.004567 8 -2 0
-0.003522 8 4 0
0.055826 8 -4 0
-0.000338 8 6 0
0.001172 8 -6 0
0.008962 8 8 0
0.001817 8 -8 0
0.019905 9 1 0
-0.044836 9 -1 0
0.033309 9 3 0
0.036289 9 -3 0
0.046983 9 5 0
-0.012833 9 -5 0
0.028222 9 7 0
0.000022 9 -7 0
0.024417 9 9 0
0.005381 9 -9 0
-0.013506 10 0 0
0.025675 10 2 0
-0.003069 10 -2 0
0.000229 10 4 0
-0.044502 10 -4 0
-0.033778 10 6 0
0.003137 10 -6 0
0.014837 10 8 0
0.013603 10 -8 0
0.033997 10 10 0
-0.006448 10 -10 0
-0.020835 11 1 0
0.001353 11 -1 0
-0.022279 11 3 0
-0.020367 11 -3 0
-0.009979 11 5 0
0.028300 11 -5 0
0.035312 11 7 0
0.019591 11 -7 0
0.027211 11 9 0
0.003559 11 -9 0
0.008336 11 11 0
0.015028 11 -11 0
-0.016016 12 0 0
0.038351 12 2 0
-0.000886 12 -2 0
-0.003472 12 4 0
0.026208 12 -4 0
0.009828 12 6 0
0.003852 12 -6 0
0.010744 12 8 0
-0.005034 12 -8 0
0.023403 12 10 0
-0.004516 12 -10 0
0.015625 12 12 0
-0.011038 12 -12 0
-0.002609 13 1 0
-0.012111 13 -1 0
-0.005728 13 3 0
-0.001681 13 -3 0
0.029851 13 5 0
-0.009245 13 -5 0
0.016710 13 7 0
-0.004098 13 -7 0
0.011984 13 9 0
0.007487 13 -9 0
0.012061 13 11 0
0.014943 13 -11 0
0.007683 13 13 0
0.011052 13 -13 0
-0.003745 14 0 0
0.009066 14 2 0
-0.006000 14 -2 0
0.000656 14 4 0
-0.011354 14 -4 0
-0.023539 14 6 0
-0.001138 14 -6 0
0.006996 14 8 0
0.010617 14 -8 0
0.024618 14 10 0
-0.003372 14 -10 0
0.013271 14 12 0
-0.012964 14 -12 0
-0.006595 14 14 0
-0.000739 14 -14 0
0.001982 15 1 0
-0.011342 15 -1 0
-0.002159 15 3 0
0.002702 15 -3 0
-0.001697 15 5 0
0.011826 15 -5 0
0.021058 15 7 0
0.013834 15 -7 0
0.015329 15 9 0
-0.001185 15 -9 0
0.006029 15 11 0
0.005880 15 -11 0
0.004783 15 13 0
0.007244 15 -13 0
0.003055 15 15 0
0.007418 15 -15 0
-0.003968 16 0 0
0.009874 16 2 0
-0.001032 16 -2 0
-0.000199 16 4 0
-0.001028 16 -4 0
0.005239 16 6 0
0.002412 16 -6 0
0.006131 16 8 0
-0.004361 16 -8 0
0.010428 16 10 0
-0.003924 16 -10 0
0.009638 16 12 0
-0.004621 16 -12 0
-0.002196 16 14 0
-0.000176 16 -14 0
-0.007698 16 16 0
0.002004 16 -16 0
-0.005843 17 1 0
-0.001852 17 -1 0
-0.005371 17 3 0
-0.003585 17 -3 0
0.007328 17 5 0
-0.001422 17 -5 0
0.007462 17 7 0
-0.003872 17 -7 0
0.001777 17 9 0
0.003111 17 -9 0
0.004100 17 11 0
0.005717 17 -11 0
0.003213 17 13 0
0.003705 17 -13 0
0.000968 17 15 0
0.001514 17 -15 0
-0.000456 17 17 0
0.002686 17 -17 0
-0.005306 18 0 0
0.007567 18 2 0
-0.001484 18 -2 0
-0.000320 18 4 0
0.000225 18 -4 0
-0.008280 18 6 0
-0.000309 18 -6 0
0.001041 18 8 0
0.004683 18 -8 0
0.009089 18 10 0
0.000716 18 -10 0
0.006126 18 12 0
-0.004717 18 -12 0
0.000524 18 14 0
-0.000178 18 -14 0
-0.004867 18 16 0
0.002509 18 -16 0
-0.000261 18 18 0
0.001621 18 -18 0
-0.001640 19 1 0
-0.001728 19 -1 0
-0.003662 19 3 0
-0.001765 19 -3 0
-0.000713 19 5 0
0.002163 19 -5 0
0.007976 19 7 0
0.004998 19 -7 0
0.004920 19 9 0
-0.001517 19 -9 0
0.000786 19 11 0
