-0.060327 1 1 0
-0.042559 1 -1 0
0.020868 2 0 0
0.061992 2 2 0
0.038170 2 -2 0
0.045805 3 1 0
-0.089558 3 -1 0
-0.014276 3 3 0
0.002921 3 -3 0
0.008046 4 0 0
-0.067505 4 2 0
-0.017320 4 -2 0
0.001375 4 4 0
0.017038 4 -4 0
-0.039389 5 1 0
0.056024 5 -1 0
0.047436 5 3 0
0.033952 5 -3 0
0.039544 5 5 0
-0.012135 5 -5 0
-0.052692 6 0 0
0.119041 6 2 0
0.000844 6 -2 0
0.005685 6 4 0
-0.037024 6 -4 0
-0.010165 6 6 0
0.007708 6 -6 0
-0.007754 7 1 0
-0.003959 7 -1 0
-0.052032 7 3 0
-0.050108 7 -3 0
0.012042 7 5 0
0.008256 7 -5 0
0.058165 7 7 0
0.009664 7 -7 0
0.011685 8 0 0
-0.010646 8 2 0
-0.007773 8 -2 0
0.003684 8 4 0
0.058299 8 -4 0
0.002246 8 6 0
0.005976 8 -6 0
-0.002510 8 8 0
-0.002359 8 -8 0
0.026058 9 1 0
-0.027028 9 -1 0
0.037395 9 3 0
0.044654 9 -3 0
0.060374 9 5 0
-0.027544 9 -5 0
0.050008 9 7 0
-0.004775 9 -7 0
0.037053 9 9 0
0.015365 9 -9 0
-0.015040 10 0 0
0.026704 10 2 0
-0.010537 10 -2 0
0.005747 10 4 0
-0.045502 10 -4 0
-0.030925 10 6 0
0.005015 10 -6 0
-0.000781 10 8 0
0.007211 10 -8 0
0.020553 10 10 0
-0.014011 10 -10 0
-0.019258 11 1 0
0.014942 11 -1 0
-0.016858 11 3 0
-0.012384 11 -3 0
0.003699 11 5 0
0.018389 11 -5 0
0.052731 11 7 0
0.015826 11 -7 0
0.039487 11 9 0
0.008716 11 -9 0
0.015697 11 11 0
0.029444 11 -11 0
-0.016898 12 0 0
0.039558 12 2 0
-0.003146 12 -2 0
0.000216 12 4 0
0.027117 12 -4 0
0.013187 12 6 0
0.004992 12 -6 0
0.002103 12 8 0
-0.008327 12 -8 0
0.013097 12 10 0
-0.009317 12 -10 0
0.010564 12 12 0
-0.015412 12 -12 0
-0.000096 13 1 0
0.001556 13 -1 0
-0.003500 13 3 0
0.004705 13 -3 0
0.038715 13 5 0
-0.018570 13 -5 0
0.031807 13 7 0
-0.004704 13 -7 0
0.020235 13 9 0
0.013823 13 -9 0
0.019141 13 11 0
0.025535 13 -11 0
0.003615 13 13 0
0.014700 13 -13 0
-0.004078 14 0 0
0.009236 14 2 0
-0.009280 14 -2 0
0.003749 14 4 0
-0.011119 14 -4 0
-0.021688 14 6 0
-0.000709 14 -6 0
-0.001814 14 8 0
0.005911 14 -8 0
0.018981 14 10 0
-0.007741 14 -10 0
0.011155 14 12 0
-0.018582 14 -12 0
0.007435 14 14 0
-0.009185 14 -14 0
0.003135 15 1 0
-0.005339 15 -1 0
0.002076 15 3 0
0.007876 15 -3 0
0.004615 15 5 0
0.005847 15 -5 0
0.030642 15 7 0
0.011865 15 -7 0
0.021134 15 9 0
0.003856 15 -9 0
0.010581 15 11 0
0.012300 15 -11 0
0.002700 15 13 0
0.011071 15 -13 0
-0.000982 15 15 0
0.007165 15 -15 0
-0.004075 16 0 0
0.011032 16 2 0
-0.001939 16 -2 0
0.000683 16 4 0
-0.001412 16 -4 0
0.005912 16 6 0
0.001428 16 -6 0
0.002392 16 8 0
-0.005973 16 -8 0
0.006120 16 10 0
-0.007190 16 -10 0
0.006008 16 12 0
-0.007264 16 -12 0
0.004926 16 14 0
-0.005238 16 -14 0
0.002851 16 16 0
-0.001461 16 -16 0
-0.004418 17 1 0
0.003044 17 -1 0
-0.002958 17 3 0
-0.001793 17 -3 0
0.010934 17 5 0
-0.005649 17 -5 0
0.012483 17 7 0
-0.004765 17 -7 0
0.004813 17 9 0
0.004417 17 -9 0
0.008461 17 11 0
0.009553 17 -11 0
0.002180 17 13 0
0.004590 17 -13 0
-0.003676 17 15 0
0.001705 17 -15 0
-0.006808 17 17 0
0.001048 17 -17 0
-0.004787 18 0 0
0.007342 18 2 0
-0.002080 18 -2 0
-0.000624 18 4 0
0.000848 18 -4 0
-0.006171 18 6 0
-0.000512 18 -6 0
-0.000897 18 8 0
0.004464 18 -8 0
0.007014 18 10 0
0.000579 18 -10 0
0.005563 18 12 0
-0.007392 18 -12 0
0.005381 18 14 0
-0.001212 18 -14 0
-0.000626 18 16 0
-0.000533 18 -16 0
-0.000412 18 18 0
0.000294 18 -18 0
-0.000193 19 1 0
-0.000928 19 -1 0
-0.003458 19 3 0
0.000676 19 -3 0
0.001511 19 5 0
0.000147 19 -5 0
0.010522 19 7 0
0.003407 19 -7 0
0.005629 19 9 0
-0.002235 19 -9 0
0.002861 19 11 0
