0.055929 1 1 0
0.008748 1 -1 0
-0.032939 2 0 0
-0.003207 2 2 0
0.009162 2 -2 0
0.040212 3 1 0
0.028325 3 -1 0
-0.025179 3 3 0
0.011315 3 -3 0
0.014688 4 0 0
-0.060121 4 2 0
-0.020923 4 -2 0
-0.007442 4 4 0
0.003028 4 -4 0
-0.070314 5 1 0
-0.052607 5 -1 0
0.028957 5 3 0
-0.018843 5 -3 0
0.023706 5 5 0
0.004542 5 -5 0
0.030770 6 0 0
0.094300 6 2 0
0.056857 6 -2 0
-0.036736 6 4 0
0.022767 6 -4 0
-0.023220 6 6 0
-0.014208 6 -6 0
-0.003941 7 1 0
0.007475 7 -1 0
-0.095249 7 3 0
0.045506 7 -3 0
0.022223 7 5 0
-0.022264 7 -5 0
0.041348 7 7 0
-0.010365 7 -7 0
-0.018081 8 0 0
-0.051057 8 2 0
-0.003930 8 -2 0
0.009792 8 4 0
-0.031279 8 -4 0
-0.019079 8 6 0
-0.012433 8 -6 0
-0.010051 8 8 0
-0.001005 8 -8 0
-0.016449 9 1 0
0.001263 9 -1 0
0.031206 9 3 0
-0.013144 9 -3 0
0.018558 9 5 0
0.029532 9 -5 0
0.027694 9 7 0
-0.014327 9 -7 0
-0.038315 9 9 0
-0.008023 9 -9 0
0.022986 10 0 0
0.032398 10 2 0
0.029628 10 -2 0
-0.042060 10 4 0
0.032099 10 -4 0
-0.033013 10 6 0
-0.027429 10 -6 0
0.004749 10 8 0
-0.002413 10 -8 0
-0.001095 10 10 0
-0.000946 10 -10 0
-0.036296 11 1 0
-0.030672 11 -1 0
-0.055715 11 3 0
0.023742 11 -3 0
0.023882 11 5 0
-0.017383 11 -5 0
0.040678 11 7 0
-0.004715 11 -7 0
-0.035496 11 9 0
-0.008883 11 -9 0
-0.020489 11 11 0
0.002445 11 -11 0
0.006722 12 0 0
0.013241 12 2 0
0.013432 12 -2 0
0.004749 12 4 0
-0.028959 12 -4 0
-0.010906 12 6 0
-0.005848 12 -6 0
-0.003734 12 8 0
0.000738 12 -8 0
0.000425 12 10 0
-0.000721 12 -10 0
-0.002438 12 12 0
-0.000194 12 -12 0
-0.007082 13 1 0
0.004857 13 -1 0
-0.004721 13 3 0
0.002606 13 -3 0
0.016316 13 5 0
0.019607 13 -5 0
0.019154 13 7 0
-0.009578 13 -7 0
-0.028944 13 9 0
-0.008142 13 -9 0
-0.017732 13 11 0
0.000302 13 -11 0
0.016731 13 13 0
0.008032 13 -13 0
-0.001246 14 0 0
-0.002405 14 2 0
0.009249 14 -2 0
-0.017876 14 4 0
0.013317 14 -4 0
-0.019704 14 6 0
-0.019340 14 -6 0
0.007900 14 8 0
-0.002202 14 -8 0
0.003799 14 10 0
0.003659 14 -10 0
-0.000643 14 12 0
0.001539 14 -12 0
-0.004667 14 14 0
0.000661 14 -14 0
-0.011163 15 1 0
-0.006487 15 -1 0
-0.011156 15 3 0
0.004000 15 -3 0
0.010427 15 5 0
-0.010468 15 -5 0
0.025735 15 7 0
-0.001459 15 -7 0
-0.022784 15 9 0
0.000876 15 -9 0
-0.013927 15 11 0
0.002308 15 -11 0
0.008205 15 13 0
0.005901 15 -13 0
0.012416 15 15 0
-0.001401 15 -15 0
0.008367 16 0 0
0.011140 16 2 0
0.007599 16 -2 0
0.000075 16 4 0
-0.007500 16 -4 0
-0.003987 16 6 0
-0.000754 16 -6 0
-0.001250 16 8 0
0.002241 16 -8 0
-0.000500 16 10 0
-0.002931 16 -10 0
0.000720 16 12 0
0.001900 16 -12 0
-0.005687 16 14 0
0.003652 16 -14 0
0.010088 16 16 0
0.006414 16 -16 0
-0.006955 17 1 0
-0.006597 17 -1 0
-0.010558 17 3 0
0.003974 17 -3 0
0.007972 17 5 0
0.008064 17 -5 0
0.006219 17 7 0
-0.003624 17 -7 0
-0.010573 17 9 0
-0.004622 17 -9 0
-0.006203 17 11 0
-0.000610 17 -11 0
0.004015 17 13 0
0.004719 17 -13 0
0.003169 17 15 0
-0.002806 17 -15 0
0.000606 17 17 0
-0.001566 17 -17 0
0.000252 18 0 0
-0.000246 18 2 0
0.004006 18 -2 0
-0.003089 18 4 0
-0.000362 18 -4 0
-0.008007 18 6 0
-0.009937 18 -6 0
0.006029 18 8 0
-0.000424 18 -8 0
0.002972 18 10 0
0.003990 18 -10 0
0.000083 18 12 0
0.000601 18 -12 0
-0.002153 18 14 0
0.001095 18 -14 0
0.002993 18 16 0
0.003766 18 -16 0
0.003975 18 18 0
0.000553 18 -18 0
-0.000276 19 1 0
0.002234 19 -1 0
-0.001552 19 3 0
-0.000916 19 -3 0
0.002497 19 5 0
-0.002863 19 -5 0
0.012058 19 7 0
0.002844 19 -7 0
-0.007280 19 9 0
0.001565 19 -9 0
-0.005572 19 11 0
