0.071518 1 1 0
-0.046290 1 -1 0
-0.026691 2 0 0
0.000383 2 2 0
-0.007775 2 -2 0
0.060861 3 1 0
0.065859 3 -1 0
-0.011889 3 3 0
0.011355 3 -3 0
0.013230 4 0 0
-0.031035 4 2 0
-0.002019 4 -2 0
0.008489 4 4 0
-0.005430 4 -4 0
-0.047048 5 1 0
-0.049588 5 -1 0
0.064787 5 3 0
0.002164 5 -3 0
0.034107 5 5 0
-0.004937 5 -5 0
0.026745 6 0 0
0.114614 6 2 0
0.039892 6 -2 0
-0.002225 6 4 0
0.005640 6 -4 0
0.003144 6 6 0
-0.018382 6 -6 0
0.022934 7 1 0
0.035551 7 -1 0
-0.051049 7 3 0
0.038440 7 -3 0
0.043154 7 5 0
-0.026090 7 -5 0
0.048080 7 7 0
-0.006399 7 -7 0
-0.021598 8 0 0
-0.022528 8 2 0
-0.006632 8 -2 0
0.026973 8 4 0
-0.041733 8 -4 0
-0.003239 8 6 0
-0.012274 8 -6 0
0.008544 8 8 0
0.006464 8 -8 0
0.011138 9 1 0
0.022694 9 -1 0
0.074263 9 3 0
-0.007379 9 -3 0
0.035775 9 5 0
0.018071 9 -5 0
0.041051 9 7 0
-0.009716 9 -7 0
-0.008494 9 9 0
-0.011055 9 -9 0
0.017273 10 0 0
0.057862 10 2 0
0.019950 10 -2 0
-0.014179 10 4 0
0.018607 10 -4 0
-0.011912 10 6 0
-0.029857 10 -6 0
0.018357 10 8 0
0.004785 10 -8 0
0.007888 10 10 0
-0.008733 10 -10 0
-0.015697 11 1 0
-0.007156 11 -1 0
-0.024012 11 3 0
0.028468 11 -3 0
0.035958 11 5 0
-0.024902 11 -5 0
0.047611 11 7 0
-0.003226 11 -7 0
-0.011685 11 9 0
-0.009949 11 -9 0
-0.003564 11 11 0
0.001931 11 -11 0
0.004714 12 0 0
0.030391 12 2 0
0.006740 12 -2 0
0.020432 12 4 0
-0.035844 12 -4 0
0.003268 12 6 0
-0.008367 12 -6 0
0.007597 12 8 0
0.008400 12 -8 0
0.011734 12 10 0
-0.005625 12 -10 0
0.009442 12 12 0
-0.007625 12 -12 0
0.010305 13 1 0
0.017313 13 -1 0
0.024379 13 3 0
0.005379 13 -3 0
0.027422 13 5 0
0.013524 13 -5 0
0.024985 13 7 0
-0.007016 13 -7 0
-0.006369 13 9 0
-0.012014 13 -9 0
-0.001276 13 11 0
0.000876 13 -11 0
-0.002270 13 13 0
0.011872 13 -13 0
-0.004067 14 0 0
0.009983 14 2 0
0.005601 14 -2 0
-0.005004 14 4 0
0.006422 14 -4 0
-0.008762 14 6 0
-0.021208 14 -6 0
0.015696 14 8 0
0.001168 14 -8 0
0.009323 14 10 0
-0.000618 14 -10 0
0.009225 14 12 0
-0.004379 14 -12 0
-0.007730 14 14 0
0.002467 14 -14 0
-0.000371 15 1 0
0.004423 15 -1 0
0.006282 15 3 0
0.006484 15 -3 0
0.019207 15 5 0
-0.016372 15 -5 0
0.031429 15 7 0
0.000188 15 -7 0
-0.009955 15 9 0
-0.001682 15 -9 0
-0.001250 15 11 0
0.001253 15 -11 0
0.001496 15 13 0
0.003684 15 -13 0
-0.001776 15 15 0
0.001767 15 -15 0
0.007083 16 0 0
0.019094 16 2 0
0.004107 16 -2 0
0.006530 16 4 0
-0.012810 16 -4 0
0.000168 16 6 0
-0.001428 16 -6 0
0.002626 16 8 0
0.004736 16 -8 0
0.005301 16 10 0
-0.005413 16 -10 0
0.006904 16 12 0
-0.001498 16 -12 0
-0.003590 16 14 0
0.004415 16 -14 0
0.007739 16 16 0
0.007327 16 -16 0
-0.000236 17 1 0
-0.000008 17 -1 0
-0.001242 17 3 0
0.004885 17 -3 0
0.010831 17 5 0
0.004532 17 -5 0
0.008487 17 7 0
-0.002893 17 -7 0
-0.001650 17 9 0
-0.006792 17 -9 0
0.001037 17 11 0
0.000184 17 -11 0
-0.000160 17 13 0
0.002925 17 -13 0
-0.001305 17 15 0
-0.001397 17 -15 0
-0.004038 17 17 0
-0.001526 17 -17 0
0.000054 18 0 0
0.003717 18 2 0
0.002961 18 -2 0
0.001390 18 4 0
-0.001288 18 -4 0
-0.004916 18 6 0
-0.010760 18 -6 0
0.008134 18 8 0
0.000267 18 -8 0
0.003696 18 10 0
0.001604 18 -10 0
0.003653 18 12 0
-0.000097 18 -12 0
0.000116 18 14 0
0.003146 18 -14 0
0.003547 18 16 0
0.003931 18 -16 0
0.001431 18 18 0
-0.000158 18 -18 0
0.001292 19 1 0
0.005535 19 -1 0
0.002916 19 3 0
0.000482 19 -3 0
0.004530 19 5 0
-0.003845 19 -5 0
0.012365 19 7 0
0.002228 19 -7 0
-0.004057 19 9 0
-0.000286 19 -9 0
-0.002444 19 11 0
