0.062920 1 1 0
0.036900 1 -1 0
-0.064204 2 0 0
0.053408 2 2 0
0.002574 2 -2 0
0.053196 3 1 0
0.048950 3 -1 0
-0.031017 3 3 0
0.005959 3 -3 0
0.021653 4 0 0
-0.063284 4 2 0
-0.020326 4 -2 0
0.008253 4 4 0
0.001286 4 -4 0
-0.062094 5 1 0
-0.065571 5 -1 0
0.031909 5 3 0
-0.009413 5 -3 0
0.014784 5 5 0
-0.003928 5 -5 0
0.015637 6 0 0
0.099535 6 2 0
0.033320 6 -2 0
-0.008108 6 4 0
0.010931 6 -4 0
0.006151 6 6 0
-0.020509 6 -6 0
-0.003768 7 1 0
0.015877 7 -1 0
-0.081932 7 3 0
0.036337 7 -3 0
0.026462 7 5 0
-0.021401 7 -5 0
0.037490 7 7 0
-0.008739 7 -7 0
-0.026130 8 0 0
-0.044343 8 2 0
-0.011369 8 -2 0
0.027263 8 4 0
-0.033807 8 -4 0
0.020034 8 6 0
-0.003849 8 -6 0
0.020421 8 8 0
0.012061 8 -8 0
-0.004311 9 1 0
0.003692 9 -1 0
0.038926 9 3 0
-0.011722 9 -3 0
0.019115 9 5 0
0.015665 9 -5 0
0.037845 9 7 0
-0.010315 9 -7 0
-0.034403 9 9 0
-0.005980 9 -9 0
0.014097 10 0 0
0.038402 10 2 0
0.013251 10 -2 0
-0.016825 10 4 0
0.022209 10 -4 0
-0.003146 10 6 0
-0.021075 10 -6 0
0.029912 10 8 0
0.009384 10 -8 0
0.012972 10 10 0
0.015020 10 -10 0
-0.033425 11 1 0
-0.026799 11 -1 0
-0.048621 11 3 0
0.022995 11 -3 0
0.021841 11 5 0
-0.023604 11 -5 0
0.039736 11 7 0
-0.004225 11 -7 0
-0.029466 11 9 0
-0.001593 11 -9 0
-0.023164 11 11 0
-0.000239 11 -11 0
0.001188 12 0 0
0.015028 12 2 0
0.005371 12 -2 0
0.019781 12 4 0
-0.029751 12 -4 0
0.015315 12 6 0
-0.001050 12 -6 0
0.018282 12 8 0
0.011893 12 -8 0
0.015121 12 10 0
0.010910 12 -10 0
0.009458 12 12 0
0.004973 12 -12 0
-0.002034 13 1 0
0.004796 13 -1 0
0.002946 13 3 0
0.000418 13 -3 0
0.014688 13 5 0
0.010687 13 -5 0
0.021884 13 7 0
-0.009784 13 -7 0
-0.024273 13 9 0
-0.006427 13 -9 0
-0.019755 13 11 0
-0.002936 13 -11 0
0.001150 13 13 0
-0.000227 13 -13 0
-0.005225 14 0 0
-0.001163 14 2 0
0.003204 14 -2 0
-0.007961 14 4 0
0.011797 14 -4 0
-0.003368 14 6 0
-0.016175 14 -6 0
0.021384 14 8 0
0.003182 14 -8 0
0.012319 14 10 0
0.015384 14 -10 0
0.007184 14 12 0
0.005564 14 -12 0
-0.008216 14 14 0
0.012966 14 -14 0
-0.008349 15 1 0
-0.005590 15 -1 0
-0.007406 15 3 0
0.003632 15 -3 0
0.011246 15 5 0
-0.016843 15 -5 0
0.026978 15 7 0
-0.002449 15 -7 0
-0.018154 15 9 0
0.002186 15 -9 0
-0.013051 15 11 0
-0.000417 15 -11 0
0.003511 15 13 0
-0.000158 15 -13 0
0.005548 15 15 0
-0.007038 15 -15 0
0.005456 16 0 0
0.012016 16 2 0
0.002969 16 -2 0
0.006290 16 4 0
-0.008724 16 -4 0
0.005166 16 6 0
0.001020 16 -6 0
0.006634 16 8 0
0.005234 16 -8 0
0.005067 16 10 0
0.002131 16 -10 0
0.005669 16 12 0
0.003130 16 -12 0
-0.004941 16 14 0
0.007361 16 -14 0
0.001171 16 16 0
0.010674 16 -16 0
-0.005050 17 1 0
-0.005053 17 -1 0
-0.008438 17 3 0
0.003042 17 -3 0
0.006028 17 5 0
0.005053 17 -5 0
0.005976 17 7 0
-0.005290 17 -7 0
-0.008605 17 9 0
-0.004349 17 -9 0
-0.006151 17 11 0
-0.000245 17 -11 0
0.000889 17 13 0
0.001291 17 -13 0
0.000963 17 15 0
-0.005650 17 -15 0
-0.001282 17 17 0
-0.001110 17 -17 0
-0.001331 18 0 0
0.000181 18 2 0
0.002236 18 -2 0
0.000196 18 4 0
0.000078 18 -4 0
-0.003473 18 6 0
-0.010666 18 -6 0
0.009266 18 8 0
0.001577 18 -8 0
0.005480 18 10 0
0.005628 18 -10 0
0.002839 18 12 0
0.000579 18 -12 0
-0.000990 18 14 0
0.002657 18 -14 0
0.000894 18 16 0
0.005002 18 -16 0
0.001105 18 18 0
0.003475 18 -18 0
-0.000306 19 1 0
0.002933 19 -1 0
-0.000375 19 3 0
-0.000057 19 -3 0
0.003414 19 5 0
-0.005040 19 -5 0
0.012588 19 7 0
0.001279 19 -7 0
-0.006564 19 9 0
0.000435 19 -9 0
-0.005955 19 11 0
