-0.014604 1 1 0
0.023941 1 -1 0
0.014340 2 0 0
-0.028663 2 2 0
0.034489 2 -2 0
0.014282 3 1 0
-0.018418 3 -1 0
0.000117 3 3 0
0.004698 3 -3 0
-0.070870 4 0 0
0.025483 4 2 0
-0.019944 4 -2 0
-0.002384 4 4 0
-0.019595 4 -4 0
-0.031972 5 1 0
0.025156 5 -1 0
0.002337 5 3 0
0.006176 5 -3 0
0.005414 5 5 0
0.003224 5 -5 0
0.090022 6 0 0
0.003676 6 2 0
0.009361 6 -2 0
0.003151 6 4 0
0.010859 6 -4 0
-0.016102 6 6 0
0.003624 6 -6 0
0.039414 7 1 0
-0.017989 7 -1 0
-0.004657 7 3 0
0.004685 7 -3 0
-0.002279 7 5 0
-0.006229 7 -5 0
0.009530 7 7 0
-0.001892 7 -7 0
-0.075682 8 0 0
0.001486 8 2 0
0.001225 8 -2 0
0.000850 8 4 0
0.000580 8 -4 0
-0.000213 8 6 0
-0.000193 8 -6 0
-0.004033 8 8 0
0.005457 8 -8 0
-0.042002 9 1 0
0.020471 9 -1 0
0.005479 9 3 0
0.003472 9 -3 0
-0.000401 9 5 0
0.004434 9 -5 0
0.006409 9 7 0
0.001830 9 -7 0
-0.004720 9 9 0
0.004375 9 -9 0
0.061129 10 0 0
0.014263 10 2 0
0.003108 10 -2 0
0.000100 10 4 0
0.002685 10 -4 0
-0.009574 10 6 0
-0.003205 10 -6 0
-0.000123 10 8 0
0.007779 10 -8 0
0.005338 10 10 0
-0.005462 10 -10 0
0.022560 11 1 0
-0.012482 11 -1 0
0.001121 11 3 0
0.004459 11 -3 0
-0.004785 11 5 0
0.004765 11 -5 0
0.007213 11 7 0
0.002422 11 -7 0
-0.005840 11 9 0
0.003653 11 -9 0
-0.001974 11 11 0
0.004068 11 -11 0
-0.028923 12 0 0
0.001844 12 2 0
-0.000183 12 -2 0
-0.000996 12 4 0
0.010179 12 -4 0
-0.001766 12 6 0
0.000378 12 -6 0
0.000350 12 8 0
0.006797 12 -8 0
0.007505 12 10 0
-0.003178 12 -10 0
0.004142 12 12 0
0.007016 12 -12 0
-0.022029 13 1 0
0.012752 13 -1 0
0.002579 13 3 0
0.003151 13 -3 0
0.002063 13 5 0
0.000043 13 -5 0
0.005411 13 7 0
0.001097 13 -7 0
-0.004742 13 9 0
0.004324 13 -9 0
-0.001001 13 11 0
-0.000869 13 -11 0
-0.007954 13 13 0
0.003847 13 -13 0
0.024017 14 0 0
0.009555 14 2 0
0.003058 14 -2 0
0.001244 14 4 0
-0.000320 14 -4 0
-0.005809 14 6 0
-0.001941 14 -6 0
0.001712 14 8 0
0.006667 14 -8 0
0.006796 14 10 0
-0.001115 14 -10 0
0.005594 14 12 0
0.005367 14 -12 0
0.001524 14 14 0
0.004156 14 -14 0
0.009817 15 1 0
-0.004807 15 -1 0
0.007412 15 3 0
0.004696 15 -3 0
-0.004984 15 5 0
0.004405 15 -5 0
0.007790 15 7 0
0.003138 15 -7 0
-0.006164 15 9 0
0.002558 15 -9 0
0.001781 15 11 0
0.001698 15 -11 0
-0.005634 15 13 0
0.000181 15 -13 0
0.000789 15 15 0
-0.001934 15 -15 0
-0.007814 16 0 0
0.001965 16 2 0
-0.000388 16 -2 0
0.001321 16 4 0
0.007254 16 -4 0
0.000147 16 6 0
-0.000059 16 -6 0
0.000580 16 8 0
0.005510 16 -8 0
0.004828 16 10 0
-0.001030 16 -10 0
0.003194 16 12 0
0.006031 16 -12 0
0.000027 16 14 0
0.003427 16 -14 0
0.005364 16 16 0
0.010428 16 -16 0
-0.008747 17 1 0
0.003831 17 -1 0
-0.000345 17 3 0
0.001666 17 -3 0
0.002340 17 5 0
-0.000255 17 -5 0
0.000830 17 7 0
-0.000138 17 -7 0
-0.001549 17 9 0
0.004088 17 -9 0
-0.000465 17 11 0
-0.000762 17 -11 0
-0.002438 17 13 0
0.002100 17 -13 0
0.001115 17 15 0
-0.001999 17 -15 0
-0.004481 17 17 0
-0.000365 17 -17 0
0.007121 18 0 0
0.005955 18 2 0
0.001837 18 -2 0
-0.000025 18 4 0
-0.000674 18 -4 0
-0.002645 18 6 0
-0.001313 18 -6 0
0.000415 18 8 0
0.001409 18 -8 0
0.004814 18 10 0
-0.001931 18 -10 0
0.002467 18 12 0
0.001956 18 -12 0
0.001466 18 14 0
0.003129 18 -14 0
0.001697 18 16 0
0.005268 18 -16 0
0.002986 18 18 0
0.001585 18 -18 0
0.003450 19 1 0
-0.001266 19 -1 0
0.003005 19 3 0
0.000987 19 -3 0
-0.003779 19 5 0
0.001141 19 -5 0
0.004995 19 7 0
0.001639 19 -7 0
-0.001520 19 9 0
-0.000134 19 -9 0
0.000970 19 11 0
