0.035230 1 1 0
-0.009663 1 -1 0
0.034855 2 0 0
0.027411 2 2 0
0.022707 2 -2 0
0.024029 3 1 0
-0.036089 3 -1 0
0.002337 3 3 0
0.012755 3 -3 0
-0.085280 4 0 0
0.010605 4 2 0
-0.013411 4 -2 0
0.003545 4 4 0
-0.008346 4 -4 0
-0.029681 5 1 0
0.026153 5 -1 0
0.000512 5 3 0
-0.004806 5 -3 0
0.001353 5 5 0
0.002755 5 -5 0
0.098297 6 0 0
0.003355 6 2 0
0.013663 6 -2 0
-0.002813 6 4 0
-0.003684 6 -4 0
-0.005399 6 6 0
-0.000433 6 -6 0
0.037255 7 1 0
-0.026979 7 -1 0
-0.001116 7 3 0
0.011498 7 -3 0
-0.003725 7 5 0
-0.001581 7 -5 0
0.000274 7 7 0
0.000713 7 -7 0
-0.075201 8 0 0
-0.000670 8 2 0
-0.002527 8 -2 0
-0.001068 8 4 0
0.004967 8 -4 0
-0.002209 8 6 0
-0.005828 8 -6 0
0.000411 8 8 0
0.009715 8 -8 0
-0.037164 9 1 0
0.015184 9 -1 0
0.001767 9 3 0
0.000928 9 -3 0
-0.003314 9 5 0
0.007425 9 -5 0
0.003735 9 7 0
0.000998 9 -7 0
-0.005149 9 9 0
-0.000542 9 -9 0
0.060238 10 0 0
0.013598 10 2 0
0.005601 10 -2 0
0.000220 10 4 0
-0.005220 10 -4 0
-0.003337 10 6 0
-0.002125 10 -6 0
0.004323 10 8 0
0.009669 10 -8 0
0.003749 10 10 0
-0.003581 10 -10 0
0.024196 11 1 0
-0.015358 11 -1 0
0.002620 11 3 0
0.006010 11 -3 0
-0.006085 11 5 0
0.006728 11 -5 0
0.002322 11 7 0
0.005308 11 -7 0
-0.007774 11 9 0
0.002081 11 -9 0
0.003193 11 11 0
0.001067 11 -11 0
-0.029767 12 0 0
0.000919 12 2 0
-0.001679 12 -2 0
-0.001250 12 4 0
0.007964 12 -4 0
0.000022 12 6 0
-0.000543 12 -6 0
0.002414 12 8 0
0.011139 12 -8 0
0.003408 12 10 0
-0.000927 12 -10 0
0.000253 12 12 0
0.006741 12 -12 0
-0.020912 13 1 0
0.009559 13 -1 0
-0.001408 13 3 0
0.005439 13 -3 0
-0.000796 13 5 0
0.002320 13 -5 0
0.000895 13 7 0
0.001929 13 -7 0
-0.005958 13 9 0
0.002099 13 -9 0
0.000090 13 11 0
-0.003342 13 -11 0
-0.000489 13 13 0
0.003536 13 -13 0
0.023733 14 0 0
0.010437 14 2 0
0.001940 14 -2 0
0.001242 14 4 0
-0.003318 14 -4 0
-0.004517 14 6 0
-0.003574 14 -6 0
0.003002 14 8 0
0.008023 14 -8 0
0.005023 14 10 0
0.000413 14 -10 0
0.002493 14 12 0
0.004153 14 -12 0
-0.006000 14 14 0
0.000473 14 -14 0
0.010313 15 1 0
-0.006526 15 -1 0
0.006444 15 3 0
0.005074 15 -3 0
-0.008874 15 5 0
0.007668 15 -5 0
0.003054 15 7 0
0.003737 15 -7 0
-0.006381 15 9 0
0.001825 15 -9 0
0.002898 15 11 0
0.001736 15 -11 0
-0.000440 15 13 0
0.000706 15 -13 0
0.002871 15 15 0
0.001633 15 -15 0
-0.008158 16 0 0
0.002128 16 2 0
-0.000948 16 -2 0
-0.000936 16 4 0
0.005636 16 -4 0
-0.000119 16 6 0
-0.000014 16 -6 0
0.001680 16 8 0
0.006028 16 -8 0
0.003953 16 10 0
-0.001013 16 -10 0
0.002397 16 12 0
0.003968 16 -12 0
-0.005138 16 14 0
0.001610 16 -14 0
0.004603 16 16 0
0.004894 16 -16 0
-0.009155 17 1 0
0.002332 17 -1 0
-0.002090 17 3 0
0.002961 17 -3 0
0.001235 17 5 0
0.000336 17 -5 0
-0.000083 17 7 0
-0.000276 17 -7 0
-0.001818 17 9 0
0.002277 17 -9 0
0.001600 17 11 0
-0.000893 17 -11 0
-0.001141 17 13 0
0.004490 17 -13 0
0.001314 17 15 0
-0.001069 17 -15 0
0.000341 17 17 0
0.002161 17 -17 0
0.007112 18 0 0
0.005084 18 2 0
0.000916 18 -2 0
0.001760 18 4 0
-0.001764 18 -4 0
-0.003069 18 6 0
-0.002285 18 -6 0
0.001100 18 8 0
0.003042 18 -8 0
0.002172 18 10 0
0.000183 18 -10 0
0.001002 18 12 0
0.001667 18 -12 0
-0.002126 18 14 0
0.001741 18 -14 0
0.001418 18 16 0
0.003226 18 -16 0
0.001939 18 18 0
0.001742 18 -18 0
0.002880 19 1 0
-0.001267 19 -1 0
0.001123 19 3 0
0.000654 19 -3 0
-0.004928 19 5 0
0.002039 19 -5 0
0.001920 19 7 0
0.002026 19 -7 0
-0.002002 19 9 0
-0.000652 19 -9 0
0.001358 19 11 0
