-0.027827 1 1 0
-0.023253 1 -1 0
0.046355 2 0 0
-0.032386 2 2 0
-0.009284 2 -2 0
0.000866 3 1 0
-0.030014 3 -1 0
0.018832 3 3 0
-0.009505 3 -3 0
-0.073661 4 0 0
0.013961 4 2 0
-0.003273 4 -2 0
0.005341 4 4 0
-0.002693 4 -4 0
-0.018393 5 1 0
0.023460 5 -1 0
-0.001372 5 3 0
0.001613 5 -3 0
0.000313 5 5 0
0.009723 5 -5 0
0.099931 6 0 0
0.004542 6 2 0
0.013342 6 -2 0
-0.006861 6 4 0
-0.007779 6 -4 0
-0.009139 6 6 0
-0.008807 6 -6 0
0.041593 7 1 0
-0.024876 7 -1 0
0.002547 7 3 0
0.012090 7 -3 0
-0.004607 7 5 0
-0.001253 7 -5 0
0.004135 7 7 0
0.000391 7 -7 0
-0.071723 8 0 0
-0.001531 8 2 0
0.002830 8 -2 0
0.003351 8 4 0
0.004006 8 -4 0
-0.002011 8 6 0
-0.002098 8 -6 0
-0.005560 8 8 0
0.003374 8 -8 0
-0.034423 9 1 0
0.017987 9 -1 0
0.002877 9 3 0
0.002221 9 -3 0
0.000830 9 5 0
0.007541 9 -5 0
-0.000836 9 7 0
0.005375 9 -7 0
0.001093 9 9 0
0.002371 9 -9 0
0.065515 10 0 0
0.011499 10 2 0
0.007326 10 -2 0
-0.001210 10 4 0
-0.004465 10 -4 0
-0.005454 10 6 0
-0.003335 10 -6 0
0.001357 10 8 0
0.008898 10 -8 0
0.002491 10 10 0
-0.003888 10 -10 0
0.029578 11 1 0
-0.015317 11 -1 0
0.006282 11 3 0
0.005898 11 -3 0
-0.008239 11 5 0
0.009360 11 -5 0
0.002261 11 7 0
0.003935 11 -7 0
0.000655 11 9 0
0.004185 11 -9 0
0.003671 11 11 0
0.001863 11 -11 0
-0.026464 12 0 0
-0.000633 12 2 0
0.003353 12 -2 0
-0.000811 12 4 0
0.007401 12 -4 0
-0.002732 12 6 0
-0.003357 12 -6 0
-0.000928 12 8 0
0.007267 12 -8 0
0.005510 12 10 0
-0.000747 12 -10 0
0.001237 12 12 0
0.004307 12 -12 0
-0.016866 13 1 0
0.010547 13 -1 0
-0.000515 13 3 0
0.005188 13 -3 0
0.001528 13 5 0
0.003844 13 -5 0
-0.000743 13 7 0
0.005194 13 -7 0
0.000135 13 9 0
0.004913 13 -9 0
-0.001204 13 11 0
-0.000334 13 -11 0
-0.003306 13 13 0
0.002704 13 -13 0
0.028007 14 0 0
0.008192 14 2 0
0.005460 14 -2 0
0.001696 14 4 0
-0.005592 14 -4 0
-0.006943 14 6 0
-0.002328 14 -6 0
0.002159 14 8 0
0.006631 14 -8 0
0.005594 14 10 0
-0.000234 14 -10 0
0.004741 14 12 0
0.003943 14 -12 0
-0.000699 14 14 0
0.001155 14 -14 0
0.013803 15 1 0
-0.005870 15 -1 0
0.007588 15 3 0
0.004314 15 -3 0
-0.007090 15 5 0
0.007672 15 -5 0
0.002242 15 7 0
0.004705 15 -7 0
-0.001026 15 9 0
0.003001 15 -9 0
0.003921 15 11 0
0.002521 15 -11 0
-0.001792 15 13 0
0.003110 15 -13 0
-0.000255 15 15 0
0.004059 15 -15 0
-0.005322 16 0 0
0.000642 16 2 0
0.000798 16 -2 0
0.000296 16 4 0
0.005042 16 -4 0
0.000574 16 6 0
-0.000724 16 -6 0
-0.000513 16 8 0
0.006505 16 -8 0
0.003962 16 10 0
-0.002048 16 -10 0
0.002940 16 12 0
0.003082 16 -12 0
-0.001228 16 14 0
0.003291 16 -14 0
0.004031 16 16 0
0.008436 16 -16 0
-0.006714 17 1 0
0.003882 17 -1 0
-0.000816 17 3 0
0.003609 17 -3 0
0.002700 17 5 0
0.000838 17 -5 0
-0.000182 17 7 0
0.000188 17 -7 0
0.001467 17 9 0
0.003708 17 -9 0
0.002168 17 11 0
-0.000727 17 -11 0
-0.001665 17 13 0
0.002479 17 -13 0
-0.001580 17 15 0
-0.000513 17 -15 0
-0.000709 17 17 0
0.001824 17 -17 0
0.009179 18 0 0
0.004928 18 2 0
0.003778 18 -2 0
0.001410 18 4 0
-0.003321 18 -4 0
-0.003191 18 6 0
-0.003288 18 -6 0
0.001085 18 8 0
0.002503 18 -8 0
0.003692 18 10 0
-0.000299 18 -10 0
0.000671 18 12 0
0.001774 18 -12 0
0.000589 18 14 0
0.002626 18 -14 0
0.000907 18 16 0
0.006290 18 -16 0
0.000465 18 18 0
0.002588 18 -18 0
0.004687 19 1 0
-0.000828 19 -1 0
0.002036 19 3 0
0.000978 19 -3 0
-0.005046 19 5 0
0.003513 19 -5 0
0.000630 19 7 0
0.002944 19 -7 0
-0.000247 19 9 0
0.000334 19 -9 0
0.002001 19 11 0
