0.104654 1 1 0
0.082714 1 -1 0
-0.007328 2 0 0
0.012265 2 2 0
-0.015743 2 -2 0
0.012875 3 1 0
-0.045470 3 -1 0
0.005173 3 3 0
0.043275 3 -3 0
-0.044339 4 0 0
-0.014634 4 2 0
-0.078891 4 -2 0
-0.005826 4 4 0
-0.007564 4 -4 0
-0.007155 5 1 0
0.021511 5 -1 0
-0.006043 5 3 0
-0.086368 5 -3 0
0.011714 5 5 0
0.021029 5 -5 0
0.029356 6 0 0
-0.000203 6 2 0
0.045915 6 -2 0
-0.030221 6 4 0
-0.050494 6 -4 0
-0.004817 6 6 0
0.001935 6 -6 0
0.002848 7 1 0
0.060966 7 -1 0
0.025790 7 3 0
0.067662 7 -3 0
-0.002960 7 5 0
-0.060128 7 -5 0
-0.000388 7 7 0
-0.025255 7 -7 0
-0.005134 8 0 0
0.002861 8 2 0
0.015452 8 -2 0
0.009665 8 4 0
0.065908 8 -4 0
-0.015984 8 6 0
-0.032768 8 -6 0
0.032874 8 8 0
0.006859 8 -8 0
-0.001207 9 1 0
-0.010752 9 -1 0
0.005827 9 3 0
-0.020290 9 -3 0
0.023127 9 5 0
0.043616 9 -5 0
-0.007859 9 7 0
-0.026496 9 -7 0
-0.013702 9 9 0
-0.024649 9 -9 0
-0.005855 10 0 0
-0.007523 10 2 0
-0.018227 10 -2 0
-0.024961 10 4 0
-0.017412 10 -4 0
0.011505 10 6 0
0.028953 10 -6 0
0.018566 10 8 0
-0.006897 10 -8 0
0.003791 10 10 0
0.024898 10 -10 0
0.003644 11 1 0
0.032756 11 -1 0
0.007627 11 3 0
-0.001346 11 -3 0
-0.000727 11 5 0
-0.031578 11 -5 0
0.011704 11 7 0
0.009640 11 -7 0
-0.003247 11 9 0
-0.010033 11 -9 0
-0.010252 11 11 0
-0.027820 11 -11 0
0.010573 12 0 0
0.005225 12 2 0
0.026146 12 -2 0
-0.002149 12 4 0
0.013913 12 -4 0
-0.016617 12 6 0
-0.023781 12 -6 0
0.030078 12 8 0
0.020663 12 -8 0
0.009226 12 10 0
0.025759 12 -10 0
-0.032036 12 12 0
-0.013271 12 -12 0
0.000260 13 1 0
0.025274 13 -1 0
0.014198 13 3 0
0.016814 13 -3 0
0.008381 13 5 0
0.007976 13 -5 0
-0.010594 13 7 0
-0.024104 13 -7 0
-0.000689 13 9 0
0.001293 13 -9 0
-0.001158 13 11 0
-0.008152 13 -11 0
-0.013023 13 13 0
-0.021210 13 -13 0
0.001316 14 0 0
-0.002035 14 2 0
0.008420 14 -2 0
-0.005049 14 4 0
0.017081 14 -4 0
0.002401 14 6 0
0.012843 14 -6 0
0.007216 14 8 0
-0.007977 14 -8 0
0.009123 14 10 0
0.024133 14 -10 0
-0.017414 14 12 0
-0.002849 14 -12 0
-0.003262 14 14 0
-0.022694 14 -14 0
0.003299 15 1 0
0.010938 15 -1 0
0.005188 15 3 0
0.001188 15 -3 0
0.005431 15 5 0
0.008328 15 -5 0
0.003248 15 7 0
0.004470 15 -7 0
-0.006748 15 9 0
-0.008336 15 -9 0
-0.001803 15 11 0
-0.008288 15 -11 0
-0.004013 15 13 0
-0.003843 15 -13 0
-0.004845 15 15 0
-0.015430 15 -15 0
0.003210 16 0 0
0.001317 16 2 0
0.006516 16 -2 0
-0.006409 16 4 0
0.005890 16 -4 0
-0.002375 16 6 0
0.005631 16 -6 0
0.014584 16 8 0
0.015806 16 -8 0
-0.001001 16 10 0
0.010634 16 -10 0
-0.009597 16 12 0
-0.002200 16 -12 0
-0.002569 16 14 0
-0.007883 16 -14 0
0.007977 16 16 0
-0.001186 16 -16 0
0.002460 17 1 0
0.014100 17 -1 0
0.004630 17 3 0
0.007242 17 -3 0
-0.000625 17 5 0
-0.001356 17 -5 0
-0.000468 17 7 0
-0.004399 17 -7 0
0.005157 17 9 0
0.006224 17 -9 0
0.000873 17 11 0
-0.002003 17 -11 0
-0.004210 17 13 0
-0.004600 17 -13 0
-0.001181 17 15 0
-0.008314 17 -15 0
-0.001109 17 17 0
-0.002251 17 -17 0
0.001958 18 0 0
0.000616 18 2 0
0.007681 18 -2 0
-0.000059 18 4 0
0.007426 18 -4 0
-0.001929 18 6 0
0.000596 18 -6 0
0.002260 18 8 0
0.002926 18 -8 0
0.004488 18 10 0
0.013465 18 -10 0
-0.006738 18 12 0
0.001304 18 -12 0
-0.002135 18 14 0
-0.004763 18 -14 0
0.002634 18 16 0
0.002008 18 -16 0
-0.000213 18 18 0
-0.000206 18 -18 0
0.002026 19 1 0
0.003827 19 -1 0
0.002483 19 3 0
0.000173 19 -3 0
0.002183 19 5 0
0.003949 19 -5 0
-0.002394 19 7 0
-0.003769 19 -7 0
-0.003437 19 9 0
-0.002754 19 -9 0
0.001828 19 11 0
