0.270911 1 1 0
0.088448 1 -1 0
0.001306 2 0 0
0.032553 2 2 0
0.013628 2 -2 0
-0.019558 3 1 0
-0.064563 3 -1 0
-0.001293 3 3 0
0.049239 3 -3 0
-0.033823 4 0 0
-0.013835 4 2 0
-0.081253 4 -2 0
-0.002278 4 4 0
0.008384 4 -4 0
0.000227 5 1 0
0.031079 5 -1 0
-0.008372 5 3 0
-0.086899 5 -3 0
0.006223 5 5 0
0.017922 5 -5 0
0.038115 6 0 0
0.005575 6 2 0
0.060233 6 -2 0
-0.030488 6 4 0
-0.053759 6 -4 0
0.005464 6 6 0
-0.010258 6 -6 0
-0.004974 7 1 0
0.061385 7 -1 0
0.016748 7 3 0
0.078429 7 -3 0
-0.006291 7 5 0
-0.059052 7 -5 0
0.012548 7 7 0
-0.034770 7 -7 0
0.003576 8 0 0
-0.002316 8 2 0
0.027306 8 -2 0
0.018323 8 4 0
0.058463 8 -4 0
-0.016685 8 6 0
-0.046302 8 -6 0
0.025486 8 8 0
-0.007918 8 -8 0
-0.002531 9 1 0
-0.003830 9 -1 0
-0.001071 9 3 0
-0.016243 9 -3 0
0.014893 9 5 0
0.034284 9 -5 0
-0.003079 9 7 0
-0.031493 9 -7 0
-0.012896 9 9 0
-0.022565 9 -9 0
0.003375 10 0 0
-0.004051 10 2 0
-0.006948 10 -2 0
-0.022178 10 4 0
-0.020979 10 -4 0
0.016028 10 6 0
0.019597 10 -6 0
0.013421 10 8 0
-0.015882 10 -8 0
0.001037 10 10 0
0.007976 10 -10 0
-0.000832 11 1 0
0.037299 11 -1 0
0.005294 11 3 0
0.007328 11 -3 0
-0.005960 11 5 0
-0.034585 11 -5 0
0.021720 11 7 0
0.002452 11 -7 0
-0.007758 11 9 0
-0.009292 11 -9 0
-0.013189 11 11 0
-0.034092 11 -11 0
0.020659 12 0 0
0.002428 12 2 0
0.037150 12 -2 0
0.001077 12 4 0
0.010779 12 -4 0
-0.013481 12 6 0
-0.029412 12 -6 0
0.026458 12 8 0
0.013170 12 -8 0
0.006638 12 10 0
0.018050 12 -10 0
-0.033435 12 12 0
-0.011536 12 -12 0
-0.001985 13 1 0
0.027793 13 -1 0
0.007804 13 3 0
0.021652 13 -3 0
0.005281 13 5 0
0.009542 13 -5 0
-0.002982 13 7 0
-0.027914 13 -7 0
-0.000666 13 9 0
0.000942 13 -9 0
-0.004045 13 11 0
-0.009265 13 -11 0
-0.016259 13 13 0
-0.020395 13 -13 0
0.008921 14 0 0
-0.003825 14 2 0
0.019136 14 -2 0
-0.004922 14 4 0
0.017331 14 -4 0
0.004498 14 6 0
0.006533 14 -6 0
0.003301 14 8 0
-0.011094 14 -8 0
0.007031 14 10 0
0.017509 14 -10 0
-0.019225 14 12 0
-0.001119 14 -12 0
-0.017391 14 14 0
-0.031852 14 -14 0
0.003452 15 1 0
0.012657 15 -1 0
0.002781 15 3 0
0.005409 15 -3 0
0.002610 15 5 0
0.009513 15 -5 0
0.008007 15 7 0
0.003494 15 -7 0
-0.007654 15 9 0
-0.007916 15 -9 0
-0.004391 15 11 0
-0.009395 15 -11 0
-0.008703 15 13 0
-0.008277 15 -13 0
0.002964 15 15 0
-0.018418 15 -15 0
0.009113 16 0 0
0.000614 16 2 0
0.013846 16 -2 0
-0.005436 16 4 0
0.005503 16 -4 0
-0.000222 16 6 0
0.002144 16 -6 0
0.012436 16 8 0
0.012273 16 -8 0
-0.001043 16 10 0
0.007963 16 -10 0
-0.008856 16 12 0
0.001579 16 -12 0
-0.008635 16 14 0
-0.011264 16 -14 0
0.010038 16 16 0
-0.011622 16 -16 0
0.000142 17 1 0
0.015547 17 -1 0
0.001298 17 3 0
0.010979 17 -3 0
0.000252 17 5 0
-0.000440 17 -5 0
0.003189 17 7 0
-0.004046 17 -7 0
0.002629 17 9 0
0.007945 17 -9 0
0.001512 17 11 0
-0.003071 17 -11 0
-0.005374 17 13 0
-0.002997 17 -13 0
0.002792 17 15 0
-0.011755 17 -15 0
0.005303 17 17 0
-0.005556 17 -17 0
0.006189 18 0 0
-0.001294 18 2 0
0.013505 18 -2 0
-0.001234 18 4 0
0.006379 18 -4 0
-0.000624 18 6 0
-0.000528 18 -6 0
-0.000544 18 8 0
0.001567 18 -8 0
0.003949 18 10 0
0.010886 18 -10 0
-0.005469 18 12 0
0.003527 18 -12 0
-0.003702 18 14 0
-0.003827 18 -14 0
0.001812 18 16 0
-0.002159 18 -16 0
0.001330 18 18 0
-0.001255 18 -18 0
0.003330 19 1 0
0.004907 19 -1 0
0.000775 19 3 0
0.001570 19 -3 0
0.002746 19 5 0
0.003259 19 -5 0
-0.000076 19 7 0
-0.002172 19 -7 0
-0.003820 19 9 0
-0.001564 19 -9 0
0.001769 19 11 0
