0.098690 1 1 0
0.137885 1 -1 0
-0.045645 2 0 0
0.022293 2 2 0
0.040295 2 -2 0
0.017271 3 1 0
-0.068141 3 -1 0
0.018237 3 3 0
0.010702 3 -3 0
-0.036372 4 0 0
-0.008319 4 2 0
-0.111161 4 -2 0
-0.020540 4 4 0
0.010007 4 -4 0
0.002257 5 1 0
0.020894 5 -1 0
-0.011324 5 3 0
-0.087228 5 -3 0
-0.004572 5 5 0
0.017276 5 -5 0
0.017720 6 0 0
-0.001913 6 2 0
0.050236 6 -2 0
-0.032057 6 4 0
-0.050106 6 -4 0
0.008068 6 6 0
0.007132 6 -6 0
0.003302 7 1 0
0.067253 7 -1 0
0.030292 7 3 0
0.082536 7 -3 0
0.013306 7 5 0
-0.060885 7 -5 0
0.005770 7 7 0
-0.020692 7 -7 0
-0.005443 8 0 0
0.001625 8 2 0
0.000344 8 -2 0
0.000142 8 4 0
0.050256 8 -4 0
-0.023170 8 6 0
-0.043854 8 -6 0
0.038508 8 8 0
0.010031 8 -8 0
0.003990 9 1 0
-0.010236 9 -1 0
-0.002291 9 3 0
-0.015095 9 -3 0
0.020561 9 5 0
0.047350 9 -5 0
-0.005332 9 7 0
-0.027811 9 -7 0
-0.012539 9 9 0
-0.040414 9 -9 0
-0.013299 10 0 0
-0.010731 10 2 0
-0.024645 10 -2 0
-0.027838 10 4 0
-0.023724 10 -4 0
0.012295 10 6 0
0.020814 10 -6 0
0.014695 10 8 0
0.001087 10 -8 0
0.003338 10 10 0
0.052296 10 -10 0
0.003520 11 1 0
0.037591 11 -1 0
0.006538 11 3 0
0.005174 11 -3 0
-0.002639 11 5 0
-0.030630 11 -5 0
0.017226 11 7 0
0.015404 11 -7 0
-0.002851 11 9 0
-0.013279 11 -9 0
-0.009439 11 11 0
-0.043468 11 -11 0
0.007191 12 0 0
0.004791 12 2 0
0.020083 12 -2 0
-0.004562 12 4 0
0.007314 12 -4 0
-0.013998 12 6 0
-0.028680 12 -6 0
0.030471 12 8 0
0.023540 12 -8 0
0.015324 12 10 0
0.047368 12 -10 0
-0.032561 12 12 0
0.006647 12 -12 0
0.001335 13 1 0
0.028086 13 -1 0
0.008399 13 3 0
0.023158 13 -3 0
0.009005 13 5 0
0.011463 13 -5 0
-0.007870 13 7 0
-0.022416 13 -7 0
-0.001437 13 9 0
-0.004460 13 -9 0
-0.003805 13 11 0
-0.023477 13 -11 0
-0.018005 13 13 0
-0.030375 13 -13 0
0.000512 14 0 0
-0.002440 14 2 0
0.001063 14 -2 0
-0.009668 14 4 0
0.011333 14 -4 0
0.003713 14 6 0
0.008709 14 -6 0
0.007041 14 8 0
-0.002314 14 -8 0
0.009467 14 10 0
0.038119 14 -10 0
-0.016865 14 12 0
0.006039 14 -12 0
-0.000991 14 14 0
-0.028952 14 -14 0
0.004593 15 1 0
0.013327 15 -1 0
0.001741 15 3 0
0.007734 15 -3 0
0.007025 15 5 0
0.010556 15 -5 0
0.006038 15 7 0
0.008440 15 -7 0
-0.007117 15 9 0
-0.010035 15 -9 0
-0.002434 15 11 0
-0.013747 15 -11 0
-0.008588 15 13 0
-0.007297 15 -13 0
-0.001686 15 15 0
-0.020311 15 -15 0
0.002124 16 0 0
0.001896 16 2 0
0.003386 16 -2 0
-0.006918 16 4 0
0.003435 16 -4 0
-0.000349 16 6 0
0.001922 16 -6 0
0.014664 16 8 0
0.017168 16 -8 0
0.002412 16 10 0
0.017544 16 -10 0
-0.008805 16 12 0
0.003310 16 -12 0
-0.000371 16 14 0
-0.010160 16 -14 0
0.009419 16 16 0
-0.010371 16 -16 0
0.001520 17 1 0
0.016273 17 -1 0
0.002606 17 3 0
0.009307 17 -3 0
0.002382 17 5 0
-0.000470 17 -5 0
0.001594 17 7 0
-0.001225 17 -7 0
0.003406 17 9 0
0.006520 17 -9 0
0.001017 17 11 0
-0.007113 17 -11 0
-0.004379 17 13 0
-0.006876 17 -13 0
0.002736 17 15 0
-0.011131 17 -15 0
0.004739 17 17 0
-0.003021 17 -17 0
0.002693 18 0 0
0.000263 18 2 0
0.006362 18 -2 0
-0.003103 18 4 0
0.006010 18 -4 0
-0.001224 18 6 0
-0.001401 18 -6 0
0.000981 18 8 0
0.004546 18 -8 0
0.005298 18 10 0
0.016765 18 -10 0
-0.005275 18 12 0
0.004133 18 -12 0
-0.001599 18 14 0
-0.005480 18 -14 0
0.003055 18 16 0
-0.001855 18 -16 0
0.003668 18 18 0
0.001376 18 -18 0
0.002477 19 1 0
0.005255 19 -1 0
-0.001317 19 3 0
0.001509 19 -3 0
0.003255 19 5 0
0.003415 19 -5 0
-0.001950 19 7 0
-0.000684 19 -7 0
-0.003138 19 9 0
-0.000590 19 -9 0
0.002041 19 11 0
