0.140276 1 1 0
0.106774 1 -1 0
-0.018903 2 0 0
-0.007526 2 2 0
0.048718 2 -2 0
0.030771 3 1 0
-0.068571 3 -1 0
-0.017750 3 3 0
0.032915 3 -3 0
-0.028596 4 0 0
0.077334 4 2 0
-0.064727 4 -2 0
-0.034747 4 4 0
-0.008882 4 -4 0
0.004637 5 1 0
-0.022826 5 -1 0
0.094022 5 3 0
-0.044815 5 -3 0
-0.026748 5 5 0
-0.009343 5 -5 0
0.018512 6 0 0
-0.021986 6 2 0
0.010338 6 -2 0
0.062095 6 4 0
0.005326 6 -4 0
-0.016975 6 6 0
-0.009029 6 -6 0
-0.047346 7 1 0
0.042183 7 -1 0
-0.046873 7 3 0
0.008184 7 -3 0
0.066673 7 5 0
0.018864 7 -5 0
-0.009214 7 7 0
-0.043373 7 -7 0
0.017277 8 0 0
-0.019617 8 2 0
0.019200 8 -2 0
-0.058141 8 4 0
-0.016533 8 -4 0
0.022443 8 6 0
0.042460 8 -6 0
0.022437 8 8 0
-0.001972 8 -8 0
-0.001602 9 1 0
-0.008544 9 -1 0
0.000739 9 3 0
-0.012857 9 -3 0
-0.038519 9 5 0
-0.022895 9 -5 0
-0.011221 9 7 0
0.018816 9 -7 0
0.001895 9 9 0
0.020622 9 -9 0
-0.006511 10 0 0
0.015320 10 2 0
-0.012585 10 -2 0
0.010633 10 4 0
0.002445 10 -4 0
-0.020199 10 6 0
-0.011430 10 -6 0
-0.005268 10 8 0
0.019312 10 -8 0
0.003337 10 10 0
-0.028022 10 -10 0
-0.012315 11 1 0
0.005360 11 -1 0
0.016652 11 3 0
-0.002926 11 -3 0
0.029672 11 5 0
0.011838 11 -5 0
-0.018972 11 7 0
-0.029561 11 -7 0
-0.018772 11 9 0
0.027486 11 -9 0
0.006858 11 11 0
0.015764 11 -11 0
0.009544 12 0 0
-0.004942 12 2 0
0.004462 12 -2 0
0.002524 12 4 0
0.002103 12 -4 0
0.013250 12 6 0
0.030818 12 -6 0
0.008265 12 8 0
-0.006367 12 -8 0
-0.005678 12 10 0
-0.024427 12 -10 0
-0.009534 12 12 0
-0.008577 12 -12 0
-0.016827 13 1 0
0.020674 13 -1 0
-0.011101 13 3 0
-0.005511 13 -3 0
-0.000862 13 5 0
0.000948 13 -5 0
-0.004661 13 7 0
0.014283 13 -7 0
0.000230 13 9 0
0.012311 13 -9 0
0.003889 13 11 0
0.004389 13 -11 0
0.004119 13 13 0
-0.004554 13 -13 0
0.005887 14 0 0
-0.005692 14 2 0
0.007154 14 -2 0
-0.011457 14 4 0
-0.003451 14 -4 0
-0.004064 14 6 0
0.008137 14 -6 0
0.004320 14 8 0
0.020405 14 -8 0
0.006140 14 10 0
-0.015431 14 -10 0
-0.005835 14 12 0
-0.012540 14 -12 0
-0.014242 14 14 0
0.017104 14 -14 0
-0.001690 15 1 0
0.008591 15 -1 0
0.000477 15 3 0
0.000415 15 -3 0
0.003303 15 5 0
-0.000368 15 -5 0
-0.012158 15 7 0
-0.007934 15 -7 0
-0.006549 15 9 0
0.025328 15 -9 0
0.009433 15 11 0
0.007371 15 -11 0
0.006192 15 13 0
-0.001585 15 -13 0
-0.002317 15 15 0
-0.024104 15 -15 0
0.000878 16 0 0
0.006028 16 2 0
-0.000708 16 -2 0
0.003196 16 4 0
0.007085 16 -4 0
0.001740 16 6 0
0.009013 16 -6 0
0.002577 16 8 0
0.000709 16 -8 0
-0.006622 16 10 0
-0.002221 16 -10 0
0.001572 16 12 0
0.002135 16 -12 0
-0.003907 16 14 0
0.011235 16 -14 0
0.010557 16 16 0
0.006138 16 -16 0
-0.004943 17 1 0
0.008360 17 -1 0
0.003100 17 3 0
0.003622 17 -3 0
-0.000132 17 5 0
0.007532 17 -5 0
-0.003687 17 7 0
0.005404 17 -7 0
-0.003594 17 9 0
0.008452 17 -9 0
-0.001109 17 11 0
0.004285 17 -11 0
0.003963 17 13 0
0.006824 17 -13 0
0.002550 17 15 0
-0.013670 17 -15 0
-0.002001 17 17 0
-0.001751 17 -17 0
0.001892 18 0 0
-0.002672 18 2 0
0.004773 18 -2 0
-0.003344 18 4 0
0.004633 18 -4 0
-0.000565 18 6 0
0.011070 18 -6 0
-0.001419 18 8 0
0.008362 18 -8 0
-0.000194 18 10 0
-0.005657 18 -10 0
-0.004079 18 12 0
-0.003189 18 -12 0
-0.004366 18 14 0
0.010318 18 -14 0
0.005983 18 16 0
0.006655 18 -16 0
0.005290 18 18 0
0.002268 18 -18 0
-0.002005 19 1 0
0.009219 19 -1 0
-0.005763 19 3 0
-0.001819 19 -3 0
-0.000583 19 5 0
-0.000119 19 -5 0
-0.007044 19 7 0
0.000688 19 -7 0
-0.003558 19 9 0
0.009863 19 -9 0
0.000421 19 11 0
