0.103185 1 1 0
0.168811 1 -1 0
-0.009465 2 0 0
-0.021381 2 2 0
-0.006274 2 -2 0
0.035626 3 1 0
-0.072027 3 -1 0
-0.013147 3 3 0
0.017108 3 -3 0
-0.034303 4 0 0
0.075035 4 2 0
-0.053899 4 -2 0
-0.039725 4 4 0
-0.013052 4 -4 0
0.009985 5 1 0
-0.017564 5 -1 0
0.101975 5 3 0
-0.034855 5 -3 0
-0.019560 5 5 0
-0.012476 5 -5 0
0.025220 6 0 0
-0.026710 6 2 0
-0.000456 6 -2 0
0.071218 6 4 0
0.006947 6 -4 0
-0.017553 6 6 0
-0.001460 6 -6 0
-0.025752 7 1 0
0.046541 7 -1 0
-0.039350 7 3 0
0.013534 7 -3 0
0.066243 7 5 0
0.008938 7 -5 0
-0.010073 7 7 0
-0.050123 7 -7 0
0.015505 8 0 0
-0.023841 8 2 0
0.012365 8 -2 0
-0.056163 8 4 0
-0.018302 8 -4 0
0.017137 8 6 0
0.054263 8 -6 0
0.020627 8 8 0
-0.000939 8 -8 0
0.005801 9 1 0
-0.001595 9 -1 0
0.011876 9 3 0
-0.004294 9 -3 0
-0.032567 9 5 0
-0.027974 9 -5 0
-0.009774 9 7 0
0.014797 9 -7 0
-0.016476 9 9 0
0.010247 9 -9 0
-0.005296 10 0 0
0.013846 10 2 0
-0.019279 10 -2 0
0.011944 10 4 0
0.000610 10 -4 0
-0.024247 10 6 0
-0.005653 10 -6 0
-0.006911 10 8 0
0.021176 10 -8 0
0.016718 10 10 0
-0.015818 10 -10 0
0.002039 11 1 0
0.011963 11 -1 0
0.026043 11 3 0
0.000151 11 -3 0
0.034820 11 5 0
0.004440 11 -5 0
-0.020138 11 7 0
-0.033797 11 -7 0
-0.030332 11 9 0
0.022488 11 -9 0
-0.000284 11 11 0
0.001428 11 -11 0
0.008816 12 0 0
-0.009362 12 2 0
-0.001343 12 -2 0
0.006297 12 4 0
-0.000231 12 -4 0
0.011165 12 6 0
0.036885 12 -6 0
0.004256 12 8 0
-0.005164 12 -8 0
0.003188 12 10 0
-0.016202 12 -10 0
-0.006058 12 12 0
0.003590 12 -12 0
-0.008914 13 1 0
0.024090 13 -1 0
-0.006738 13 3 0
-0.001470 13 -3 0
0.000818 13 5 0
-0.004020 13 -5 0
-0.004945 13 7 0
0.011146 13 -7 0
-0.010761 13 9 0
0.007292 13 -9 0
0.000146 13 11 0
-0.003210 13 -11 0
0.008528 13 13 0
-0.008020 13 -13 0
0.004659 14 0 0
-0.007216 14 2 0
0.002116 14 -2 0
-0.011300 14 4 0
-0.006634 14 -4 0
-0.006981 14 6 0
0.010382 14 -6 0
0.002309 14 8 0
0.019881 14 -8 0
0.012327 14 10 0
-0.010947 14 -10 0
-0.005910 14 12 0
-0.003250 14 -12 0
-0.011192 14 14 0
0.024840 14 -14 0
0.004316 15 1 0
0.012816 15 -1 0
0.006189 15 3 0
0.002766 15 -3 0
0.005784 15 5 0
-0.002670 15 -5 0
-0.011294 15 7 0
-0.009635 15 -7 0
-0.012220 15 9 0
0.025606 15 -9 0
0.006131 15 11 0
0.001938 15 -11 0
0.005878 15 13 0
-0.003848 15 -13 0
0.002380 15 15 0
-0.024797 15 -15 0
-0.000311 16 0 0
0.003812 16 2 0
-0.004353 16 -2 0
0.002403 16 4 0
0.004940 16 -4 0
0.000370 16 6 0
0.009118 16 -6 0
0.000879 16 8 0
0.001162 16 -8 0
-0.003484 16 10 0
0.000430 16 -10 0
0.002669 16 12 0
0.004497 16 -12 0
-0.000893 16 14 0
0.014880 16 -14 0
0.009341 16 16 0
0.009875 16 -16 0
-0.000529 17 1 0
0.010433 17 -1 0
0.004400 17 3 0
0.004200 17 -3 0
0.002121 17 5 0
0.005299 17 -5 0
-0.004010 17 7 0
0.003886 17 -7 0
-0.007268 17 9 0
0.006098 17 -9 0
-0.001677 17 11 0
0.002791 17 -11 0
0.003526 17 13 0
0.005655 17 -13 0
0.003294 17 15 0
-0.013448 17 -15 0
-0.002802 17 17 0
-0.000683 17 -17 0
0.001331 18 0 0
-0.003383 18 2 0
0.002918 18 -2 0
-0.002361 18 4 0
0.003210 18 -4 0
-0.001779 18 6 0
0.011755 18 -6 0
-0.001431 18 8 0
0.008836 18 -8 0
0.000825 18 10 0
-0.005221 18 -10 0
-0.003721 18 12 0
-0.001731 18 -12 0
-0.002441 18 14 0
0.011642 18 -14 0
0.004480 18 16 0
0.006712 18 -16 0
0.006137 18 18 0
-0.001332 18 -18 0
0.000219 19 1 0
0.010059 19 -1 0
-0.003462 19 3 0
-0.001681 19 -3 0
-0.000111 19 5 0
-0.001240 19 -5 0
-0.006670 19 7 0
0.000892 19 -7 0
-0.004418 19 9 0
0.010241 19 -9 0
0.001425 19 11 0
