0.072350 1 1 0
0.228729 1 -1 0
-0.009615 2 0 0
-0.038549 2 2 0
-0.008461 2 -2 0
0.059214 3 1 0
-0.112921 3 -1 0
-0.017014 3 3 0
0.006918 3 -3 0
-0.027402 4 0 0
0.085078 4 2 0
-0.077704 4 -2 0
-0.029774 4 4 0
-0.027866 4 -4 0
0.011807 5 1 0
-0.042113 5 -1 0
0.086047 5 3 0
-0.030454 5 -3 0
-0.028848 5 5 0
-0.039305 5 -5 0
0.041876 6 0 0
-0.043502 6 2 0
0.001328 6 -2 0
0.071973 6 4 0
0.002553 6 -4 0
-0.027919 6 6 0
-0.003246 6 -6 0
-0.014262 7 1 0
0.024724 7 -1 0
-0.059181 7 3 0
0.022279 7 -3 0
0.048369 7 5 0
-0.005362 7 -5 0
0.004227 7 7 0
-0.060499 7 -7 0
0.030222 8 0 0
-0.024835 8 2 0
0.008717 8 -2 0
-0.056949 8 4 0
-0.014405 8 -4 0
-0.006267 8 6 0
0.058210 8 -6 0
0.047456 8 8 0
-0.012873 8 -8 0
0.023246 9 1 0
-0.016984 9 -1 0
0.002454 9 3 0
0.014555 9 -3 0
-0.045649 9 5 0
-0.033461 9 -5 0
0.003669 9 7 0
0.017637 9 -7 0
-0.015963 9 9 0
0.029996 9 -9 0
0.013569 10 0 0
0.008059 10 2 0
-0.005011 10 -2 0
0.022470 10 4 0
0.018872 10 -4 0
-0.037727 10 6 0
0.010967 10 -6 0
0.015862 10 8 0
0.015916 10 -8 0
0.029210 10 10 0
-0.034229 10 -10 0
0.009860 11 1 0
0.019838 11 -1 0
0.008377 11 3 0
0.023952 11 -3 0
0.025591 11 5 0
0.015158 11 -5 0
-0.007289 11 7 0
-0.015625 11 -7 0
-0.032338 11 9 0
0.048793 11 -9 0
0.021065 11 11 0
-0.015986 11 -11 0
0.031536 12 0 0
-0.022023 12 2 0
0.019787 12 -2 0
0.000040 12 4 0
0.021519 12 -4 0
-0.000073 12 6 0
0.062791 12 -6 0
0.020720 12 8 0
0.008599 12 -8 0
0.011739 12 10 0
-0.021135 12 -10 0
-0.048143 12 12 0
-0.049617 12 -12 0
0.002419 13 1 0
0.033780 13 -1 0
-0.020073 13 3 0
0.024004 13 -3 0
-0.011178 13 5 0
0.008650 13 -5 0
0.002080 13 7 0
0.036314 13 -7 0
-0.011640 13 9 0
0.037655 13 -9 0
0.011841 13 11 0
-0.011767 13 -11 0
0.003276 13 13 0
0.000746 13 -13 0
0.018189 14 0 0
-0.011062 14 2 0
0.020604 14 -2 0
-0.012595 14 4 0
0.018937 14 -4 0
-0.016520 14 6 0
0.028544 14 -6 0
0.007445 14 8 0
0.036519 14 -8 0
0.014526 14 10 0
-0.002825 14 -10 0
-0.028901 14 12 0
-0.030726 14 -12 0
-0.018148 14 14 0
0.005422 14 -14 0
0.012839 15 1 0
0.018518 15 -1 0
0.000645 15 3 0
0.021709 15 -3 0
-0.001505 15 5 0
0.010215 15 -5 0
-0.008635 15 7 0
0.010490 15 -7 0
-0.016766 15 9 0
0.049477 15 -9 0
0.010679 15 11 0
0.004136 15 -11 0
0.005761 15 13 0
0.007169 15 -13 0
0.010933 15 15 0
-0.048477 15 -15 0
0.008934 16 0 0
-0.001517 16 2 0
0.010841 16 -2 0
0.000687 16 4 0
0.022634 16 -4 0
-0.002944 16 6 0
0.027963 16 -6 0
0.002583 16 8 0
0.011948 16 -8 0
-0.005104 16 10 0
0.005679 16 -10 0
-0.011356 16 12 0
-0.005055 16 -12 0
-0.006279 16 14 0
0.011004 16 -14 0
0.015270 16 16 0
0.011681 16 -16 0
0.002867 17 1 0
0.017402 17 -1 0
-0.004532 17 3 0
0.012575 17 -3 0
-0.000263 17 5 0
0.011156 17 -5 0
-0.004088 17 7 0
0.016505 17 -7 0
-0.007739 17 9 0
0.018576 17 -9 0
-0.002132 17 11 0
0.003662 17 -11 0
0.000559 17 13 0
0.012518 17 -13 0
0.006716 17 15 0
-0.019217 17 -15 0
0.003348 17 17 0
-0.005896 17 -17 0
0.005812 18 0 0
-0.007396 18 2 0
0.009951 18 -2 0
-0.004755 18 4 0
0.009616 18 -4 0
-0.004514 18 6 0
0.016360 18 -6 0
-0.001845 18 8 0
0.015231 18 -8 0
0.000282 18 10 0
-0.002494 18 -10 0
-0.010855 18 12 0
-0.005120 18 -12 0
-0.005023 18 14 0
0.012651 18 -14 0
0.005244 18 16 0
0.009167 18 -16 0
0.004591 18 18 0
-0.003172 18 -18 0
0.001630 19 1 0
0.007700 19 -1 0
-0.005377 19 3 0
0.000614 19 -3 0
-0.001777 19 5 0
0.000387 19 -5 0
-0.005786 19 7 0
0.006689 19 -7 0
-0.004530 19 9 0
0.014465 19 -9 0
0.000723 19 11 0
