0.092135 1 1 0
0.442287 1 -1 0
-0.105634 2 0 0
-0.064885 2 2 0
-0.115269 2 -2 0
0.375191 3 1 0
-0.129445 3 -1 0
0.044608 3 3 0
-0.128100 3 -3 0
-0.204387 4 0 0
0.390726 4 2 0
0.299056 4 -2 0
0.045128 4 4 0
-0.038020 4 -4 0
0.094303 5 1 0
-0.003163 5 -1 0
-0.084718 5 3 0
0.328274 5 -3 0
0.003417 5 5 0
0.104357 5 -5 0
0.055843 6 0 0
-0.118498 6 2 0
-0.098316 6 -2 0
-0.364256 6 4 0
0.043230 6 -4 0
-0.002347 6 6 0
0.041327 6 -6 0
-0.132292 7 1 0
0.121195 7 -1 0
0.041175 7 3 0
-0.317388 7 -3 0
-0.182441 7 5 0
-0.180230 7 -5 0
0.024100 7 7 0
0.035778 7 -7 0
-0.021341 8 0 0
-0.035906 8 2 0
-0.016685 8 -2 0
0.188579 8 4 0
-0.091336 8 -4 0
0.106418 8 6 0
-0.199609 8 -6 0
-0.141996 8 8 0
0.088099 8 -8 0
0.133045 9 1 0
-0.030764 9 -1 0
-0.011987 9 3 0
-0.001937 9 -3 0
0.074383 9 5 0
0.177033 9 -5 0
0.200698 9 7 0
0.012516 9 -7 0
-0.047013 9 9 0
-0.079928 9 -9 0
-0.077299 10 0 0
0.114911 10 2 0
0.065476 10 -2 0
-0.179798 10 4 0
0.022090 10 -4 0
-0.037682 10 6 0
0.090086 10 -6 0
-0.044083 10 8 0
0.169961 10 -8 0
0.097410 10 10 0
-0.018952 10 -10 0
0.059211 11 1 0
-0.006613 11 -1 0
0.003335 11 3 0
0.006110 11 -3 0
-0.136352 11 5 0
-0.093484 11 -5 0
-0.023678 11 7 0
-0.001786 11 -7 0
-0.039436 11 9 0
0.019395 11 -9 0
-0.055512 11 11 0
-0.154860 11 -11 0
-0.001326 12 0 0
-0.018836 12 2 0
0.007148 12 -2 0
-0.045159 12 4 0
-0.001337 12 -4 0
0.065245 12 6 0
-0.142848 12 -6 0
-0.086743 12 8 0
0.041509 12 -8 0
0.042340 12 10 0
0.036523 12 -10 0
0.187229 12 12 0
-0.079996 12 -12 0
0.007516 13 1 0
0.024147 13 -1 0
-0.008603 13 3 0
-0.079198 13 -3 0
-0.021257 13 5 0
0.032354 13 -5 0
0.129915 13 7 0
-0.000113 13 -7 0
-0.007737 13 9 0
-0.050223 13 -9 0
-0.071462 13 11 0
-0.112962 13 -11 0
-0.094961 13 13 0
0.046480 13 -13 0
-0.007472 14 0 0
0.009508 14 2 0
0.009014 14 -2 0
-0.017625 14 4 0
-0.014365 14 -4 0
-0.016318 14 6 0
0.017076 14 -6 0
-0.022833 14 8 0
0.123820 14 -8 0
0.068942 14 10 0
0.016828 14 -10 0
0.098106 14 12 0
-0.066323 14 -12 0
0.002068 14 14 0
-0.056314 14 -14 0
0.033905 15 1 0
-0.017064 15 -1 0
0.010429 15 3 0
-0.009119 15 -3 0
-0.018079 15 5 0
0.011162 15 -5 0
-0.017875 15 7 0
-0.015516 15 -7 0
-0.052028 15 9 0
0.018050 15 -9 0
-0.018612 15 11 0
-0.050319 15 -11 0
-0.043092 15 13 0
0.020354 15 -13 0
0.010663 15 15 0
0.028190 15 -15 0
-0.012845 16 0 0
0.023815 16 2 0
0.012836 16 -2 0
-0.035076 16 4 0
0.021376 16 -4 0
0.006145 16 6 0
-0.024165 16 -6 0
-0.030400 16 8 0
0.012913 16 -8 0
-0.000516 16 10 0
0.008712 16 -10 0
0.055980 16 12 0
-0.011956 16 -12 0
0.004232 16 14 0
-0.019410 16 -14 0
-0.039950 16 16 0
0.014165 16 -16 0
0.021152 17 1 0
-0.001761 17 -1 0
-0.002150 17 3 0
-0.000632 17 -3 0
-0.035250 17 5 0
-0.002344 17 -5 0
0.024595 17 7 0
-0.013135 17 -7 0
0.003714 17 9 0
-0.015523 17 -9 0
-0.022152 17 11 0
-0.047290 17 -11 0
-0.031954 17 13 0
0.015534 17 -13 0
-0.000324 17 15 0
0.016228 17 -15 0
0.009243 17 17 0
0.008608 17 -17 0
-0.003587 18 0 0
-0.002007 18 2 0
0.011965 18 -2 0
-0.017939 18 4 0
0.003693 18 -4 0
-0.010979 18 6 0
-0.016719 18 -6 0
-0.006764 18 8 0
0.033958 18 -8 0
0.025418 18 10 0
0.015636 18 -10 0
0.028683 18 12 0
-0.022321 18 -12 0
-0.015775 18 14 0
-0.010089 18 -14 0
-0.025861 18 16 0
0.009196 18 -16 0
0.013880 18 18 0
0.006810 18 -18 0
0.007015 19 1 0
0.000267 19 -1 0
-0.004065 19 3 0
-0.010838 19 -3 0
-0.002859 19 5 0
0.002032 19 -5 0
-0.000731 19 7 0
-0.015829 19 -7 0
-0.017537 19 9 0
0.007024 19 -9 0
-0.006146 19 11 0
