-0.013218 1 1 0
0.439108 1 -1 0
-0.107742 2 0 0
-0.085853 2 2 0
-0.090361 2 -2 0
0.385683 3 1 0
-0.126645 3 -1 0
0.055202 3 3 0
-0.122982 3 -3 0
-0.191845 4 0 0
0.378617 4 2 0
0.283541 4 -2 0
0.060506 4 4 0
-0.032935 4 -4 0
0.086710 5 1 0
0.001572 5 -1 0
-0.090515 5 3 0
0.341024 5 -3 0
0.010345 5 5 0
0.114356 5 -5 0
0.064166 6 0 0
-0.124048 6 2 0
-0.102305 6 -2 0
-0.352756 6 4 0
0.055512 6 -4 0
-0.013061 6 6 0
0.046832 6 -6 0
-0.134359 7 1 0
0.116514 7 -1 0
0.043884 7 3 0
-0.310084 7 -3 0
-0.180452 7 5 0
-0.187437 7 -5 0
0.018362 7 7 0
0.042355 7 -7 0
-0.010991 8 0 0
-0.049517 8 2 0
-0.024918 8 -2 0
0.202624 8 4 0
-0.089088 8 -4 0
0.094951 8 6 0
-0.192426 8 -6 0
-0.126673 8 8 0
0.075554 8 -8 0
0.132017 9 1 0
-0.037671 9 -1 0
-0.011959 9 3 0
0.000872 9 -3 0
0.079024 9 5 0
0.173334 9 -5 0
0.195824 9 7 0
0.019316 9 -7 0
-0.042814 9 9 0
-0.085648 9 -9 0
-0.073825 10 0 0
0.111633 10 2 0
0.055598 10 -2 0
-0.166805 10 4 0
0.025230 10 -4 0
-0.048692 10 6 0
0.090341 10 -6 0
-0.027179 10 8 0
0.152504 10 -8 0
0.076057 10 10 0
-0.011184 10 -10 0
0.056314 11 1 0
-0.018465 11 -1 0
0.002268 11 3 0
0.003549 11 -3 0
-0.132304 11 5 0
-0.105471 11 -5 0
-0.024575 11 7 0
-0.001013 11 -7 0
-0.033186 11 9 0
0.008881 11 -9 0
-0.062110 11 11 0
-0.136588 11 -11 0
0.001989 12 0 0
-0.022309 12 2 0
-0.002421 12 -2 0
-0.035055 12 4 0
-0.001817 12 -4 0
0.058703 12 6 0
-0.145878 12 -6 0
-0.070531 12 8 0
0.027421 12 -8 0
0.032041 12 10 0
0.036663 12 -10 0
0.184880 12 12 0
-0.092855 12 -12 0
0.007399 13 1 0
0.010979 13 -1 0
-0.007936 13 3 0
-0.085907 13 -3 0
-0.016564 13 5 0
0.021887 13 -5 0
0.129726 13 7 0
-0.001287 13 -7 0
-0.002516 13 9 0
-0.061675 13 -9 0
-0.069657 13 11 0
-0.101888 13 -11 0
-0.116500 13 13 0
0.048364 13 -13 0
-0.007827 14 0 0
0.008833 14 2 0
-0.000197 14 -2 0
-0.011169 14 4 0
-0.013811 14 -4 0
-0.020545 14 6 0
0.012690 14 -6 0
-0.011357 14 8 0
0.113870 14 -8 0
0.064589 14 10 0
0.016252 14 -10 0
0.097101 14 12 0
-0.079261 14 -12 0
0.008944 14 14 0
-0.034359 14 -14 0
0.032995 15 1 0
-0.027184 15 -1 0
0.009412 15 3 0
-0.014478 15 -3 0
-0.014110 15 5 0
0.001634 15 -5 0
-0.016957 15 7 0
-0.016679 15 -7 0
-0.045109 15 9 0
0.007494 15 -9 0
-0.017299 15 11 0
-0.047045 15 -11 0
-0.055319 15 13 0
0.019047 15 -13 0
-0.005008 15 15 0
0.039996 15 -15 0
-0.013576 16 0 0
0.023874 16 2 0
0.007775 16 -2 0
-0.031337 16 4 0
0.022264 16 -4 0
0.004657 16 6 0
-0.026398 16 -6 0
-0.021784 16 8 0
0.005707 16 -8 0
0.000097 16 10 0
0.006589 16 -10 0
0.056600 16 12 0
-0.020444 16 -12 0
0.006615 16 14 0
-0.010313 16 -14 0
-0.048611 16 16 0
0.014293 16 -16 0
0.021852 17 1 0
-0.009447 17 -1 0
-0.003734 17 3 0
-0.003691 17 -3 0
-0.032584 17 5 0
-0.007340 17 -5 0
0.025550 17 7 0
-0.013840 17 -7 0
0.007310 17 9 0
-0.022604 17 -9 0
-0.018341 17 11 0
-0.045162 17 -11 0
-0.035590 17 13 0
0.013690 17 -13 0
-0.004756 17 15 0
0.020469 17 -15 0
0.001995 17 17 0
0.008086 17 -17 0
-0.003860 18 0 0
-0.000883 18 2 0
0.008617 18 -2 0
-0.015992 18 4 0
0.004450 18 -4 0
-0.010164 18 6 0
-0.019691 18 -6 0
-0.002128 18 8 0
0.030526 18 -8 0
0.026295 18 10 0
0.013865 18 -10 0
0.028267 18 12 0
-0.026857 18 -12 0
-0.014648 18 14 0
-0.006239 18 -14 0
-0.026343 18 16 0
0.008146 18 -16 0
0.005965 18 18 0
0.003655 18 -18 0
0.007445 19 1 0
-0.003116 19 -1 0
-0.005390 19 3 0
-0.012663 19 -3 0
-0.000612 19 5 0
-0.002080 19 -5 0
-0.000016 19 7 0
-0.015345 19 -7 0
-0.016474 19 9 0
0.002630 19 -9 0
-0.003854 19 11 0
