-0.062683 1 1 0
0.450255 1 -1 0
-0.099591 2 0 0
-0.058500 2 2 0
-0.073101 2 -2 0
0.393511 3 1 0
-0.135504 3 -1 0
0.056794 3 3 0
-0.115907 3 -3 0
-0.194970 4 0 0
0.375639 4 2 0
0.286196 4 -2 0
0.058791 4 4 0
-0.028356 4 -4 0
0.087787 5 1 0
-0.013401 5 -1 0
-0.087519 5 3 0
0.350344 5 -3 0
0.005269 5 5 0
0.083932 5 -5 0
0.063801 6 0 0
-0.109889 6 2 0
-0.092376 6 -2 0
-0.362164 6 4 0
0.053830 6 -4 0
-0.002468 6 6 0
0.029875 6 -6 0
-0.137065 7 1 0
0.105298 7 -1 0
0.043153 7 3 0
-0.299845 7 -3 0
-0.175452 7 5 0
-0.199598 7 -5 0
0.016956 7 7 0
0.053602 7 -7 0
-0.012975 8 0 0
-0.038610 8 2 0
-0.015828 8 -2 0
0.200656 8 4 0
-0.091062 8 -4 0
0.099363 8 6 0
-0.204052 8 -6 0
-0.133836 8 8 0
0.079370 8 -8 0
0.133700 9 1 0
-0.049189 9 -1 0
-0.013367 9 3 0
0.015927 9 -3 0
0.077504 9 5 0
0.157631 9 -5 0
0.197214 9 7 0
0.032589 9 -7 0
-0.038059 9 9 0
-0.085224 9 -9 0
-0.074025 10 0 0
0.119608 10 2 0
0.063473 10 -2 0
-0.170699 10 4 0
0.027910 10 -4 0
-0.042773 10 6 0
0.083190 10 -6 0
-0.037380 10 8 0
0.156285 10 -8 0
0.069015 10 10 0
-0.016587 10 -10 0
0.055974 11 1 0
-0.020195 11 -1 0
0.002403 11 3 0
0.022845 11 -3 0
-0.134226 11 5 0
-0.110343 11 -5 0
-0.031996 11 7 0
0.013249 11 -7 0
-0.033065 11 9 0
0.012264 11 -9 0
-0.050555 11 11 0
-0.134839 11 -11 0
0.001778 12 0 0
-0.017606 12 2 0
0.002141 12 -2 0
-0.037461 12 4 0
0.001764 12 -4 0
0.061287 12 6 0
-0.148189 12 -6 0
-0.080815 12 8 0
0.032748 12 -8 0
0.024813 12 10 0
0.034165 12 -10 0
0.188179 12 12 0
-0.108857 12 -12 0
0.009542 13 1 0
0.008743 13 -1 0
-0.010530 13 3 0
-0.067377 13 -3 0
-0.021026 13 5 0
0.018793 13 -5 0
0.125540 13 7 0
0.009720 13 -7 0
-0.001973 13 9 0
-0.058046 13 -9 0
-0.064863 13 11 0
-0.101032 13 -11 0
-0.109792 13 13 0
0.042952 13 -13 0
-0.007697 14 0 0
0.011661 14 2 0
0.004811 14 -2 0
-0.011900 14 4 0
-0.011777 14 -4 0
-0.018367 14 6 0
0.013019 14 -6 0
-0.019918 14 8 0
0.118804 14 -8 0
0.057684 14 10 0
0.017131 14 -10 0
0.099923 14 12 0
-0.085914 14 -12 0
0.011235 14 14 0
-0.054004 14 -14 0
0.034619 15 1 0
-0.027557 15 -1 0
0.007909 15 3 0
0.001843 15 -3 0
-0.017080 15 5 0
0.002489 15 -5 0
-0.022734 15 7 0
-0.006669 15 -7 0
-0.045537 15 9 0
0.013019 15 -9 0
-0.015923 15 11 0
-0.044608 15 -11 0
-0.051643 15 13 0
0.017855 15 -13 0
0.006896 15 15 0
0.029173 15 -15 0
-0.013710 16 0 0
0.025381 16 2 0
0.009946 16 -2 0
-0.031443 16 4 0
0.022950 16 -4 0
0.004474 16 6 0
-0.026275 16 -6 0
-0.028796 16 8 0
0.008503 16 -8 0
-0.004535 16 10 0
0.006651 16 -10 0
0.056207 16 12 0
-0.022251 16 -12 0
0.007590 16 14 0
-0.018547 16 -14 0
-0.042872 16 16 0
0.015311 16 -16 0
0.022787 17 1 0
-0.009441 17 -1 0
-0.004922 17 3 0
0.005021 17 -3 0
-0.033541 17 5 0
-0.006071 17 -5 0
0.021475 17 7 0
-0.008508 17 -7 0
0.006193 17 9 0
-0.020171 17 -9 0
-0.019705 17 11 0
-0.043880 17 -11 0
-0.035279 17 13 0
0.014074 17 -13 0
-0.000961 17 15 0
0.018882 17 -15 0
0.001926 17 17 0
0.001330 17 -17 0
-0.004180 18 0 0
-0.000840 18 2 0
0.009258 18 -2 0
-0.016840 18 4 0
0.005198 18 -4 0
-0.010201 18 6 0
-0.017990 18 -6 0
-0.006907 18 8 0
0.031516 18 -8 0
0.024507 18 10 0
0.015062 18 -10 0
0.028477 18 12 0
-0.026511 18 -12 0
-0.015135 18 14 0
-0.009692 18 -14 0
-0.026897 18 16 0
0.008019 18 -16 0
0.009740 18 18 0
0.005340 18 -18 0
0.008104 19 1 0
-0.003754 19 -1 0
-0.006570 19 3 0
-0.006974 19 -3 0
-0.000971 19 5 0
-0.001122 19 -5 0
-0.002900 19 7 0
-0.013315 19 -7 0
-0.015819 19 9 0
0.005923 19 -9 0
-0.006088 19 11 0
