0.083269 1 1 0
0.023558 1 -1 0
0.095412 2 0 0
-0.019459 2 2 0
0.016894 2 -2 0
-0.192742 3 1 0
-0.019370 3 -1 0
-0.039892 3 3 0
-0.024115 3 -3 0
-0.210202 4 0 0
0.052621 4 2 0
-0.092031 4 -2 0
-0.039448 4 4 0
0.060189 4 -4 0
0.321791 5 1 0
0.072322 5 -1 0
-0.020462 5 3 0
0.024214 5 -3 0
-0.035479 5 5 0
-0.055803 5 -5 0
0.025634 6 0 0
-0.025644 6 2 0
0.170688 6 -2 0
-0.074052 6 4 0
0.068576 6 -4 0
-0.055374 6 6 0
0.028002 6 -6 0
-0.290648 7 1 0
-0.024457 7 -1 0
-0.126475 7 3 0
-0.025437 7 -3 0
-0.052459 7 5 0
-0.067135 7 -5 0
0.047491 7 7 0
0.010204 7 -7 0
-0.091133 8 0 0
0.084583 8 2 0
-0.187483 8 -2 0
-0.050338 8 4 0
0.048875 8 -4 0
-0.056647 8 6 0
0.024210 8 -6 0
-0.007889 8 8 0
-0.050931 8 -8 0
0.214350 9 1 0
0.054957 9 -1 0
0.034219 9 3 0
0.039469 9 -3 0
-0.053923 9 5 0
-0.054116 9 -5 0
0.044898 9 7 0
-0.003418 9 -7 0
0.046259 9 9 0
0.026272 9 -9 0
-0.090590 10 0 0
-0.031617 10 2 0
0.150863 10 -2 0
-0.082015 10 4 0
0.098734 10 -4 0
-0.051709 10 6 0
0.011704 10 -6 0
0.002347 10 8 0
-0.043045 10 -8 0
0.016434 10 10 0
-0.023393 10 -10 0
-0.096803 11 1 0
0.010455 11 -1 0
-0.135960 11 3 0
-0.039903 11 -3 0
-0.050353 11 5 0
-0.060096 11 -5 0
0.046253 11 7 0
0.009106 11 -7 0
0.040938 11 9 0
0.023539 11 -9 0
0.022441 11 11 0
-0.006564 11 -11 0
-0.018400 12 0 0
0.058366 12 2 0
-0.091085 12 -2 0
-0.027407 12 4 0
0.010859 12 -4 0
-0.043119 12 6 0
0.022091 12 -6 0
-0.000622 12 8 0
-0.034849 12 -8 0
0.013174 12 10 0
-0.015391 12 -10 0
0.026385 12 12 0
-0.000777 12 -12 0
0.051961 13 1 0
0.019664 13 -1 0
0.025228 13 3 0
0.034011 13 -3 0
-0.026304 13 5 0
-0.035204 13 -5 0
0.024333 13 7 0
-0.003316 13 -7 0
0.027554 13 9 0
0.017594 13 -9 0
0.016433 13 11 0
-0.012874 13 -11 0
-0.006959 13 13 0
0.006503 13 -13 0
-0.073705 14 0 0
-0.010263 14 2 0
0.045997 14 -2 0
-0.060368 14 4 0
0.079014 14 -4 0
-0.030513 14 6 0
0.003126 14 -6 0
0.007360 14 8 0
-0.031723 14 -8 0
0.009912 14 10 0
-0.012619 14 -10 0
0.021213 14 12 0
-0.002271 14 -12 0
0.006716 14 14 0
0.004146 14 -14 0
0.000198 15 1 0
0.020798 15 -1 0
-0.069101 15 3 0
-0.023652 15 -3 0
-0.041321 15 5 0
-0.043588 15 -5 0
0.033263 15 7 0
0.006292 15 -7 0
0.024991 15 9 0
0.014465 15 -9 0
0.015173 15 11 0
-0.004522 15 -11 0
-0.001038 15 13 0
0.002012 15 -13 0
-0.005759 15 15 0
0.005423 15 -15 0
-0.003610 16 0 0
0.018219 16 2 0
-0.018383 16 -2 0
-0.006229 16 4 0
-0.004700 16 -4 0
-0.015532 16 6 0
0.009382 16 -6 0
-0.000568 16 8 0
-0.011013 16 -8 0
0.004036 16 10 0
-0.006081 16 -10 0
0.011305 16 12 0
0.002286 16 -12 0
0.001793 16 14 0
0.004627 16 -14 0
0.008374 16 16 0
-0.013556 16 -16 0
0.002255 17 1 0
0.002618 17 -1 0
0.005676 17 3 0
0.012152 17 -3 0
-0.002473 17 5 0
-0.009460 17 -5 0
0.006295 17 7 0
-0.003070 17 -7 0
0.010708 17 9 0
0.006398 17 -9 0
0.005140 17 11 0
-0.005877 17 -11 0
-0.001974 17 13 0
0.001838 17 -13 0
-0.002011 17 15 0
0.000699 17 -15 0
-0.000621 17 17 0
0.001070 17 -17 0
-0.026459 18 0 0
-0.000318 18 2 0
0.006761 18 -2 0
-0.024438 18 4 0
0.035381 18 -4 0
-0.014558 18 6 0
0.001653 18 -6 0
0.007153 18 8 0
-0.010906 18 -8 0
0.001201 18 10 0
-0.005532 18 -10 0
0.006551 18 12 0
-0.000966 18 -12 0
0.001038 18 14 0
0.002375 18 -14 0
0.003545 18 16 0
-0.003649 18 -16 0
0.001719 18 18 0
0.001756 18 -18 0
0.012213 19 1 0
0.010832 19 -1 0
-0.021790 19 3 0
-0.009484 19 -3 0
-0.021472 19 5 0
-0.018902 19 -5 0
0.013596 19 7 0
0.000376 19 -7 0
0.009353 19 9 0
0.003291 19 -9 0
0.003429 19 11 0
