0.124679 1 1 0
-0.066360 1 -1 0
0.095355 2 0 0
-0.023641 2 2 0
-0.001006 2 -2 0
-0.186516 3 1 0
-0.040821 3 -1 0
-0.048760 3 3 0
0.028127 3 -3 0
-0.207804 4 0 0
0.057597 4 2 0
-0.086299 4 -2 0
-0.051281 4 4 0
0.060722 4 -4 0
0.317131 5 1 0
0.085812 5 -1 0
-0.049311 5 3 0
-0.004860 5 -3 0
-0.074844 5 5 0
-0.063795 5 -5 0
0.016016 6 0 0
-0.041681 6 2 0
0.185621 6 -2 0
-0.092454 6 4 0
0.089684 6 -4 0
-0.048863 6 6 0
0.017648 6 -6 0
-0.296867 7 1 0
-0.033863 7 -1 0
-0.155888 7 3 0
-0.013524 7 -3 0
-0.066164 7 5 0
-0.084013 7 -5 0
0.055497 7 7 0
-0.000409 7 -7 0
-0.092319 8 0 0
0.076640 8 2 0
-0.179304 8 -2 0
-0.060539 8 4 0
0.060680 8 -4 0
-0.064113 8 6 0
0.020101 8 -6 0
-0.018836 8 8 0
-0.058460 8 -8 0
0.213105 9 1 0
0.053212 9 -1 0
0.006183 9 3 0
0.043824 9 -3 0
-0.071680 9 5 0
-0.074805 9 -5 0
0.054945 9 7 0
-0.001887 9 -7 0
0.048866 9 9 0
0.041740 9 -9 0
-0.097989 10 0 0
-0.039879 10 2 0
0.161809 10 -2 0
-0.095190 10 4 0
0.110362 10 -4 0
-0.044001 10 6 0
0.009662 10 -6 0
-0.004247 10 8 0
-0.058953 10 -8 0
0.012945 10 10 0
-0.022179 10 -10 0
-0.103171 11 1 0
0.008162 11 -1 0
-0.159153 11 3 0
-0.036635 11 -3 0
-0.065388 11 5 0
-0.072108 11 -5 0
0.050794 11 7 0
0.004864 11 -7 0
0.039224 11 9 0
0.039110 11 -9 0
0.027089 11 11 0
0.004861 11 -11 0
-0.022185 12 0 0
0.052729 12 2 0
-0.083780 12 -2 0
-0.035573 12 4 0
0.020285 12 -4 0
-0.043414 12 6 0
0.019793 12 -6 0
-0.008684 12 8 0
-0.045783 12 -8 0
0.009469 12 10 0
-0.015573 12 -10 0
0.031274 12 12 0
0.008991 12 -12 0
0.051891 13 1 0
0.016759 13 -1 0
0.005805 13 3 0
0.037739 13 -3 0
-0.041511 13 5 0
-0.050167 13 -5 0
0.028224 13 7 0
-0.002310 13 -7 0
0.028926 13 9 0
0.033183 13 -9 0
0.017411 13 11 0
0.001619 13 -11 0
-0.003702 13 13 0
0.014406 13 -13 0
-0.075346 14 0 0
-0.012988 14 2 0
0.053141 14 -2 0
-0.065188 14 4 0
0.085918 14 -4 0
-0.027349 14 6 0
0.001803 14 -6 0
0.003907 14 8 0
-0.039905 14 -8 0
0.013187 14 10 0
-0.012841 14 -10 0
0.024907 14 12 0
0.006247 14 -12 0
0.006103 14 14 0
0.005307 14 -14 0
-0.001699 15 1 0
0.019638 15 -1 0
-0.080203 15 3 0
-0.022262 15 -3 0
-0.049903 15 5 0
-0.048850 15 -5 0
0.034653 15 7 0
0.003458 15 -7 0
0.023030 15 9 0
0.021863 15 -9 0
0.015322 15 11 0
0.005072 15 -11 0
0.000252 15 13 0
0.008677 15 -13 0
-0.005273 15 15 0
0.009900 15 -15 0
-0.004816 16 0 0
0.016554 16 2 0
-0.016183 16 -2 0
-0.009864 16 4 0
0.001374 16 -4 0
-0.014832 16 6 0
0.007742 16 -6 0
-0.003338 16 8 0
-0.018459 16 -8 0
0.004410 16 10 0
-0.007014 16 -10 0
0.015051 16 12 0
0.006480 16 -12 0
0.002462 16 14 0
0.004291 16 -14 0
0.007139 16 16 0
-0.014585 16 -16 0
0.002844 17 1 0
0.000856 17 -1 0
-0.001819 17 3 0
0.013343 17 -3 0
-0.009398 17 5 0
-0.015406 17 -5 0
0.009363 17 7 0
-0.002305 17 -7 0
0.010528 17 9 0
0.013392 17 -9 0
0.004873 17 11 0
-0.000621 17 -11 0
-0.002881 17 13 0
0.004550 17 -13 0
-0.002830 17 15 0
0.003089 17 -15 0
-0.001468 17 17 0
0.002665 17 -17 0
-0.025907 18 0 0
-0.001514 18 2 0
0.009301 18 -2 0
-0.025155 18 4 0
0.037623 18 -4 0
-0.013460 18 6 0
0.001675 18 -6 0
0.003351 18 8 0
-0.014098 18 -8 0
0.003882 18 10 0
-0.006361 18 -10 0
0.007618 18 12 0
0.000284 18 -12 0
0.002240 18 14 0
0.001054 18 -14 0
0.000914 18 16 0
-0.007447 18 -16 0
0.000260 18 18 0
0.005280 18 -18 0
0.012074 19 1 0
0.010902 19 -1 0
-0.025015 19 3 0
-0.009651 19 -3 0
-0.025252 19 5 0
-0.021384 19 -5 0
0.013351 19 7 0
0.001205 19 -7 0
0.007043 19 9 0
0.006525 19 -9 0
0.004121 19 11 0
