0.090202 1 1 0
-0.018457 1 -1 0
0.083061 2 0 0
-0.015075 2 2 0
0.045492 2 -2 0
-0.181003 3 1 0
-0.036261 3 -1 0
-0.031363 3 3 0
0.019154 3 -3 0
-0.204995 4 0 0
0.055133 4 2 0
-0.089969 4 -2 0
-0.049104 4 4 0
0.043778 4 -4 0
0.325512 5 1 0
0.072765 5 -1 0
-0.031659 5 3 0
0.007811 5 -3 0
-0.053321 5 5 0
-0.075369 5 -5 0
0.024143 6 0 0
-0.016730 6 2 0
0.174833 6 -2 0
-0.076144 6 4 0
0.078948 6 -4 0
-0.064828 6 6 0
0.024595 6 -6 0
-0.289388 7 1 0
-0.026555 7 -1 0
-0.147517 7 3 0
-0.033447 7 -3 0
-0.060243 7 5 0
-0.088883 7 -5 0
0.066129 7 7 0
0.008034 7 -7 0
-0.088856 8 0 0
0.089744 8 2 0
-0.183413 8 -2 0
-0.059967 8 4 0
0.055485 8 -4 0
-0.068079 8 6 0
0.024639 8 -6 0
-0.014722 8 8 0
-0.047928 8 -8 0
0.224732 9 1 0
0.049097 9 -1 0
0.017840 9 3 0
0.037876 9 -3 0
-0.063271 9 5 0
-0.076469 9 -5 0
0.057645 9 7 0
0.007207 9 -7 0
0.045843 9 9 0
0.061473 9 -9 0
-0.089320 10 0 0
-0.027396 10 2 0
0.152602 10 -2 0
-0.085029 10 4 0
0.101220 10 -4 0
-0.057686 10 6 0
0.016688 10 -6 0
-0.000426 10 8 0
-0.041362 10 -8 0
0.027433 10 10 0
-0.032459 10 -10 0
-0.094882 11 1 0
0.006094 11 -1 0
-0.150576 11 3 0
-0.043464 11 -3 0
-0.057362 11 5 0
-0.077770 11 -5 0
0.060095 11 7 0
0.013462 11 -7 0
0.042196 11 9 0
0.054003 11 -9 0
0.012066 11 11 0
0.003328 11 -11 0
-0.018694 12 0 0
0.064296 12 2 0
-0.088115 12 -2 0
-0.034895 12 4 0
0.013889 12 -4 0
-0.048523 12 6 0
0.023237 12 -6 0
-0.004757 12 8 0
-0.037576 12 -8 0
0.023215 12 10 0
-0.020987 12 -10 0
0.026860 12 12 0
-0.002759 12 -12 0
0.056795 13 1 0
0.015689 13 -1 0
0.014261 13 3 0
0.031188 13 -3 0
-0.035961 13 5 0
-0.050736 13 -5 0
0.030992 13 7 0
0.001189 13 -7 0
0.026932 13 9 0
0.041552 13 -9 0
0.006781 13 11 0
-0.005272 13 -11 0
-0.008815 13 13 0
0.012108 13 -13 0
-0.072388 14 0 0
-0.006560 14 2 0
0.048087 14 -2 0
-0.061888 14 4 0
0.082220 14 -4 0
-0.036325 14 6 0
0.002752 14 -6 0
0.008298 14 8 0
-0.031299 14 -8 0
0.017659 14 10 0
-0.017567 14 -10 0
0.021355 14 12 0
-0.005069 14 -12 0
0.001012 14 14 0
0.001787 14 -14 0
0.000759 15 1 0
0.018929 15 -1 0
-0.075059 15 3 0
-0.023720 15 -3 0
-0.046102 15 5 0
-0.051211 15 -5 0
0.039271 15 7 0
0.007899 15 -7 0
0.023602 15 9 0
0.029888 15 -9 0
0.008317 15 11 0
0.000915 15 -11 0
-0.005308 15 13 0
0.007255 15 -13 0
-0.012836 15 15 0
0.005819 15 -15 0
-0.003583 16 0 0
0.019867 16 2 0
-0.017136 16 -2 0
-0.009036 16 4 0
-0.002592 16 -4 0
-0.017565 16 6 0
0.009905 16 -6 0
-0.002180 16 8 0
-0.013361 16 -8 0
0.010787 16 10 0
-0.008824 16 -10 0
0.012214 16 12 0
0.001686 16 -12 0
-0.001171 16 14 0
0.003316 16 -14 0
0.004894 16 16 0
-0.014522 16 -16 0
0.005302 17 1 0
0.000748 17 -1 0
0.000448 17 3 0
0.012349 17 -3 0
-0.007958 17 5 0
-0.015912 17 -5 0
0.009349 17 7 0
-0.001290 17 -7 0
0.009954 17 9 0
0.015859 17 -9 0
0.001553 17 11 0
-0.004400 17 -11 0
-0.003492 17 13 0
0.004752 17 -13 0
-0.006436 17 15 0
0.000998 17 -15 0
0.000128 17 17 0
-0.002340 17 -17 0
-0.026080 18 0 0
0.000759 18 2 0
0.006958 18 -2 0
-0.026519 18 4 0
0.035584 18 -4 0
-0.014729 18 6 0
0.001757 18 -6 0
0.006996 18 8 0
-0.012313 18 -8 0
0.006759 18 10 0
-0.008304 18 -10 0
0.008167 18 12 0
-0.002794 18 -12 0
0.000791 18 14 0
0.001265 18 -14 0
0.001506 18 16 0
-0.005351 18 -16 0
0.001837 18 18 0
0.003573 18 -18 0
0.011381 19 1 0
0.010555 19 -1 0
-0.023016 19 3 0
-0.010826 19 -3 0
-0.024144 19 5 0
-0.020952 19 -5 0
0.015056 19 7 0
0.001067 19 -7 0
0.005979 19 9 0
0.007331 19 -9 0
0.001876 19 11 0
