0.259045 1 1 0
-0.176028 1 -1 0
0.097021 2 0 0
0.039365 2 2 0
0.013996 2 -2 0
-0.240554 3 1 0
0.234529 3 -1 0
0.002034 3 3 0
-0.013462 3 -3 0
-0.051034 4 0 0
-0.221444 4 2 0
-0.017292 4 -2 0
-0.001052 4 4 0
0.011625 4 -4 0
0.236952 5 1 0
-0.212774 5 -1 0
-0.099629 5 3 0
-0.087026 5 -3 0
0.004085 5 5 0
-0.019024 5 -5 0
-0.039437 6 0 0
0.274509 6 2 0
0.011280 6 -2 0
0.007099 6 4 0
-0.085593 6 -4 0
0.016351 6 6 0
0.007499 6 -6 0
-0.128633 7 1 0
0.124783 7 -1 0
0.121269 7 3 0
0.143345 7 -3 0
0.024540 7 5 0
-0.027419 7 -5 0
0.005764 7 7 0
0.001250 7 -7 0
0.081658 8 0 0
-0.237627 8 2 0
-0.007140 8 -2 0
-0.004043 8 4 0
0.105988 8 -4 0
0.017405 8 6 0
0.002164 8 -6 0
-0.000329 8 8 0
-0.002264 8 -8 0
0.003242 9 1 0
0.000837 9 -1 0
-0.135202 9 3 0
-0.124247 9 -3 0
-0.041471 9 5 0
0.029486 9 -5 0
0.013631 9 7 0
0.003436 9 -7 0
-0.003233 9 9 0
-0.007658 9 -9 0
-0.050370 10 0 0
0.122368 10 2 0
0.005229 10 -2 0
0.006061 10 4 0
-0.106295 10 -4 0
-0.033516 10 6 0
0.001911 10 -6 0
0.005987 10 8 0
0.011974 10 -8 0
0.015361 10 10 0
0.010214 10 -10 0
0.038508 11 1 0
-0.032440 11 -1 0
0.081601 11 3 0
0.100326 11 -3 0
0.034750 11 5 0
-0.042083 11 -5 0
-0.011124 11 7 0
-0.019814 11 -7 0
-0.009432 11 9 0
0.000201 11 -9 0
0.007245 11 11 0
-0.008759 11 -11 0
0.012843 12 0 0
-0.039738 12 2 0
-0.001373 12 -2 0
-0.001302 12 4 0
0.077983 12 -4 0
0.027040 12 6 0
0.001812 12 -6 0
0.005803 12 8 0
-0.016848 12 -8 0
0.004257 12 10 0
0.006456 12 -10 0
-0.003422 12 12 0
0.002621 12 -12 0
-0.036077 13 1 0
0.043666 13 -1 0
-0.058628 13 3 0
-0.043807 13 -3 0
-0.029518 13 5 0
0.024641 13 -5 0
0.015696 13 7 0
0.013582 13 -7 0
0.007805 13 9 0
-0.014141 13 -9 0
0.004847 13 11 0
-0.008805 13 -11 0
0.007616 13 13 0
0.003402 13 -13 0
0.011389 14 0 0
-0.011250 14 2 0
0.001474 14 -2 0
-0.000349 14 4 0
-0.058031 14 -4 0
-0.021554 14 6 0
0.000027 14 -6 0
0.003475 14 8 0
0.021339 14 -8 0
0.014882 14 10 0
0.006785 14 -10 0
-0.000727 14 12 0
-0.002509 14 -12 0
-0.007284 14 14 0
-0.003531 14 -14 0
0.009284 15 1 0
-0.005642 15 -1 0
0.010531 15 3 0
0.025222 15 -3 0
0.023213 15 5 0
-0.025284 15 -5 0
-0.007801 15 7 0
-0.015002 15 -7 0
-0.014215 15 9 0
0.007016 15 -9 0
0.005554 15 11 0
-0.002190 15 -11 0
0.007278 15 13 0
0.001879 15 -13 0
-0.000494 15 15 0
-0.001294 15 -15 0
-0.011801 16 0 0
0.013367 16 2 0
0.000243 16 -2 0
-0.003722 16 4 0
0.027140 16 -4 0
0.014837 16 6 0
0.001149 16 -6 0
0.004701 16 8 0
-0.013846 16 -8 0
-0.004261 16 10 0
0.004675 16 -10 0
-0.002108 16 12 0
0.000147 16 -12 0
0.000684 16 14 0
0.000203 16 -14 0
0.001817 16 16 0
-0.003660 16 -16 0
0.001449 17 1 0
0.004282 17 -1 0
-0.008459 17 3 0
0.001043 17 -3 0
-0.016187 17 5 0
0.009662 17 -5 0
0.008569 17 7 0
0.005799 17 -7 0
0.008896 17 9 0
-0.011973 17 -9 0
-0.002138 17 11 0
-0.005009 17 -11 0
0.004063 17 13 0
0.001240 17 -13 0
0.001713 17 15 0
0.000923 17 -15 0
-0.000941 17 17 0
0.001161 17 -17 0
0.007241 18 0 0
-0.010528 18 2 0
0.001454 18 -2 0
0.001879 18 4 0
-0.013401 18 -4 0
-0.010442 18 6 0
-0.000851 18 -6 0
0.002950 18 8 0
0.007831 18 -8 0
0.015432 18 10 0
0.004593 18 -10 0
-0.001522 18 12 0
-0.003488 18 -12 0
-0.003790 18 14 0
-0.000779 18 -14 0
0.005234 18 16 0
-0.001594 18 -16 0
0.004589 18 18 0
0.001880 18 -18 0
-0.005942 19 1 0
0.010453 19 -1 0
-0.005142 19 3 0
0.002460 19 -3 0
0.011978 19 5 0
-0.008098 19 -5 0
-0.005632 19 7 0
-0.006103 19 -7 0
-0.006101 19 9 0
0.002185 19 -9 0
0.004429 19 11 0
