0.176694 1 1 0
-0.186917 1 -1 0
0.109259 2 0 0
0.082121 2 2 0
0.013831 2 -2 0
-0.215993 3 1 0
0.207033 3 -1 0
0.009847 3 3 0
-0.000478 3 -3 0
-0.048790 4 0 0
-0.223980 4 2 0
-0.006435 4 -2 0
-0.002327 4 4 0
0.002397 4 -4 0
0.232863 5 1 0
-0.207345 5 -1 0
-0.098142 5 3 0
-0.089305 5 -3 0
0.002879 5 5 0
-0.011357 5 -5 0
-0.043343 6 0 0
0.273174 6 2 0
0.005472 6 -2 0
0.001512 6 4 0
-0.075918 6 -4 0
0.018710 6 6 0
0.003158 6 -6 0
-0.129990 7 1 0
0.123338 7 -1 0
0.123378 7 3 0
0.141128 7 -3 0
0.025097 7 5 0
-0.023652 7 -5 0
0.007103 7 7 0
0.002793 7 -7 0
0.084076 8 0 0
-0.236671 8 2 0
-0.001445 8 -2 0
-0.000930 8 4 0
0.104488 8 -4 0
0.014591 8 6 0
0.002828 8 -6 0
0.002510 8 8 0
-0.002195 8 -8 0
0.005053 9 1 0
-0.000924 9 -1 0
-0.133370 9 3 0
-0.127319 9 -3 0
-0.037690 9 5 0
0.032432 9 -5 0
0.011921 9 7 0
0.003822 9 -7 0
-0.001627 9 9 0
-0.003075 9 -9 0
-0.050510 10 0 0
0.122486 10 2 0
0.004115 10 -2 0
0.003322 10 4 0
-0.103608 10 -4 0
-0.034827 10 6 0
0.002039 10 -6 0
0.003995 10 8 0
0.009745 10 -8 0
0.014920 10 10 0
0.005078 10 -10 0
0.036616 11 1 0
-0.035538 11 -1 0
0.084832 11 3 0
0.096529 11 -3 0
0.037502 11 5 0
-0.039042 11 -5 0
-0.011471 11 7 0
-0.015326 11 -7 0
-0.007259 11 9 0
-0.000076 11 -9 0
0.002820 11 11 0
-0.008963 11 -11 0
0.014374 12 0 0
-0.038134 12 2 0
-0.001166 12 -2 0
-0.000543 12 4 0
0.081168 12 -4 0
0.026042 12 6 0
0.001803 12 -6 0
0.005488 12 8 0
-0.017752 12 -8 0
0.004924 12 10 0
0.003474 12 -10 0
-0.003688 12 12 0
0.000969 12 -12 0
-0.035993 13 1 0
0.043771 13 -1 0
-0.055857 13 3 0
-0.045885 13 -3 0
-0.028413 13 5 0
0.027437 13 -5 0
0.016123 13 7 0
0.012889 13 -7 0
0.008835 13 9 0
-0.012373 13 -9 0
0.002868 13 11 0
-0.009065 13 -11 0
0.004833 13 13 0
0.001223 13 -13 0
0.012237 14 0 0
-0.012772 14 2 0
0.000719 14 -2 0
-0.000329 14 4 0
-0.057916 14 -4 0
-0.020782 14 6 0
-0.000022 14 -6 0
0.003220 14 8 0
0.019701 14 -8 0
0.016192 14 10 0
0.003197 14 -10 0
-0.002489 14 12 0
-0.001576 14 -12 0
-0.008892 14 14 0
-0.002513 14 -14 0
0.007915 15 1 0
-0.008633 15 -1 0
0.012566 15 3 0
0.023371 15 -3 0
0.026031 15 5 0
-0.023555 15 -5 0
-0.009562 15 7 0
-0.011990 15 -7 0
-0.012803 15 9 0
0.007769 15 -9 0
0.003880 15 11 0
-0.001947 15 -11 0
0.004862 15 13 0
0.002409 15 -13 0
0.000365 15 15 0
0.000227 15 -15 0
-0.010894 16 0 0
0.013360 16 2 0
0.000408 16 -2 0
-0.003008 16 4 0
0.028865 16 -4 0
0.013704 16 6 0
-0.000384 16 -6 0
0.004583 16 8 0
-0.014799 16 -8 0
-0.003668 16 10 0
0.002258 16 -10 0
-0.001923 16 12 0
-0.000100 16 -12 0
0.001693 16 14 0
-0.001106 16 -14 0
-0.001608 16 16 0
-0.000788 16 -16 0
0.001549 17 1 0
0.003085 17 -1 0
-0.005785 17 3 0
-0.002566 17 -3 0
-0.014678 17 5 0
0.012083 17 -5 0
0.008270 17 7 0
0.006574 17 -7 0
0.010220 17 9 0
-0.011919 17 -9 0
-0.002625 17 11 0
-0.004430 17 -11 0
0.002157 17 13 0
0.001416 17 -13 0
0.002026 17 15 0
0.001766 17 -15 0
-0.004484 17 17 0
0.002648 17 -17 0
0.008588 18 0 0
-0.010398 18 2 0
0.001197 18 -2 0
0.001841 18 4 0
-0.012289 18 -4 0
-0.010649 18 6 0
-0.002115 18 -6 0
0.002163 18 8 0
0.007129 18 -8 0
0.016503 18 10 0
0.003144 18 -10 0
-0.002793 18 12 0
-0.004183 18 -12 0
-0.002612 18 14 0
-0.000417 18 -14 0
0.002404 18 16 0
0.001042 18 -16 0
0.002078 18 18 0
0.000708 18 -18 0
-0.006832 19 1 0
0.008242 19 -1 0
-0.003174 19 3 0
0.001593 19 -3 0
0.012078 19 5 0
-0.007143 19 -5 0
-0.004943 19 7 0
-0.005393 19 -7 0
-0.003864 19 9 0
0.001763 19 -9 0
0.004476 19 11 0
