0.184577 1 1 0
-0.265019 1 -1 0
0.087435 2 0 0
0.087008 2 2 0
0.004260 2 -2 0
-0.222432 3 1 0
0.236077 3 -1 0
0.007453 3 3 0
-0.009212 3 -3 0
-0.041434 4 0 0
-0.224566 4 2 0
0.008605 4 -2 0
-0.005212 4 4 0
0.009909 4 -4 0
0.226655 5 1 0
-0.209970 5 -1 0
-0.095116 5 3 0
-0.083470 5 -3 0
0.008147 5 5 0
-0.009383 5 -5 0
-0.040054 6 0 0
0.277587 6 2 0
-0.005674 6 -2 0
0.003140 6 4 0
-0.072873 6 -4 0
0.016699 6 6 0
0.002627 6 -6 0
-0.120213 7 1 0
0.119796 7 -1 0
0.122125 7 3 0
0.139775 7 -3 0
0.022685 7 5 0
-0.029886 7 -5 0
0.000559 7 7 0
0.002700 7 -7 0
0.083871 8 0 0
-0.239735 8 2 0
0.004481 8 -2 0
-0.001720 8 4 0
0.101845 8 -4 0
0.013216 8 6 0
0.002209 8 -6 0
-0.003518 8 8 0
-0.002294 8 -8 0
0.003381 9 1 0
0.000667 9 -1 0
-0.131504 9 3 0
-0.124743 9 -3 0
-0.039382 9 5 0
0.035250 9 -5 0
0.010805 9 7 0
0.003213 9 -7 0
-0.005524 9 9 0
-0.004186 9 -9 0
-0.048393 10 0 0
0.123148 10 2 0
0.004497 10 -2 0
0.003193 10 4 0
-0.104849 10 -4 0
-0.034092 10 6 0
0.002802 10 -6 0
-0.000872 10 8 0
0.009085 10 -8 0
0.014344 10 10 0
0.006812 10 -10 0
0.041248 11 1 0
-0.033902 11 -1 0
0.083511 11 3 0
0.097538 11 -3 0
0.038340 11 5 0
-0.041909 11 -5 0
-0.015733 11 7 0
-0.017666 11 -7 0
-0.010217 11 9 0
0.002017 11 -9 0
0.000406 11 11 0
-0.007383 11 -11 0
0.014427 12 0 0
-0.037953 12 2 0
0.002176 12 -2 0
-0.001419 12 4 0
0.079922 12 -4 0
0.023140 12 6 0
0.001986 12 -6 0
0.000225 12 8 0
-0.018891 12 -8 0
0.003751 12 10 0
0.002461 12 -10 0
-0.005877 12 12 0
-0.001352 12 -12 0
-0.034133 13 1 0
0.045587 13 -1 0
-0.056639 13 3 0
-0.043783 13 -3 0
-0.029448 13 5 0
0.028574 13 -5 0
0.013539 13 7 0
0.013303 13 -7 0
0.005462 13 9 0
-0.010402 13 -9 0
0.000170 13 11 0
-0.009030 13 -11 0
0.005831 13 13 0
0.004452 13 -13 0
0.011923 14 0 0
-0.011689 14 2 0
0.003476 14 -2 0
-0.001826 14 4 0
-0.061513 14 -4 0
-0.022833 14 6 0
0.000721 14 -6 0
-0.001193 14 8 0
0.020813 14 -8 0
0.015527 14 10 0
0.004592 14 -10 0
-0.000954 14 12 0
-0.003711 14 -12 0
-0.003769 14 14 0
-0.000892 14 -14 0
0.010382 15 1 0
-0.007990 15 -1 0
0.011683 15 3 0
0.024695 15 -3 0
0.025057 15 5 0
-0.025254 15 -5 0
-0.012761 15 7 0
-0.013991 15 -7 0
-0.014023 15 9 0
0.010137 15 -9 0
0.002425 15 11 0
-0.002115 15 -11 0
0.006124 15 13 0
0.003936 15 -13 0
-0.000874 15 15 0
-0.001083 15 -15 0
-0.010004 16 0 0
0.013502 16 2 0
0.002423 16 -2 0
-0.003266 16 4 0
0.027547 16 -4 0
0.015108 16 6 0
0.000770 16 -6 0
0.001812 16 8 0
-0.015869 16 -8 0
-0.003449 16 10 0
0.003582 16 -10 0
-0.004264 16 12 0
-0.002291 16 -12 0
0.003670 16 14 0
0.000335 16 -14 0
-0.002168 16 16 0
0.000450 16 -16 0
0.002485 17 1 0
0.005058 17 -1 0
-0.006666 17 3 0
-0.000260 17 -3 0
-0.014066 17 5 0
0.012759 17 -5 0
0.007273 17 7 0
0.007507 17 -7 0
0.007594 17 9 0
-0.011477 17 -9 0
-0.004933 17 11 0
-0.005635 17 -11 0
0.004298 17 13 0
0.003057 17 -13 0
0.001205 17 15 0
-0.000935 17 -15 0
0.001061 17 17 0
0.003692 17 -17 0
0.007369 18 0 0
-0.009505 18 2 0
0.002416 18 -2 0
0.001410 18 4 0
-0.014947 18 -4 0
-0.012961 18 6 0
-0.000754 18 -6 0
0.000188 18 8 0
0.007863 18 -8 0
0.016413 18 10 0
0.003719 18 -10 0
-0.002119 18 12 0
-0.004293 18 -12 0
-0.002113 18 14 0
-0.000698 18 -14 0
0.003534 18 16 0
-0.001887 18 -16 0
0.004216 18 18 0
0.000144 18 -18 0
-0.005990 19 1 0
0.006847 19 -1 0
-0.003964 19 3 0
0.001357 19 -3 0
0.011154 19 5 0
-0.009476 19 -5 0
-0.006644 19 7 0
-0.006147 19 -7 0
-0.005790 19 9 0
0.003104 19 -9 0
0.003530 19 11 0
