-0.030711 1 1 0
-0.055366 1 -1 0
-0.089076 2 0 0
0.009364 2 2 0
-0.016867 2 -2 0
0.119330 3 1 0
-0.010110 3 -1 0
0.031175 3 3 0
0.015934 3 -3 0
0.152425 4 0 0
-0.011153 4 2 0
0.062650 4 -2 0
0.029766 4 4 0
-0.029432 4 -4 0
-0.226127 5 1 0
-0.063560 5 -1 0
0.000422 5 3 0
0.007344 5 -3 0
0.052563 5 5 0
0.044003 5 -5 0
-0.044343 6 0 0
0.042834 6 2 0
-0.116086 6 -2 0
0.032616 6 4 0
-0.037055 6 -4 0
0.008847 6 6 0
-0.019314 6 -6 0
0.218830 7 1 0
0.002829 7 -1 0
0.082059 7 3 0
0.052489 7 -3 0
0.063524 7 5 0
0.051162 7 -5 0
0.022157 7 7 0
-0.002073 7 -7 0
0.050691 8 0 0
-0.042161 8 2 0
0.145262 8 -2 0
0.019821 8 4 0
-0.022113 8 -4 0
0.005085 8 6 0
-0.019411 8 -6 0
-0.013606 8 8 0
0.018043 8 -8 0
-0.165525 9 1 0
-0.059302 9 -1 0
-0.036558 9 3 0
-0.012535 9 -3 0
0.065969 9 5 0
0.048699 9 -5 0
0.020964 9 7 0
-0.002551 9 -7 0
-0.027894 9 9 0
-0.023483 9 -9 0
0.048262 10 0 0
0.046883 10 2 0
-0.108923 10 -2 0
0.045547 10 4 0
-0.055905 10 -4 0
0.006540 10 6 0
-0.006892 10 -6 0
-0.011259 10 8 0
0.018566 10 -8 0
-0.004259 10 10 0
-0.002759 10 -10 0
0.076539 11 1 0
-0.023182 11 -1 0
0.090079 11 3 0
0.047427 11 -3 0
0.057625 11 5 0
0.053100 11 -5 0
0.010573 11 7 0
-0.003484 11 -7 0
-0.030305 11 9 0
-0.022508 11 -9 0
-0.015234 11 11 0
0.015761 11 -11 0
-0.001110 12 0 0
-0.021967 12 2 0
0.073150 12 -2 0
0.007473 12 4 0
-0.001496 12 -4 0
0.006961 12 6 0
-0.023136 12 -6 0
-0.006323 12 8 0
0.012854 12 -8 0
0.003137 12 10 0
-0.000570 12 -10 0
0.001185 12 12 0
-0.000727 12 -12 0
-0.039192 13 1 0
-0.025242 13 -1 0
-0.024858 13 3 0
-0.007001 13 -3 0
0.040182 13 5 0
0.030416 13 -5 0
0.020035 13 7 0
0.003098 13 -7 0
-0.022455 13 9 0
-0.014936 13 -9 0
-0.010035 13 11 0
0.008347 13 -11 0
0.009037 13 13 0
0.015765 13 -13 0
0.042207 14 0 0
0.020169 14 2 0
-0.036350 14 -2 0
0.034262 14 4 0
-0.050276 14 -4 0
0.004011 14 6 0
-0.003672 14 -6 0
-0.009861 14 8 0
0.015417 14 -8 0
-0.000789 14 10 0
0.000426 14 -10 0
0.001405 14 12 0
0.000004 14 -12 0
0.005440 14 14 0
0.001530 14 -14 0
0.001068 15 1 0
-0.024730 15 -1 0
0.044294 15 3 0
0.025503 15 -3 0
0.042764 15 5 0
0.033662 15 -5 0
0.004104 15 7 0
-0.003536 15 -7 0
-0.018477 15 9 0
-0.015105 15 -9 0
-0.005769 15 11 0
0.006035 15 -11 0
0.005555 15 13 0
0.009466 15 -13 0
0.006105 15 15 0
-0.000319 15 -15 0
-0.003874 16 0 0
-0.004608 16 2 0
0.015130 16 -2 0
0.000973 16 4 0
0.005069 16 -4 0
0.001585 16 6 0
-0.010457 16 -6 0
-0.001582 16 8 0
0.006502 16 -8 0
0.000816 16 10 0
-0.000256 16 -10 0
0.000477 16 12 0
-0.002375 16 -12 0
0.000615 16 14 0
0.000921 16 -14 0
0.005046 16 16 0
0.014856 16 -16 0
0.001520 17 1 0
-0.007776 17 -1 0
-0.007577 17 3 0
-0.004754 17 -3 0
0.009963 17 5 0
0.009605 17 -5 0
0.009712 17 7 0
0.001381 17 -7 0
-0.007904 17 9 0
-0.004758 17 -9 0
-0.002981 17 11 0
0.001667 17 -11 0
0.004445 17 13 0
0.006220 17 -13 0
0.001427 17 15 0
-0.003691 17 -15 0
-0.006401 17 17 0
0.002506 17 -17 0
0.014884 18 0 0
0.004920 18 2 0
-0.003026 18 -2 0
0.014524 18 4 0
-0.022851 18 -4 0
0.002396 18 6 0
-0.005408 18 -6 0
-0.005845 18 8 0
0.006256 18 -8 0
-0.000606 18 10 0
0.001230 18 -10 0
0.001734 18 12 0
0.002153 18 -12 0
0.001442 18 14 0
0.001093 18 -14 0
0.001718 18 16 0
0.005091 18 -16 0
0.001462 18 18 0
0.000100 18 -18 0
-0.006946 19 1 0
-0.011695 19 -1 0
0.009761 19 3 0
0.007680 19 -3 0
0.020302 19 5 0
0.013661 19 -5 0
-0.000185 19 7 0
0.000568 19 -7 0
-0.006570 19 9 0
-0.006426 19 -9 0
-0.002985 19 11 0
