0.064538 1 1 0
-0.010484 1 -1 0
-0.096568 2 0 0
-0.005040 2 2 0
-0.041432 2 -2 0
0.116753 3 1 0
-0.014283 3 -1 0
0.007503 3 3 0
-0.003979 3 -3 0
0.152510 4 0 0
-0.007790 4 2 0
0.062502 4 -2 0
0.041395 4 4 0
-0.032623 4 -4 0
-0.247485 5 1 0
-0.040718 5 -1 0
0.002794 5 3 0
0.004550 5 -3 0
0.061653 5 5 0
0.037139 5 -5 0
-0.043072 6 0 0
0.061834 6 2 0
-0.111558 6 -2 0
0.039235 6 4 0
-0.053086 6 -4 0
0.023535 6 6 0
-0.020238 6 -6 0
0.211352 7 1 0
0.015397 7 -1 0
0.083653 7 3 0
0.045553 7 -3 0
0.065995 7 5 0
0.040355 7 -5 0
0.016362 7 7 0
-0.001347 7 -7 0
0.052429 8 0 0
-0.034623 8 2 0
0.140399 8 -2 0
0.029198 8 4 0
-0.025030 8 -4 0
0.018995 8 6 0
-0.025305 8 -6 0
0.002940 8 8 0
0.036014 8 -8 0
-0.180136 9 1 0
-0.038539 9 -1 0
-0.038453 9 3 0
-0.016073 9 -3 0
0.065911 9 5 0
0.044208 9 -5 0
0.018544 9 7 0
-0.009165 9 -7 0
-0.059930 9 9 0
-0.037876 9 -9 0
0.051666 10 0 0
0.056647 10 2 0
-0.107669 10 -2 0
0.052392 10 4 0
-0.067280 10 -4 0
0.017476 10 6 0
-0.009219 10 -6 0
0.006752 10 8 0
0.035040 10 -8 0
-0.004267 10 10 0
0.015293 10 -10 0
0.064407 11 1 0
-0.008614 11 -1 0
0.089981 11 3 0
0.042310 11 -3 0
0.058069 11 5 0
0.047012 11 -5 0
0.007464 11 7 0
-0.005655 11 -7 0
-0.053525 11 9 0
-0.036644 11 -9 0
-0.030168 11 11 0
-0.001321 11 -11 0
0.000799 12 0 0
-0.015128 12 2 0
0.074427 12 -2 0
0.012992 12 4 0
-0.006503 12 -4 0
0.014799 12 6 0
-0.026273 12 -6 0
0.008367 12 8 0
0.025858 12 -8 0
-0.000216 12 10 0
0.014152 12 -10 0
0.000734 12 12 0
0.006569 12 -12 0
-0.048481 13 1 0
-0.014382 13 -1 0
-0.027711 13 3 0
-0.012379 13 -3 0
0.042485 13 5 0
0.023406 13 -5 0
0.017652 13 7 0
-0.002299 13 -7 0
-0.040917 13 9 0
-0.025899 13 -9 0
-0.022327 13 11 0
-0.001534 13 -11 0
0.004440 13 13 0
0.004565 13 -13 0
0.046767 14 0 0
0.024172 14 2 0
-0.034336 14 -2 0
0.036629 14 4 0
-0.054376 14 -4 0
0.008991 14 6 0
-0.005023 14 -6 0
-0.001206 14 8 0
0.022971 14 -8 0
-0.000861 14 10 0
0.009652 14 -10 0
0.002566 14 12 0
0.007003 14 -12 0
-0.005874 14 14 0
0.014817 14 -14 0
-0.006728 15 1 0
-0.017236 15 -1 0
0.042887 15 3 0
0.021686 15 -3 0
0.043042 15 5 0
0.027920 15 -5 0
0.002074 15 7 0
-0.007735 15 -7 0
-0.030810 15 9 0
-0.023035 15 -9 0
-0.013682 15 11 0
0.000463 15 -11 0
0.004459 15 13 0
0.001293 15 -13 0
0.008819 15 15 0
-0.001308 15 -15 0
-0.002017 16 0 0
-0.003105 16 2 0
0.015781 16 -2 0
0.003006 16 4 0
0.002169 16 -4 0
0.002810 16 6 0
-0.011556 16 -6 0
0.005660 16 8 0
0.010244 16 -8 0
0.000750 16 10 0
0.003613 16 -10 0
0.002365 16 12 0
0.001065 16 -12 0
-0.004695 16 14 0
0.010480 16 -14 0
0.004860 16 16 0
0.018366 16 -16 0
-0.002345 17 1 0
-0.003356 17 -1 0
-0.009500 17 3 0
-0.006367 17 -3 0
0.009898 17 5 0
0.006327 17 -5 0
0.007754 17 7 0
0.001151 17 -7 0
-0.014419 17 9 0
-0.010932 17 -9 0
-0.008361 17 11 0
-0.000925 17 -11 0
0.003501 17 13 0
0.003831 17 -13 0
0.003894 17 15 0
-0.002294 17 -15 0
-0.004363 17 17 0
-0.000453 17 -17 0
0.016615 18 0 0
0.006456 18 2 0
-0.003954 18 -2 0
0.014753 18 4 0
-0.023662 18 -4 0
0.002622 18 6 0
-0.007388 18 -6 0
-0.003165 18 8 0
0.006674 18 -8 0
-0.001847 18 10 0
0.003336 18 -10 0
0.003057 18 12 0
0.000940 18 -12 0
-0.001688 18 14 0
0.004515 18 -14 0
0.002076 18 16 0
0.005640 18 -16 0
0.004845 18 18 0
0.000168 18 -18 0
-0.008081 19 1 0
-0.010049 19 -1 0
0.008339 19 3 0
0.005025 19 -3 0
0.019570 19 5 0
0.011830 19 -5 0
-0.000724 19 7 0
-0.001164 19 -7 0
-0.009348 19 9 0
-0.008850 19 -9 0
-0.005649 19 11 0
