-0.032318 1 1 0
-0.097655 1 -1 0
-0.118227 2 0 0
0.000269 2 2 0
-0.016069 2 -2 0
0.145905 3 1 0
-0.000413 3 -1 0
0.011073 3 3 0
0.028648 3 -3 0
0.151809 4 0 0
-0.006315 4 2 0
0.064688 4 -2 0
0.034182 4 4 0
-0.026377 4 -4 0
-0.256565 5 1 0
-0.052545 5 -1 0
0.005053 5 3 0
-0.005337 5 -3 0
0.065952 5 5 0
0.049233 5 -5 0
-0.051279 6 0 0
0.050156 6 2 0
-0.125447 6 -2 0
0.035205 6 4 0
-0.039636 6 -4 0
0.019820 6 6 0
-0.019533 6 -6 0
0.215746 7 1 0
0.001131 7 -1 0
0.076738 7 3 0
0.046131 7 -3 0
0.056204 7 5 0
0.058657 7 -5 0
0.018185 7 7 0
-0.010549 7 -7 0
0.047279 8 0 0
-0.039048 8 2 0
0.136378 8 -2 0
0.027080 8 4 0
-0.018579 8 -4 0
0.009984 8 6 0
-0.012148 8 -6 0
-0.010433 8 8 0
0.021108 8 -8 0
-0.178029 9 1 0
-0.054375 9 -1 0
-0.040499 9 3 0
-0.017244 9 -3 0
0.061496 9 5 0
0.057652 9 -5 0
0.012627 9 7 0
-0.004751 9 -7 0
-0.031091 9 9 0
-0.029479 9 -9 0
0.044082 10 0 0
0.049757 10 2 0
-0.113480 10 -2 0
0.048926 10 4 0
-0.057321 10 -4 0
0.011766 10 6 0
-0.003169 10 -6 0
-0.006351 10 8 0
0.026374 10 -8 0
-0.006355 10 10 0
0.005455 10 -10 0
0.066495 11 1 0
-0.022630 11 -1 0
0.085568 11 3 0
0.043324 11 -3 0
0.055851 11 5 0
0.059642 11 -5 0
0.004262 11 7 0
-0.006383 11 -7 0
-0.028993 11 9 0
-0.027945 11 -9 0
-0.013924 11 11 0
0.018933 11 -11 0
-0.004692 12 0 0
-0.018029 12 2 0
0.069100 12 -2 0
0.011137 12 4 0
0.000944 12 -4 0
0.009006 12 6 0
-0.019349 12 -6 0
-0.002907 12 8 0
0.016583 12 -8 0
-0.000099 12 10 0
0.007072 12 -10 0
-0.005285 12 12 0
0.004536 12 -12 0
-0.047173 13 1 0
-0.022542 13 -1 0
-0.031054 13 3 0
-0.010724 13 -3 0
0.035200 13 5 0
0.033774 13 -5 0
0.013601 13 7 0
-0.000695 13 -7 0
-0.024329 13 9 0
-0.021319 13 -9 0
-0.009862 13 11 0
0.012811 13 -11 0
-0.002646 13 13 0
0.006783 13 -13 0
0.041810 14 0 0
0.022450 14 2 0
-0.038200 14 -2 0
0.036820 14 4 0
-0.052134 14 -4 0
0.007680 14 6 0
-0.002237 14 -6 0
-0.007146 14 8 0
0.018266 14 -8 0
-0.001968 14 10 0
0.004986 14 -10 0
-0.005679 14 12 0
0.004169 14 -12 0
0.002654 14 14 0
0.008581 14 -14 0
-0.005020 15 1 0
-0.023426 15 -1 0
0.042140 15 3 0
0.023544 15 -3 0
0.041529 15 5 0
0.037138 15 -5 0
-0.001468 15 7 0
-0.006492 15 -7 0
-0.018222 15 9 0
-0.020123 15 -9 0
-0.004743 15 11 0
0.009002 15 -11 0
0.000855 15 13 0
0.004008 15 -13 0
0.006299 15 15 0
-0.003039 15 -15 0
-0.004932 16 0 0
-0.003558 16 2 0
0.013053 16 -2 0
0.001513 16 4 0
0.006547 16 -4 0
0.001942 16 6 0
-0.008461 16 -6 0
-0.000326 16 8 0
0.006495 16 -8 0
0.000762 16 10 0
-0.000043 16 -10 0
-0.002560 16 12 0
-0.000379 16 -12 0
0.000746 16 14 0
0.006297 16 -14 0
0.000074 16 16 0
0.014441 16 -16 0
-0.002419 17 1 0
-0.005782 17 -1 0
-0.010195 17 3 0
-0.005949 17 -3 0
0.008533 17 5 0
0.011551 17 -5 0
0.006824 17 7 0
-0.000182 17 -7 0
-0.007380 17 9 0
-0.008490 17 -9 0
-0.002800 17 11 0
0.003423 17 -11 0
0.001151 17 13 0
0.003945 17 -13 0
0.000233 17 15 0
-0.004912 17 -15 0
-0.005632 17 17 0
-0.000250 17 -17 0
0.013785 18 0 0
0.005695 18 2 0
-0.002801 18 -2 0
0.015643 18 4 0
-0.023447 18 -4 0
0.002587 18 6 0
-0.005260 18 -6 0
-0.005624 18 8 0
0.005395 18 -8 0
-0.001580 18 10 0
0.000835 18 -10 0
-0.000957 18 12 0
0.000634 18 -12 0
0.002050 18 14 0
0.002606 18 -14 0
-0.000202 18 16 0
0.005296 18 -16 0
0.002612 18 18 0
-0.003193 18 -18 0
-0.007605 19 1 0
-0.011005 19 -1 0
0.006061 19 3 0
0.006919 19 -3 0
0.018778 19 5 0
0.015634 19 -5 0
-0.001971 19 7 0
-0.000434 19 -7 0
-0.006406 19 9 0
-0.009121 19 -9 0
-0.001320 19 11 0
