0.159219 1 1 0
-0.103929 1 -1 0
0.078588 2 0 0
0.066627 2 2 0
-0.014331 2 -2 0
-0.153575 3 1 0
0.143466 3 -1 0
-0.008841 3 3 0
0.017708 3 -3 0
-0.030578 4 0 0
-0.155777 4 2 0
0.012155 4 -2 0
0.005888 4 4 0
-0.002758 4 -4 0
0.150794 5 1 0
-0.137665 5 -1 0
-0.067602 5 3 0
-0.053913 5 -3 0
-0.000567 5 5 0
-0.016011 5 -5 0
-0.021267 6 0 0
0.173188 6 2 0
0.002681 6 -2 0
-0.002537 6 4 0
-0.054157 6 -4 0
0.019728 6 6 0
0.001991 6 -6 0
-0.087542 7 1 0
0.093969 7 -1 0
0.069497 7 3 0
0.100321 7 -3 0
0.010830 7 5 0
-0.025253 7 -5 0
0.006371 7 7 0
-0.003882 7 -7 0
0.063240 8 0 0
-0.173501 8 2 0
0.006702 8 -2 0
-0.006033 8 4 0
0.063875 8 -4 0
0.005895 8 6 0
0.001684 8 -6 0
0.009757 8 8 0
0.001227 8 -8 0
0.001591 9 1 0
-0.000662 9 -1 0
-0.103322 9 3 0
-0.081245 9 -3 0
-0.024890 9 5 0
0.022592 9 -5 0
0.010754 9 7 0
-0.004982 9 -7 0
0.003875 9 9 0
-0.008034 9 -9 0
-0.030711 10 0 0
0.079972 10 2 0
0.008456 10 -2 0
-0.000536 10 4 0
-0.076908 10 -4 0
-0.021212 10 6 0
0.005554 10 -6 0
0.009357 10 8 0
0.003929 10 -8 0
0.021980 10 10 0
0.003697 10 -10 0
0.023533 11 1 0
-0.014852 11 -1 0
0.046817 11 3 0
0.069486 11 -3 0
0.026796 11 5 0
-0.035896 11 -5 0
-0.007392 11 7 0
-0.016575 11 -7 0
0.002566 11 9 0
-0.003802 11 -9 0
0.007673 11 11 0
-0.011199 11 -11 0
0.016447 12 0 0
-0.038843 12 2 0
0.005356 12 -2 0
-0.004646 12 4 0
0.048473 12 -4 0
0.014976 12 6 0
0.001519 12 -6 0
0.008489 12 8 0
-0.012824 12 -8 0
0.015341 12 10 0
0.003415 12 -10 0
-0.001683 12 12 0
-0.014082 12 -12 0
-0.025118 13 1 0
0.033336 13 -1 0
-0.050227 13 3 0
-0.027042 13 -3 0
-0.018315 13 5 0
0.014925 13 -5 0
0.010921 13 7 0
0.002879 13 -7 0
0.011440 13 9 0
-0.013529 13 -9 0
0.007507 13 11 0
-0.010513 13 -11 0
0.005382 13 13 0
0.001327 13 -13 0
0.009565 14 0 0
-0.010151 14 2 0
0.004686 14 -2 0
-0.001978 14 4 0
-0.043116 14 -4 0
-0.012271 14 6 0
0.005077 14 -6 0
0.005548 14 8 0
0.012081 14 -8 0
0.021113 14 10 0
0.004059 14 -10 0
-0.001812 14 12 0
-0.009820 14 -12 0
-0.007658 14 14 0
-0.003823 14 -14 0
0.007901 15 1 0
-0.001573 15 -1 0
0.002673 15 3 0
0.018641 15 -3 0
0.020246 15 5 0
-0.019246 15 -5 0
-0.006248 15 7 0
-0.012859 15 -7 0
-0.003447 15 9 0
0.002499 15 -9 0
0.006642 15 11 0
-0.004509 15 -11 0
0.007794 15 13 0
-0.001609 15 -13 0
0.001642 15 15 0
0.000855 15 -15 0
-0.003944 16 0 0
0.005093 16 2 0
0.003756 16 -2 0
-0.001737 16 4 0
0.017037 16 -4 0
0.005863 16 6 0
0.000421 16 -6 0
0.005913 16 8 0
-0.008863 16 -8 0
0.002421 16 10 0
0.001865 16 -10 0
-0.001083 16 12 0
-0.005978 16 -12 0
0.000759 16 14 0
0.000332 16 -14 0
0.002327 16 16 0
-0.003479 16 -16 0
-0.000164 17 1 0
0.006003 17 -1 0
-0.011887 17 3 0
0.000817 17 -3 0
-0.007599 17 5 0
0.004897 17 -5 0
0.007044 17 7 0
-0.000516 17 -7 0
0.008883 17 9 0
-0.010106 17 -9 0
0.000403 17 11 0
-0.004343 17 -11 0
0.003026 17 13 0
-0.001295 17 -13 0
0.003413 17 15 0
0.001538 17 -15 0
-0.002137 17 17 0
0.003608 17 -17 0
0.008055 18 0 0
-0.009571 18 2 0
0.002241 18 -2 0
-0.000588 18 4 0
-0.010823 18 -4 0
-0.007192 18 6 0
-0.000894 18 -6 0
0.002309 18 8 0
0.004104 18 -8 0
0.015701 18 10 0
0.002193 18 -10 0
-0.001899 18 12 0
-0.006375 18 -12 0
-0.002885 18 14 0
0.001068 18 -14 0
0.002827 18 16 0
-0.004234 18 -16 0
0.005292 18 18 0
0.002422 18 -18 0
-0.003722 19 1 0
0.008575 19 -1 0
-0.004791 19 3 0
0.001441 19 -3 0
0.010831 19 5 0
-0.006644 19 -5 0
-0.004388 19 7 0
-0.004249 19 -7 0
-0.000630 19 9 0
0.001532 19 -9 0
0.005441 19 11 0
