0.097053 1 1 0
-0.137276 1 -1 0
0.069481 2 0 0
0.042642 2 2 0
-0.009973 2 -2 0
-0.176886 3 1 0
0.156322 3 -1 0
0.000326 3 3 0
-0.009713 3 -3 0
-0.029601 4 0 0
-0.151145 4 2 0
-0.010064 4 -2 0
0.010168 4 4 0
-0.005756 4 -4 0
0.173433 5 1 0
-0.143905 5 -1 0
-0.071771 5 3 0
-0.049370 5 -3 0
-0.004012 5 5 0
-0.018602 5 -5 0
-0.032023 6 0 0
0.189353 6 2 0
0.012916 6 -2 0
0.005289 6 4 0
-0.052344 6 -4 0
0.020810 6 6 0
0.006946 6 -6 0
-0.088856 7 1 0
0.088648 7 -1 0
0.081342 7 3 0
0.099181 7 -3 0
0.012711 7 5 0
-0.020968 7 -5 0
0.004522 7 7 0
0.001404 7 -7 0
0.061604 8 0 0
-0.164745 8 2 0
-0.011501 8 -2 0
0.002659 8 4 0
0.069217 8 -4 0
0.010352 8 6 0
0.004556 8 -6 0
0.002583 8 8 0
0.000921 8 -8 0
-0.000223 9 1 0
0.001537 9 -1 0
-0.093174 9 3 0
-0.080882 9 -3 0
-0.030848 9 5 0
0.022376 9 -5 0
0.007374 9 7 0
-0.001120 9 -7 0
0.002822 9 9 0
-0.003588 9 -9 0
-0.032865 10 0 0
0.081965 10 2 0
0.002502 10 -2 0
0.010202 10 4 0
-0.069872 10 -4 0
-0.016170 10 6 0
0.002702 10 -6 0
0.003137 10 8 0
0.008110 10 -8 0
0.011342 10 10 0
0.003064 10 -10 0
0.030744 11 1 0
-0.020177 11 -1 0
0.053346 11 3 0
0.065428 11 -3 0
0.018774 11 5 0
-0.031495 11 -5 0
-0.009205 11 7 0
-0.011571 11 -7 0
-0.002748 11 9 0
-0.000378 11 -9 0
0.003900 11 11 0
-0.008663 11 -11 0
0.011817 12 0 0
-0.029481 12 2 0
-0.000370 12 -2 0
0.002001 12 4 0
0.052671 12 -4 0
0.019005 12 6 0
0.004286 12 -6 0
0.002757 12 8 0
-0.011572 12 -8 0
0.002994 12 10 0
0.004211 12 -10 0
-0.003307 12 12 0
0.001431 12 -12 0
-0.023935 13 1 0
0.033123 13 -1 0
-0.043085 13 3 0
-0.028059 13 -3 0
-0.021935 13 5 0
0.015360 13 -5 0
0.008383 13 7 0
0.004068 13 -7 0
0.010657 13 9 0
-0.013766 13 -9 0
0.002891 13 11 0
-0.007699 13 -11 0
0.004147 13 13 0
-0.001563 13 -13 0
0.008416 14 0 0
-0.008174 14 2 0
-0.002300 14 -2 0
0.004279 14 4 0
-0.039415 14 -4 0
-0.010735 14 6 0
0.002666 14 -6 0
0.002832 14 8 0
0.015685 14 -8 0
0.009826 14 10 0
0.004184 14 -10 0
-0.001162 14 12 0
0.000728 14 -12 0
-0.003703 14 14 0
-0.000049 14 -14 0
0.007431 15 1 0
-0.004196 15 -1 0
0.009122 15 3 0
0.016686 15 -3 0
0.013632 15 5 0
-0.019073 15 -5 0
-0.005299 15 7 0
-0.008121 15 -7 0
-0.005799 15 9 0
0.006044 15 -9 0
0.004642 15 11 0
-0.004766 15 -11 0
0.003306 15 13 0
-0.000282 15 -13 0
-0.002428 15 15 0
-0.002720 15 -15 0
-0.005432 16 0 0
0.006139 16 2 0
0.001918 16 -2 0
0.000876 16 4 0
0.019542 16 -4 0
0.010708 16 6 0
0.002149 16 -6 0
0.002585 16 8 0
-0.009286 16 -8 0
-0.002642 16 10 0
0.002053 16 -10 0
-0.002018 16 12 0
0.000980 16 -12 0
-0.000401 16 14 0
0.000324 16 -14 0
-0.001714 16 16 0
-0.000385 16 -16 0
-0.000104 17 1 0
0.005433 17 -1 0
-0.009127 17 3 0
-0.001744 17 -3 0
-0.012163 17 5 0
0.003566 17 -5 0
0.004197 17 7 0
0.002633 17 -7 0
0.007867 17 9 0
-0.009046 17 -9 0
-0.001192 17 11 0
-0.005037 17 -11 0
0.002853 17 13 0
-0.000096 17 -13 0
0.002062 17 15 0
0.000463 17 -15 0
-0.002252 17 17 0
0.001484 17 -17 0
0.007039 18 0 0
-0.006173 18 2 0
0.000490 18 -2 0
0.002810 18 4 0
-0.007986 18 -4 0
-0.006992 18 6 0
0.000713 18 -6 0
0.002048 18 8 0
0.003581 18 -8 0
0.011298 18 10 0
0.002252 18 -10 0
-0.001712 18 12 0
-0.002579 18 -12 0
-0.001235 18 14 0
-0.001000 18 -14 0
0.000666 18 16 0
-0.001013 18 -16 0
-0.001499 18 18 0
0.001300 18 -18 0
-0.003074 19 1 0
0.006785 19 -1 0
-0.002878 19 3 0
0.000641 19 -3 0
0.006447 19 5 0
-0.005587 19 -5 0
-0.002874 19 7 0
-0.003738 19 -7 0
0.000460 19 9 0
0.001675 19 -9 0
0.004217 19 11 0
