-0.032352 1 1 0
-0.141472 1 -1 0
0.058163 2 0 0
0.051511 2 2 0
0.023375 2 -2 0
-0.134886 3 1 0
0.171652 3 -1 0
-0.013719 3 3 0
-0.005711 3 -3 0
-0.037960 4 0 0
-0.143011 4 2 0
-0.003443 4 -2 0
-0.014264 4 4 0
-0.001780 4 -4 0
0.144595 5 1 0
-0.136897 5 -1 0
-0.071588 5 3 0
-0.064012 5 -3 0
0.002732 5 5 0
-0.019062 5 -5 0
-0.023105 6 0 0
0.185929 6 2 0
0.004801 6 -2 0
0.001766 6 4 0
-0.064608 6 -4 0
0.024587 6 6 0
-0.004986 6 -6 0
-0.096243 7 1 0
0.096744 7 -1 0
0.075858 7 3 0
0.091472 7 -3 0
0.014271 7 5 0
-0.015867 7 -5 0
-0.004508 7 7 0
-0.005083 7 -7 0
0.061038 8 0 0
-0.164431 8 2 0
0.004274 8 -2 0
-0.008194 8 4 0
0.064548 8 -4 0
0.016380 8 6 0
-0.007192 8 -6 0
0.014423 8 8 0
0.014598 8 -8 0
-0.005959 9 1 0
0.004969 9 -1 0
-0.099990 9 3 0
-0.091021 9 -3 0
-0.022826 9 5 0
0.021645 9 -5 0
0.000881 9 7 0
-0.010113 9 -7 0
-0.002407 9 9 0
-0.006504 9 -9 0
-0.031786 10 0 0
0.085257 10 2 0
0.005371 10 -2 0
-0.003476 10 4 0
-0.077376 10 -4 0
-0.013970 10 6 0
-0.007212 10 -6 0
0.016884 10 8 0
0.019153 10 -8 0
0.026578 10 10 0
0.011665 10 -10 0
0.014725 11 1 0
-0.012421 11 -1 0
0.051744 11 3 0
0.060339 11 -3 0
0.025678 11 5 0
-0.030763 11 -5 0
-0.013503 11 7 0
-0.019160 11 -7 0
-0.003401 11 9 0
-0.003194 11 -9 0
-0.000029 11 11 0
-0.012301 11 -11 0
0.016681 12 0 0
-0.029903 12 2 0
0.003479 12 -2 0
-0.006689 12 4 0
0.048721 12 -4 0
0.023724 12 6 0
-0.005970 12 -6 0
0.013209 12 8 0
-0.000638 12 -8 0
0.017708 12 10 0
0.006254 12 -10 0
-0.005563 12 12 0
0.005976 12 -12 0
-0.033113 13 1 0
0.036906 13 -1 0
-0.046119 13 3 0
-0.036637 13 -3 0
-0.018039 13 5 0
0.017522 13 -5 0
0.007548 13 7 0
-0.000129 13 -7 0
0.006940 13 9 0
-0.011878 13 -9 0
0.001861 13 11 0
-0.010367 13 -11 0
0.004467 13 13 0
0.006669 13 -13 0
0.010053 14 0 0
-0.006524 14 2 0
0.004227 14 -2 0
-0.003817 14 4 0
-0.042930 14 -4 0
-0.009467 14 6 0
-0.003717 14 -6 0
0.010163 14 8 0
0.023959 14 -8 0
0.022577 14 10 0
0.004499 14 -10 0
-0.003808 14 12 0
0.002471 14 -12 0
-0.007755 14 14 0
0.003206 14 -14 0
0.000652 15 1 0
-0.001779 15 -1 0
0.006607 15 3 0
0.013743 15 -3 0
0.019610 15 5 0
-0.019119 15 -5 0
-0.008555 15 7 0
-0.014801 15 -7 0
-0.010026 15 9 0
0.004540 15 -9 0
0.002133 15 11 0
-0.005390 15 -11 0
0.004368 15 13 0
0.002176 15 -13 0
0.004096 15 15 0
0.001139 15 -15 0
-0.003530 16 0 0
0.007791 16 2 0
0.003371 16 -2 0
-0.003730 16 4 0
0.018269 16 -4 0
0.010801 16 6 0
-0.003245 16 -6 0
0.007882 16 8 0
-0.004123 16 -8 0
0.006559 16 10 0
0.004470 16 -10 0
-0.003836 16 12 0
0.001886 16 -12 0
-0.000882 16 14 0
0.003176 16 -14 0
-0.002098 16 16 0
0.004492 16 -16 0
-0.003991 17 1 0
0.007105 17 -1 0
-0.008758 17 3 0
-0.004101 17 -3 0
-0.010546 17 5 0
0.007230 17 -5 0
0.005174 17 7 0
-0.000504 17 -7 0
0.006018 17 9 0
-0.009533 17 -9 0
-0.001801 17 11 0
-0.005983 17 -11 0
0.001048 17 13 0
0.001525 17 -13 0
0.002869 17 15 0
0.001563 17 -15 0
-0.002655 17 17 0
0.004872 17 -17 0
0.007806 18 0 0
-0.006610 18 2 0
0.000877 18 -2 0
-0.001498 18 4 0
-0.012732 18 -4 0
-0.006379 18 6 0
-0.001527 18 -6 0
0.004029 18 8 0
0.007666 18 -8 0
0.017018 18 10 0
0.000628 18 -10 0
-0.002853 18 12 0
-0.004438 18 -12 0
-0.000874 18 14 0
-0.000092 18 -14 0
0.000180 18 16 0
0.003471 18 -16 0
0.004054 18 18 0
-0.001037 18 -18 0
-0.006062 19 1 0
0.007639 19 -1 0
-0.003042 19 3 0
-0.000526 19 -3 0
0.008811 19 5 0
-0.007407 19 -5 0
-0.004330 19 7 0
-0.004713 19 -7 0
-0.002939 19 9 0
0.002435 19 -9 0
0.002825 19 11 0
