0.078531 1 1 0
-0.165840 1 -1 0
0.049121 2 0 0
0.040701 2 2 0
0.006970 2 -2 0
-0.163914 3 1 0
0.166570 3 -1 0
-0.009885 3 3 0
-0.004959 3 -3 0
-0.037051 4 0 0
-0.136899 4 2 0
0.008971 4 -2 0
-0.012719 4 4 0
0.006160 4 -4 0
0.154080 5 1 0
-0.137631 5 -1 0
-0.064311 5 3 0
-0.063742 5 -3 0
0.004456 5 5 0
-0.007609 5 -5 0
-0.025051 6 0 0
0.187528 6 2 0
0.005841 6 -2 0
-0.002996 6 4 0
-0.059417 6 -4 0
0.021202 6 6 0
-0.004034 6 -6 0
-0.100804 7 1 0
0.095582 7 -1 0
0.079438 7 3 0
0.092565 7 -3 0
0.020363 7 5 0
-0.014634 7 -5 0
-0.000703 7 7 0
-0.000368 7 -7 0
0.057638 8 0 0
-0.161235 8 2 0
0.004175 8 -2 0
-0.007781 8 4 0
0.069844 8 -4 0
0.013139 8 6 0
-0.008530 8 -6 0
0.015573 8 8 0
0.004816 8 -8 0
-0.005070 9 1 0
-0.000041 9 -1 0
-0.094004 9 3 0
-0.091707 9 -3 0
-0.020576 9 5 0
0.025257 9 -5 0
0.006322 9 7 0
-0.002467 9 -7 0
0.001729 9 9 0
-0.008439 9 -9 0
-0.034845 10 0 0
0.090448 10 2 0
0.005770 10 -2 0
-0.003311 10 4 0
-0.076619 10 -4 0
-0.017432 10 6 0
-0.008601 10 -6 0
0.016289 10 8 0
0.015242 10 -8 0
0.024683 10 10 0
0.008653 10 -10 0
0.017078 11 1 0
-0.016150 11 -1 0
0.054258 11 3 0
0.062314 11 -3 0
0.027310 11 5 0
-0.026904 11 -5 0
-0.010396 11 7 0
-0.016366 11 -7 0
0.000675 11 9 0
-0.004359 11 -9 0
0.007560 11 11 0
-0.004959 11 -11 0
0.014016 12 0 0
-0.028343 12 2 0
0.003576 12 -2 0
-0.007122 12 4 0
0.053434 12 -4 0
0.019883 12 6 0
-0.007455 12 -6 0
0.014745 12 8 0
-0.005126 12 -8 0
0.015214 12 10 0
0.002884 12 -10 0
0.002350 12 12 0
0.001353 12 -12 0
-0.034094 13 1 0
0.035154 13 -1 0
-0.041929 13 3 0
-0.035567 13 -3 0
-0.015712 13 5 0
0.019844 13 -5 0
0.010677 13 7 0
0.004725 13 -7 0
0.010022 13 9 0
-0.012410 13 -9 0
0.009444 13 11 0
-0.005710 13 -11 0
0.003279 13 13 0
0.001003 13 -13 0
0.007121 14 0 0
-0.002904 14 2 0
0.003716 14 -2 0
-0.002781 14 4 0
-0.041363 14 -4 0
-0.011448 14 6 0
-0.005031 14 -6 0
0.011664 14 8 0
0.018728 14 -8 0
0.021880 14 10 0
0.002319 14 -10 0
0.001579 14 12 0
-0.000084 14 -12 0
-0.009010 14 14 0
0.001017 14 -14 0
0.002172 15 1 0
-0.003526 15 -1 0
0.008631 15 3 0
0.014411 15 -3 0
0.019852 15 5 0
-0.016336 15 -5 0
-0.006259 15 7 0
-0.012548 15 -7 0
-0.006887 15 9 0
0.005169 15 -9 0
0.007972 15 11 0
-0.001892 15 -11 0
0.005616 15 13 0
0.001346 15 -13 0
0.004057 15 15 0
0.000197 15 -15 0
-0.005452 16 0 0
0.008884 16 2 0
0.001814 16 -2 0
-0.003999 16 4 0
0.019738 16 -4 0
0.007581 16 6 0
-0.004012 16 -6 0
0.008831 16 8 0
-0.005630 16 -8 0
0.005474 16 10 0
0.002227 16 -10 0
-0.000840 16 12 0
0.000586 16 -12 0
-0.003224 16 14 0
0.001899 16 -14 0
-0.002888 16 16 0
0.002114 16 -16 0
-0.004782 17 1 0
0.006509 17 -1 0
-0.006996 17 3 0
-0.002926 17 -3 0
-0.010220 17 5 0
0.007802 17 -5 0
0.006435 17 7 0
0.000312 17 -7 0
0.007958 17 9 0
-0.010299 17 -9 0
0.002894 17 11 0
-0.004218 17 -11 0
0.002652 17 13 0
0.000508 17 -13 0
0.003552 17 15 0
0.000599 17 -15 0
-0.001759 17 17 0
0.003337 17 -17 0
0.006964 18 0 0
-0.006707 18 2 0
0.002540 18 -2 0
-0.001158 18 4 0
-0.010688 18 -4 0
-0.008529 18 6 0
-0.001785 18 -6 0
0.003970 18 8 0
0.005258 18 -8 0
0.015944 18 10 0
0.001487 18 -10 0
0.000502 18 12 0
-0.003956 18 -12 0
-0.002709 18 14 0
0.000776 18 -14 0
0.001144 18 16 0
-0.000785 18 -16 0
0.001985 18 18 0
-0.000208 18 -18 0
-0.006985 19 1 0
0.007300 19 -1 0
-0.003688 19 3 0
-0.000548 19 -3 0
0.009105 19 5 0
-0.006089 19 -5 0
-0.003577 19 7 0
-0.005071 19 -7 0
-0.002511 19 9 0
0.002567 19 -9 0
0.005096 19 11 0
