-0.013954 1 1 0
-0.117489 1 -1 0
0.075861 2 0 0
0.053829 2 2 0
0.003202 2 -2 0
-0.139040 3 1 0
0.152315 3 -1 0
-0.018382 3 3 0
0.017209 3 -3 0
-0.031028 4 0 0
-0.159626 4 2 0
0.002690 4 -2 0
-0.009486 4 4 0
-0.010563 4 -4 0
0.152405 5 1 0
-0.139471 5 -1 0
-0.063076 5 3 0
-0.064113 5 -3 0
0.002253 5 5 0
-0.017582 5 -5 0
-0.017141 6 0 0
0.182751 6 2 0
0.009011 6 -2 0
-0.002809 6 4 0
-0.060082 6 -4 0
0.024683 6 6 0
0.001067 6 -6 0
-0.088132 7 1 0
0.097146 7 -1 0
0.073001 7 3 0
0.096164 7 -3 0
0.020641 7 5 0
-0.021940 7 -5 0
0.009195 7 7 0
-0.001253 7 -7 0
0.064692 8 0 0
-0.172720 8 2 0
0.000151 8 -2 0
-0.006654 8 4 0
0.062355 8 -4 0
0.010732 8 6 0
-0.007628 8 -6 0
0.010630 8 8 0
0.007654 8 -8 0
0.001332 9 1 0
-0.000184 9 -1 0
-0.097063 9 3 0
-0.085728 9 -3 0
-0.019584 9 5 0
0.016426 9 -5 0
0.012853 9 7 0
-0.003434 9 -7 0
0.001302 9 9 0
-0.001647 9 -9 0
-0.027185 10 0 0
0.080104 10 2 0
0.006510 10 -2 0
-0.003512 10 4 0
-0.078428 10 -4 0
-0.018088 10 6 0
-0.005912 10 -6 0
0.013151 10 8 0
0.016490 10 -8 0
0.020888 10 10 0
0.008894 10 -10 0
0.023819 11 1 0
-0.013440 11 -1 0
0.051976 11 3 0
0.065397 11 -3 0
0.029780 11 5 0
-0.033986 11 -5 0
-0.004247 11 7 0
-0.017222 11 -7 0
0.000920 11 9 0
0.000568 11 -9 0
0.006623 11 11 0
-0.009769 11 -11 0
0.020022 12 0 0
-0.036186 12 2 0
0.002109 12 -2 0
-0.007665 12 4 0
0.047511 12 -4 0
0.021732 12 6 0
-0.007194 12 -6 0
0.011534 12 8 0
-0.004557 12 -8 0
0.013563 12 10 0
0.004607 12 -10 0
-0.008027 12 12 0
-0.001737 12 -12 0
-0.026632 13 1 0
0.034853 13 -1 0
-0.045349 13 3 0
-0.034058 13 -3 0
-0.015294 13 5 0
0.014697 13 -5 0
0.015041 13 7 0
0.004810 13 -7 0
0.009675 13 9 0
-0.008701 13 -9 0
0.006632 13 11 0
-0.008722 13 -11 0
0.005401 13 13 0
0.006639 13 -13 0
0.011764 14 0 0
-0.010983 14 2 0
0.003420 14 -2 0
-0.003313 14 4 0
-0.046181 14 -4 0
-0.010289 14 6 0
-0.002951 14 -6 0
0.008958 14 8 0
0.021139 14 -8 0
0.019437 14 10 0
0.003792 14 -10 0
-0.005316 14 12 0
-0.004507 14 -12 0
-0.006454 14 14 0
-0.001838 14 -14 0
0.004567 15 1 0
-0.002010 15 -1 0
0.007211 15 3 0
0.016192 15 -3 0
0.021625 15 5 0
-0.020240 15 -5 0
-0.003992 15 7 0
-0.012066 15 -7 0
-0.005446 15 9 0
0.008137 15 -9 0
0.005734 15 11 0
-0.004436 15 -11 0
0.004882 15 13 0
0.003729 15 -13 0
-0.000612 15 15 0
-0.001386 15 -15 0
-0.001886 16 0 0
0.005778 16 2 0
0.002917 16 -2 0
-0.004366 16 4 0
0.016660 16 -4 0
0.010593 16 6 0
-0.004076 16 -6 0
0.006894 16 8 0
-0.005516 16 -8 0
0.003034 16 10 0
0.003695 16 -10 0
-0.003299 16 12 0
-0.002168 16 -12 0
-0.001490 16 14 0
-0.000554 16 -14 0
-0.002916 16 16 0
0.002614 16 -16 0
-0.001758 17 1 0
0.006058 17 -1 0
-0.008152 17 3 0
-0.003243 17 -3 0
-0.009108 17 5 0
0.006297 17 -5 0
0.008501 17 7 0
0.000505 17 -7 0
0.007615 17 9 0
-0.007401 17 -9 0
0.001264 17 11 0
-0.005852 17 -11 0
0.002158 17 13 0
0.002965 17 -13 0
0.001496 17 15 0
0.001606 17 -15 0
-0.003035 17 17 0
0.001446 17 -17 0
0.008571 18 0 0
-0.009661 18 2 0
0.001473 18 -2 0
-0.002123 18 4 0
-0.013741 18 -4 0
-0.007578 18 6 0
-0.002581 18 -6 0
0.004006 18 8 0
0.007923 18 -8 0
0.015448 18 10 0
0.002784 18 -10 0
-0.002217 18 12 0
-0.005187 18 -12 0
-0.000669 18 14 0
-0.000578 18 -14 0
-0.000233 18 16 0
0.000836 18 -16 0
-0.000653 18 18 0
-0.002645 18 -18 0
-0.005585 19 1 0
0.007166 19 -1 0
-0.002831 19 3 0
-0.000290 19 -3 0
0.010311 19 5 0
-0.008124 19 -5 0
-0.001486 19 7 0
-0.003394 19 -7 0
-0.002033 19 9 0
0.002746 19 -9 0
0.004571 19 11 0
