0.128670 1 1 0
-0.040546 1 -1 0
0.070843 2 0 0
0.042696 2 2 0
-0.013130 2 -2 0
-0.145404 3 1 0
0.153303 3 -1 0
-0.005978 3 3 0
0.008790 3 -3 0
-0.028634 4 0 0
-0.151027 4 2 0
-0.003833 4 -2 0
0.005340 4 4 0
0.003143 4 -4 0
0.155969 5 1 0
-0.143456 5 -1 0
-0.072821 5 3 0
-0.058615 5 -3 0
-0.001689 5 5 0
-0.013790 5 -5 0
-0.024738 6 0 0
0.174671 6 2 0
0.005842 6 -2 0
0.002649 6 4 0
-0.063876 6 -4 0
0.021576 6 6 0
0.003382 6 -6 0
-0.096985 7 1 0
0.093464 7 -1 0
0.068774 7 3 0
0.099831 7 -3 0
0.013445 7 5 0
-0.025189 7 -5 0
0.001537 7 7 0
0.002235 7 -7 0
0.063603 8 0 0
-0.169164 8 2 0
-0.002104 8 -2 0
-0.001931 8 4 0
0.066305 8 -4 0
0.007854 8 6 0
-0.000210 8 -6 0
0.014592 8 8 0
0.000055 8 -8 0
0.000855 9 1 0
0.000079 9 -1 0
-0.101887 9 3 0
-0.085925 9 -3 0
-0.027591 9 5 0
0.013868 9 -5 0
0.005736 9 7 0
-0.002578 9 -7 0
-0.011764 9 9 0
-0.012931 9 -9 0
-0.031367 10 0 0
0.078131 10 2 0
0.005964 10 -2 0
0.003319 10 4 0
-0.077277 10 -4 0
-0.021367 10 6 0
0.002739 10 -6 0
0.018324 10 8 0
0.012603 10 -8 0
0.030948 10 10 0
0.018522 10 -10 0
0.021531 11 1 0
-0.019303 11 -1 0
0.044723 11 3 0
0.067467 11 -3 0
0.024894 11 5 0
-0.038167 11 -5 0
-0.008406 11 7 0
-0.014898 11 -7 0
-0.010461 11 9 0
-0.007078 11 -9 0
0.004508 11 11 0
-0.020229 11 -11 0
0.016793 12 0 0
-0.035511 12 2 0
0.002350 12 -2 0
-0.001875 12 4 0
0.048351 12 -4 0
0.018519 12 6 0
0.001412 12 -6 0
0.014369 12 8 0
-0.010265 12 -8 0
0.018350 12 10 0
0.008472 12 -10 0
-0.003561 12 12 0
-0.000186 12 -12 0
-0.029018 13 1 0
0.031767 13 -1 0
-0.049526 13 3 0
-0.032484 13 -3 0
-0.018988 13 5 0
0.009326 13 -5 0
0.010128 13 7 0
0.005788 13 -7 0
0.002172 13 9 0
-0.014563 13 -9 0
0.002648 13 11 0
-0.016282 13 -11 0
0.009982 13 13 0
-0.004899 13 -13 0
0.009773 14 0 0
-0.011147 14 2 0
0.003363 14 -2 0
-0.000970 14 4 0
-0.042814 14 -4 0
-0.014099 14 6 0
0.004234 14 -6 0
0.010529 14 8 0
0.018086 14 -8 0
0.023276 14 10 0
0.008798 14 -10 0
-0.000102 14 12 0
-0.000701 14 -12 0
-0.008171 14 14 0
0.003086 14 -14 0
0.005650 15 1 0
-0.004303 15 -1 0
0.004132 15 3 0
0.016309 15 -3 0
0.019271 15 5 0
-0.023205 15 -5 0
-0.007282 15 7 0
-0.012230 15 -7 0
-0.011370 15 9 0
0.002178 15 -9 0
0.004345 15 11 0
-0.008583 15 -11 0
0.007687 15 13 0
-0.005425 15 -13 0
0.001795 15 15 0
-0.001603 15 -15 0
-0.003841 16 0 0
0.005316 16 2 0
0.002978 16 -2 0
-0.000253 16 4 0
0.018612 16 -4 0
0.008802 16 6 0
-0.000198 16 -6 0
0.007969 16 8 0
-0.007968 16 -8 0
0.003783 16 10 0
0.006208 16 -10 0
-0.002279 16 12 0
-0.000093 16 -12 0
-0.000922 16 14 0
0.002687 16 -14 0
-0.001212 16 16 0
0.002595 16 -16 0
-0.002807 17 1 0
0.004282 17 -1 0
-0.011357 17 3 0
-0.002866 17 -3 0
-0.008228 17 5 0
0.002738 17 -5 0
0.006377 17 7 0
0.002132 17 -7 0
0.002984 17 9 0
-0.011227 17 -9 0
-0.001308 17 11 0
-0.006453 17 -11 0
0.004453 17 13 0
-0.001747 17 -13 0
0.002436 17 15 0
-0.001106 17 -15 0
-0.000500 17 17 0
0.002548 17 -17 0
0.007635 18 0 0
-0.009733 18 2 0
0.001740 18 -2 0
-0.000198 18 4 0
-0.010772 18 -4 0
-0.008868 18 6 0
0.001015 18 -6 0
0.005808 18 8 0
0.005791 18 -8 0
0.016343 18 10 0
0.004380 18 -10 0
0.000013 18 12 0
-0.004237 18 -12 0
-0.004388 18 14 0
0.000785 18 -14 0
0.001314 18 16 0
-0.001847 18 -16 0
0.004409 18 18 0
0.000514 18 -18 0
-0.005563 19 1 0
0.006369 19 -1 0
-0.004135 19 3 0
0.000108 19 -3 0
0.010753 19 5 0
-0.008297 19 -5 0
-0.002818 19 7 0
-0.004181 19 -7 0
-0.004020 19 9 0
0.002180 19 -9 0
0.003071 19 11 0
