0.005479 1 1 0
-0.053241 1 -1 0
0.069796 2 0 0
0.035770 2 2 0
0.029120 2 -2 0
-0.147496 3 1 0
0.134635 3 -1 0
0.000223 3 3 0
-0.022029 3 -3 0
-0.039796 4 0 0
-0.143845 4 2 0
-0.000404 4 -2 0
-0.003558 4 4 0
0.002466 4 -4 0
0.153653 5 1 0
-0.130710 5 -1 0
-0.070749 5 3 0
-0.054173 5 -3 0
0.001431 5 5 0
-0.009204 5 -5 0
-0.021095 6 0 0
0.181952 6 2 0
0.010947 6 -2 0
-0.005707 6 4 0
-0.067636 6 -4 0
0.018148 6 6 0
-0.006673 6 -6 0
-0.104638 7 1 0
0.094110 7 -1 0
0.077639 7 3 0
0.086651 7 -3 0
0.020294 7 5 0
-0.018115 7 -5 0
-0.003738 7 7 0
0.002761 7 -7 0
0.063953 8 0 0
-0.168209 8 2 0
0.001441 8 -2 0
-0.010119 8 4 0
0.070056 8 -4 0
0.010789 8 6 0
-0.010465 8 -6 0
0.014437 8 8 0
0.008486 8 -8 0
-0.003838 9 1 0
-0.000412 9 -1 0
-0.097550 9 3 0
-0.093256 9 -3 0
-0.021931 9 5 0
0.021606 9 -5 0
-0.001935 9 7 0
-0.005005 9 -7 0
-0.011626 9 9 0
-0.005002 9 -9 0
-0.030014 10 0 0
0.084002 10 2 0
0.010575 10 -2 0
-0.005632 10 4 0
-0.074663 10 -4 0
-0.018229 10 6 0
-0.008828 10 -6 0
0.012368 10 8 0
0.017980 10 -8 0
0.026807 10 10 0
0.008831 10 -10 0
0.014410 11 1 0
-0.016564 11 -1 0
0.051887 11 3 0
0.059627 11 -3 0
0.027290 11 5 0
-0.029801 11 -5 0
-0.014274 11 7 0
-0.013113 11 -7 0
-0.012035 11 9 0
-0.001190 11 -9 0
-0.005235 11 11 0
-0.013860 11 -11 0
0.018436 12 0 0
-0.033576 12 2 0
0.004992 12 -2 0
-0.007778 12 4 0
0.050214 12 -4 0
0.020497 12 6 0
-0.008721 12 -6 0
0.011101 12 8 0
-0.002480 12 -8 0
0.015936 12 10 0
0.002989 12 -10 0
-0.005227 12 12 0
0.005693 12 -12 0
-0.034437 13 1 0
0.031966 13 -1 0
-0.044502 13 3 0
-0.039416 13 -3 0
-0.016024 13 5 0
0.016961 13 -5 0
0.005898 13 7 0
0.003793 13 -7 0
-0.002102 13 9 0
-0.010462 13 -9 0
-0.000388 13 11 0
-0.013849 13 -11 0
0.002366 13 13 0
-0.003723 13 -13 0
0.010785 14 0 0
-0.009127 14 2 0
0.003180 14 -2 0
-0.004639 14 4 0
-0.042492 14 -4 0
-0.012443 14 6 0
-0.003246 14 -6 0
0.009573 14 8 0
0.023571 14 -8 0
0.021006 14 10 0
0.003924 14 -10 0
-0.000285 14 12 0
0.001001 14 -12 0
-0.009049 14 14 0
-0.001103 14 -14 0
-0.000105 15 1 0
-0.003019 15 -1 0
0.008886 15 3 0
0.013247 15 -3 0
0.019982 15 5 0
-0.019496 15 -5 0
-0.010390 15 7 0
-0.012911 15 -7 0
-0.014598 15 9 0
0.006632 15 -9 0
-0.000923 15 11 0
-0.005267 15 -11 0
0.003595 15 13 0
-0.001463 15 -13 0
0.001581 15 15 0
-0.004566 15 -15 0
-0.002581 16 0 0
0.005933 16 2 0
0.003102 16 -2 0
-0.004627 16 4 0
0.019501 16 -4 0
0.010515 16 6 0
-0.006210 16 -6 0
0.007185 16 8 0
-0.004398 16 -8 0
0.004985 16 10 0
0.002552 16 -10 0
-0.002987 16 12 0
0.000757 16 -12 0
-0.003542 16 14 0
-0.000289 16 -14 0
-0.001808 16 16 0
0.005633 16 -16 0
-0.004126 17 1 0
0.003301 17 -1 0
-0.008442 17 3 0
-0.006622 17 -3 0
-0.008467 17 5 0
0.007010 17 -5 0
0.005211 17 7 0
0.001143 17 -7 0
0.002705 17 9 0
-0.007900 17 -9 0
-0.003971 17 11 0
-0.006650 17 -11 0
0.001546 17 13 0
-0.000512 17 -13 0
0.000571 17 15 0
-0.000747 17 -15 0
-0.002118 17 17 0
-0.000893 17 -17 0
0.008793 18 0 0
-0.009130 18 2 0
0.001911 18 -2 0
-0.001682 18 4 0
-0.011543 18 -4 0
-0.008818 18 6 0
-0.001761 18 -6 0
0.002358 18 8 0
0.009420 18 -8 0
0.015913 18 10 0
0.002097 18 -10 0
-0.002594 18 12 0
-0.002207 18 -12 0
-0.002967 18 14 0
-0.002655 18 -14 0
0.001650 18 16 0
0.002117 18 -16 0
-0.000173 18 18 0
0.001797 18 -18 0
-0.006177 19 1 0
0.005854 19 -1 0
-0.002310 19 3 0
-0.001576 19 -3 0
0.010410 19 5 0
-0.006576 19 -5 0
-0.004478 19 7 0
-0.004994 19 -7 0
-0.004915 19 9 0
0.003557 19 -9 0
0.002088 19 11 0
