-0.010038 1 1 0
-0.129643 1 -1 0
0.088468 2 0 0
0.006796 2 2 0
-0.101740 2 -2 0
-0.143962 3 1 0
0.142680 3 -1 0
0.009389 3 3 0
0.031210 3 -3 0
-0.025153 4 0 0
-0.143456 4 2 0
-0.002495 4 -2 0
-0.002107 4 4 0
-0.001244 4 -4 0
0.149264 5 1 0
-0.122986 5 -1 0
-0.043135 5 3 0
-0.078416 5 -3 0
0.007902 5 5 0
-0.004964 5 -5 0
-0.046794 6 0 0
0.194315 6 2 0
0.021418 6 -2 0
0.018169 6 4 0
-0.050219 6 -4 0
0.017461 6 6 0
0.004456 6 -6 0
-0.074468 7 1 0
0.066351 7 -1 0
0.073027 7 3 0
0.115838 7 -3 0
0.023901 7 5 0
-0.017999 7 -5 0
-0.000535 7 7 0
-0.000936 7 -7 0
0.058110 8 0 0
-0.150813 8 2 0
-0.009463 8 -2 0
-0.009641 8 4 0
0.078294 8 -4 0
0.020095 8 6 0
-0.001181 8 -6 0
0.005003 8 8 0
0.006319 8 -8 0
-0.021399 9 1 0
0.011132 9 -1 0
-0.075856 9 3 0
-0.100274 9 -3 0
-0.027794 9 5 0
0.014472 9 -5 0
0.009687 9 7 0
0.005178 9 -7 0
0.003064 9 9 0
0.000092 9 -9 0
-0.035863 10 0 0
0.075667 10 2 0
0.008152 10 -2 0
0.025413 10 4 0
-0.069877 10 -4 0
-0.019922 10 6 0
-0.006072 10 -6 0
0.003452 10 8 0
0.013693 10 -8 0
0.017513 10 10 0
0.008542 10 -10 0
0.029099 11 1 0
-0.028828 11 -1 0
0.052836 11 3 0
0.069028 11 -3 0
0.034442 11 5 0
-0.026177 11 -5 0
-0.009535 11 7 0
-0.020314 11 -7 0
0.001446 11 9 0
-0.000187 11 -9 0
0.016493 11 11 0
-0.015190 11 -11 0
0.003188 12 0 0
-0.010493 12 2 0
0.001746 12 -2 0
-0.005689 12 4 0
0.062531 12 -4 0
0.022937 12 6 0
0.001423 12 -6 0
0.009958 12 8 0
-0.007360 12 -8 0
0.006890 12 10 0
0.004202 12 -10 0
-0.005404 12 12 0
-0.011343 12 -12 0
-0.024426 13 1 0
0.029188 13 -1 0
-0.030283 13 3 0
-0.031920 13 -3 0
-0.020457 13 5 0
0.011566 13 -5 0
0.007799 13 7 0
0.010552 13 -7 0
0.016723 13 9 0
-0.008098 13 -9 0
0.015295 13 11 0
-0.013809 13 -11 0
-0.005265 13 13 0
0.000186 13 -13 0
0.007019 14 0 0
-0.010771 14 2 0
0.004462 14 -2 0
0.011746 14 4 0
-0.034834 14 -4 0
-0.009294 14 6 0
-0.005570 14 -6 0
0.001768 14 8 0
0.019256 14 -8 0
0.018613 14 10 0
0.006369 14 -10 0
-0.003417 14 12 0
-0.008635 14 -12 0
-0.002610 14 14 0
-0.002852 14 -14 0
0.001732 15 1 0
-0.004647 15 -1 0
0.007373 15 3 0
0.011982 15 -3 0
0.026559 15 5 0
-0.017748 15 -5 0
-0.006028 15 7 0
-0.011111 15 -7 0
-0.004065 15 9 0
0.005705 15 -9 0
0.010631 15 11 0
-0.005914 15 -11 0
0.000144 15 13 0
-0.000664 15 -13 0
-0.002900 15 15 0
-0.002881 15 -15 0
-0.007593 16 0 0
0.011574 16 2 0
0.001359 16 -2 0
-0.001765 16 4 0
0.023391 16 -4 0
0.013466 16 6 0
-0.000209 16 -6 0
0.008286 16 8 0
-0.005101 16 -8 0
-0.001338 16 10 0
0.002238 16 -10 0
-0.001427 16 12 0
-0.003043 16 -12 0
0.001376 16 14 0
0.000665 16 -14 0
-0.002410 16 16 0
0.001244 16 -16 0
0.001272 17 1 0
0.001070 17 -1 0
-0.000962 17 3 0
0.000703 17 -3 0
-0.009311 17 5 0
0.003210 17 -5 0
0.004353 17 7 0
0.003347 17 -7 0
0.010533 17 9 0
-0.007592 17 -9 0
0.004531 17 11 0
-0.009986 17 -11 0
0.000971 17 13 0
-0.001025 17 -13 0
-0.001976 17 15 0
-0.000824 17 -15 0
-0.004023 17 17 0
0.003749 17 -17 0
0.004417 18 0 0
-0.004193 18 2 0
0.004646 18 -2 0
0.004095 18 4 0
-0.004272 18 -4 0
-0.007141 18 6 0
-0.006115 18 -6 0
0.001192 18 8 0
0.006309 18 -8 0
0.013142 18 10 0
0.003469 18 -10 0
0.001834 18 12 0
-0.006554 18 -12 0
-0.000523 18 14 0
-0.001434 18 -14 0
-0.000118 18 16 0
-0.000792 18 -16 0
0.002614 18 18 0
0.004129 18 -18 0
-0.004014 19 1 0
0.006804 19 -1 0
-0.003867 19 3 0
-0.000867 19 -3 0
0.011073 19 5 0
-0.006815 19 -5 0
-0.002458 19 7 0
-0.003756 19 -7 0
0.000063 19 9 0
0.003035 19 -9 0
0.004093 19 11 0
