0.138311 1 1 0
-0.111804 1 -1 0
0.081718 2 0 0
0.028825 2 2 0
0.027100 2 -2 0
-0.149206 3 1 0
0.148344 3 -1 0
0.006369 3 3 0
0.021702 3 -3 0
-0.034477 4 0 0
-0.139385 4 2 0
-0.028697 4 -2 0
0.008152 4 4 0
0.007791 4 -4 0
0.148974 5 1 0
-0.134380 5 -1 0
-0.062558 5 3 0
-0.075523 5 -3 0
0.001651 5 5 0
-0.004219 5 -5 0
-0.048442 6 0 0
0.187694 6 2 0
0.021446 6 -2 0
0.013119 6 4 0
-0.059689 6 -4 0
0.018088 6 6 0
-0.000802 6 -6 0
-0.079607 7 1 0
0.061543 7 -1 0
0.078425 7 3 0
0.117425 7 -3 0
0.021930 7 5 0
-0.020528 7 -5 0
0.001159 7 7 0
-0.000937 7 -7 0
0.053364 8 0 0
-0.146871 8 2 0
-0.012604 8 -2 0
-0.012867 8 4 0
0.087656 8 -4 0
0.014250 8 6 0
-0.003541 8 -6 0
-0.000724 8 8 0
0.000758 8 -8 0
-0.020255 9 1 0
0.012845 9 -1 0
-0.080736 9 3 0
-0.103293 9 -3 0
-0.032002 9 5 0
0.020905 9 -5 0
0.002689 9 7 0
0.004901 9 -7 0
-0.000387 9 9 0
0.001091 9 -9 0
-0.036372 10 0 0
0.070296 10 2 0
0.006844 10 -2 0
0.023124 10 4 0
-0.071539 10 -4 0
-0.022076 10 6 0
-0.005561 10 -6 0
0.001356 10 8 0
0.013722 10 -8 0
0.010929 10 10 0
0.011547 10 -10 0
0.025828 11 1 0
-0.029960 11 -1 0
0.049854 11 3 0
0.070018 11 -3 0
0.033525 11 5 0
-0.025321 11 -5 0
-0.007169 11 7 0
-0.014439 11 -7 0
-0.004093 11 9 0
0.003684 11 -9 0
0.016085 11 11 0
-0.006632 11 -11 0
0.000224 12 0 0
-0.010787 12 2 0
-0.002603 12 -2 0
-0.008685 12 4 0
0.060819 12 -4 0
0.023171 12 6 0
-0.000348 12 -6 0
0.005135 12 8 0
-0.007835 12 -8 0
0.004004 12 10 0
0.005160 12 -10 0
-0.006953 12 12 0
-0.013742 12 -12 0
-0.026092 13 1 0
0.025708 13 -1 0
-0.030745 13 3 0
-0.029380 13 -3 0
-0.023011 13 5 0
0.013503 13 -5 0
0.003668 13 7 0
0.010061 13 -7 0
0.013165 13 9 0
-0.006491 13 -9 0
0.015291 13 11 0
-0.010274 13 -11 0
-0.004869 13 13 0
0.006113 13 -13 0
0.005392 14 0 0
-0.010623 14 2 0
0.001034 14 -2 0
0.010855 14 4 0
-0.034382 14 -4 0
-0.012937 14 6 0
-0.007129 14 -6 0
-0.000024 14 8 0
0.016362 14 -8 0
0.013570 14 10 0
0.006561 14 -10 0
-0.000694 14 12 0
-0.010925 14 -12 0
0.004520 14 14 0
-0.003986 14 -14 0
0.002540 15 1 0
-0.004617 15 -1 0
0.005277 15 3 0
0.011676 15 -3 0
0.023945 15 5 0
-0.014905 15 -5 0
-0.007300 15 7 0
-0.010314 15 -7 0
-0.008903 15 9 0
0.005864 15 -9 0
0.009641 15 11 0
-0.003197 15 -11 0
-0.000346 15 13 0
0.002864 15 -13 0
-0.005051 15 15 0
-0.004106 15 -15 0
-0.009091 16 0 0
0.010598 16 2 0
-0.000012 16 -2 0
-0.002792 16 4 0
0.020551 16 -4 0
0.012228 16 6 0
0.000173 16 -6 0
0.004700 16 8 0
-0.005417 16 -8 0
-0.002941 16 10 0
0.001970 16 -10 0
-0.003159 16 12 0
-0.004865 16 -12 0
0.004608 16 14 0
-0.000207 16 -14 0
-0.001023 16 16 0
-0.000389 16 -16 0
0.002715 17 1 0
-0.000986 17 -1 0
-0.003495 17 3 0
0.000942 17 -3 0
-0.010138 17 5 0
0.004590 17 -5 0
0.001500 17 7 0
0.004666 17 -7 0
0.009518 17 9 0
-0.004819 17 -9 0
0.003788 17 11 0
-0.006314 17 -11 0
0.000059 17 13 0
0.000696 17 -13 0
0.000483 17 15 0
-0.001421 17 -15 0
-0.002367 17 17 0
0.000019 17 -17 0
0.002769 18 0 0
-0.004483 18 2 0
0.001833 18 -2 0
0.002523 18 4 0
-0.004106 18 -4 0
-0.006824 18 6 0
-0.006931 18 -6 0
0.001191 18 8 0
0.005597 18 -8 0
0.010408 18 10 0
0.003745 18 -10 0
0.001268 18 12 0
-0.006086 18 -12 0
-0.000555 18 14 0
-0.000700 18 -14 0
-0.000659 18 16 0
-0.001509 18 -16 0
0.001759 18 18 0
0.002717 18 -18 0
-0.004527 19 1 0
0.006752 19 -1 0
-0.003433 19 3 0
0.000239 19 -3 0
0.010712 19 5 0
-0.004744 19 -5 0
-0.003654 19 7 0
-0.003930 19 -7 0
0.000201 19 9 0
0.002352 19 -9 0
0.004025 19 11 0
