0.173455 1 1 0
-0.169254 1 -1 0
0.057654 2 0 0
0.048248 2 2 0
-0.003149 2 -2 0
-0.158299 3 1 0
0.139652 3 -1 0
0.003347 3 3 0
0.000753 3 -3 0
-0.030697 4 0 0
-0.148843 4 2 0
-0.009227 4 -2 0
-0.003406 4 4 0
0.016812 4 -4 0
0.155508 5 1 0
-0.118644 5 -1 0
-0.061140 5 3 0
-0.065929 5 -3 0
-0.004948 5 5 0
-0.014784 5 -5 0
-0.046352 6 0 0
0.189255 6 2 0
0.018087 6 -2 0
0.013598 6 4 0
-0.061251 6 -4 0
0.019878 6 6 0
-0.004849 6 -6 0
-0.084391 7 1 0
0.063512 7 -1 0
0.078847 7 3 0
0.115384 7 -3 0
0.021645 7 5 0
-0.014762 7 -5 0
0.003069 7 7 0
-0.000419 7 -7 0
0.052797 8 0 0
-0.149046 8 2 0
-0.007254 8 -2 0
-0.011155 8 4 0
0.087616 8 -4 0
0.016112 8 6 0
0.001017 8 -6 0
-0.001151 8 8 0
0.007698 8 -8 0
-0.020701 9 1 0
0.015296 9 -1 0
-0.078206 9 3 0
-0.099129 9 -3 0
-0.032618 9 5 0
0.020555 9 -5 0
0.005181 9 7 0
0.002672 9 -7 0
0.002350 9 9 0
-0.003228 9 -9 0
-0.035759 10 0 0
0.070262 10 2 0
0.009875 10 -2 0
0.022237 10 4 0
-0.074131 10 -4 0
-0.022034 10 6 0
-0.005789 10 -6 0
0.002112 10 8 0
0.009604 10 -8 0
0.013911 10 10 0
0.010135 10 -10 0
0.025519 11 1 0
-0.027079 11 -1 0
0.048468 11 3 0
0.072079 11 -3 0
0.032799 11 5 0
-0.026549 11 -5 0
-0.008194 11 7 0
-0.015813 11 -7 0
-0.004134 11 9 0
-0.000147 11 -9 0
0.013216 11 11 0
-0.010253 11 -11 0
0.000643 12 0 0
-0.011091 12 2 0
0.000014 12 -2 0
-0.008271 12 4 0
0.060311 12 -4 0
0.021087 12 6 0
0.000707 12 -6 0
0.005086 12 8 0
-0.009767 12 -8 0
0.004398 12 10 0
0.002016 12 -10 0
-0.002848 12 12 0
-0.010608 12 -12 0
-0.027617 13 1 0
0.028232 13 -1 0
-0.029590 13 3 0
-0.029038 13 -3 0
-0.024472 13 5 0
0.013721 13 -5 0
0.004417 13 7 0
0.009476 13 -7 0
0.013095 13 9 0
-0.008130 13 -9 0
0.011626 13 11 0
-0.013379 13 -11 0
-0.001921 13 13 0
0.000220 13 -13 0
0.005459 14 0 0
-0.010566 14 2 0
0.002854 14 -2 0
0.009093 14 4 0
-0.034056 14 -4 0
-0.011932 14 6 0
-0.008423 14 -6 0
-0.000364 14 8 0
0.016626 14 -8 0
0.013834 14 10 0
0.005779 14 -10 0
-0.002292 14 12 0
-0.007790 14 -12 0
-0.001575 14 14 0
0.000051 14 -14 0
0.000866 15 1 0
-0.001470 15 -1 0
0.004151 15 3 0
0.013859 15 -3 0
0.023128 15 5 0
-0.014335 15 -5 0
-0.005979 15 7 0
-0.010179 15 -7 0
-0.006872 15 9 0
0.005263 15 -9 0
0.008556 15 11 0
-0.003356 15 -11 0
-0.000325 15 13 0
0.000385 15 -13 0
0.000718 15 15 0
-0.003381 15 -15 0
-0.009273 16 0 0
0.010016 16 2 0
0.000699 16 -2 0
-0.002534 16 4 0
0.020604 16 -4 0
0.010678 16 6 0
0.000882 16 -6 0
0.003928 16 8 0
-0.005857 16 -8 0
-0.003378 16 10 0
-0.000965 16 -10 0
-0.003207 16 12 0
-0.003406 16 -12 0
0.003876 16 14 0
0.001006 16 -14 0
0.001420 16 16 0
-0.002048 16 -16 0
0.001701 17 1 0
0.000496 17 -1 0
-0.002454 17 3 0
0.001359 17 -3 0
-0.010732 17 5 0
0.004141 17 -5 0
0.001495 17 7 0
0.003851 17 -7 0
0.009111 17 9 0
-0.006437 17 -9 0
0.000753 17 11 0
-0.008871 17 -11 0
0.000832 17 13 0
-0.000340 17 -13 0
0.001973 17 15 0
0.002459 17 -15 0
-0.002936 17 17 0
0.001593 17 -17 0
0.003583 18 0 0
-0.003502 18 2 0
0.003308 18 -2 0
0.003246 18 4 0
-0.004675 18 -4 0
-0.006808 18 6 0
-0.006135 18 -6 0
0.001011 18 8 0
0.006387 18 -8 0
0.010990 18 10 0
0.003972 18 -10 0
0.001795 18 12 0
-0.005278 18 -12 0
-0.002211 18 14 0
-0.000766 18 -14 0
0.005095 18 16 0
-0.002165 18 -16 0
0.005770 18 18 0
0.002703 18 -18 0
-0.004808 19 1 0
0.008424 19 -1 0
-0.003465 19 3 0
0.002009 19 -3 0
0.008935 19 5 0
-0.005938 19 -5 0
-0.004443 19 7 0
-0.003985 19 -7 0
0.000606 19 9 0
0.003580 19 -9 0
0.005558 19 11 0
