0.150372 1 1 0
-0.209564 1 -1 0
0.225361 2 0 0
0.042067 2 2 0
0.012197 2 -2 0
0.055576 3 1 0
-0.051984 3 -1 0
0.006030 3 3 0
0.004817 3 -3 0
-0.322705 4 0 0
-0.016192 4 2 0
-0.005072 4 -2 0
-0.008255 4 4 0
0.003013 4 -4 0
-0.080127 5 1 0
0.052458 5 -1 0
0.005201 5 3 0
0.009671 5 -3 0
-0.014485 5 5 0
0.000901 5 -5 0
0.385598 6 0 0
0.015908 6 2 0
0.021549 6 -2 0
0.011187 6 4 0
-0.023699 6 -4 0
0.000917 6 6 0
-0.001536 6 -6 0
0.150379 7 1 0
-0.102572 7 -1 0
0.012054 7 3 0
0.016944 7 -3 0
-0.005976 7 5 0
0.005136 7 -5 0
0.012014 7 7 0
-0.000467 7 -7 0
-0.281203 8 0 0
-0.025749 8 2 0
-0.010640 8 -2 0
0.004488 8 4 0
-0.001331 8 -4 0
-0.007972 8 6 0
-0.006841 8 -6 0
-0.016956 8 8 0
0.007837 8 -8 0
-0.117614 9 1 0
0.053029 9 -1 0
-0.002321 9 3 0
0.007165 9 -3 0
0.004006 9 5 0
0.003314 9 -5 0
0.014272 9 7 0
-0.000427 9 -7 0
0.012943 9 9 0
0.019047 9 -9 0
0.240906 10 0 0
0.026223 10 2 0
0.024755 10 -2 0
0.007412 10 4 0
-0.041916 10 -4 0
-0.007622 10 6 0
-0.003921 10 -6 0
-0.010687 10 8 0
0.006520 10 -8 0
0.001833 10 10 0
-0.017983 10 -10 0
0.122092 11 1 0
-0.076280 11 -1 0
0.017921 11 3 0
0.022348 11 -3 0
-0.018114 11 5 0
0.010399 11 -5 0
0.014590 11 7 0
0.008149 11 -7 0
0.008989 11 9 0
0.016098 11 -9 0
-0.000847 11 11 0
0.010712 11 -11 0
-0.110495 12 0 0
-0.025150 12 2 0
-0.006589 12 -2 0
0.003541 12 4 0
0.017620 12 -4 0
-0.007916 12 6 0
-0.007857 12 -6 0
-0.010563 12 8 0
0.011130 12 -8 0
0.000673 12 10 0
-0.014814 12 -10 0
-0.000401 12 12 0
-0.012768 12 -12 0
-0.059434 13 1 0
0.027170 13 -1 0
-0.006209 13 3 0
0.009203 13 -3 0
0.007992 13 5 0
0.001100 13 -5 0
0.009074 13 7 0
0.000917 13 -7 0
0.011973 13 9 0
0.014405 13 -9 0
0.005907 13 11 0
0.011129 13 -11 0
0.002028 13 13 0
0.016822 13 -13 0
0.096487 14 0 0
0.020812 14 2 0
0.011623 14 -2 0
0.003658 14 4 0
-0.045170 14 -4 0
-0.003836 14 6 0
-0.009335 14 -6 0
-0.006945 14 8 0
0.008024 14 -8 0
-0.002363 14 10 0
-0.013975 14 -10 0
-0.004733 14 12 0
-0.008403 14 -12 0
-0.003011 14 14 0
-0.005786 14 -14 0
0.061247 15 1 0
-0.041136 15 -1 0
0.020241 15 3 0
0.016719 15 -3 0
-0.018307 15 5 0
0.012146 15 -5 0
0.011402 15 7 0
0.005062 15 -7 0
0.006206 15 9 0
0.015477 15 -9 0
0.000569 15 11 0
0.007419 15 -11 0
-0.001759 15 13 0
0.010141 15 -13 0
-0.008336 15 15 0
0.003999 15 -15 0
-0.029064 16 0 0
-0.012823 16 2 0
-0.001079 16 -2 0
0.002420 16 4 0
0.014037 16 -4 0
-0.003594 16 6 0
-0.003035 16 -6 0
-0.005627 16 8 0
0.007585 16 -8 0
0.000827 16 10 0
-0.005183 16 -10 0
-0.002892 16 12 0
-0.008352 16 -12 0
-0.003109 16 14 0
-0.002697 16 -14 0
0.006393 16 16 0
0.016383 16 -16 0
-0.025175 17 1 0
0.010367 17 -1 0
-0.006537 17 3 0
0.003401 17 -3 0
0.007745 17 5 0
0.001112 17 -5 0
0.004955 17 7 0
0.001602 17 -7 0
0.005080 17 9 0
0.008126 17 -9 0
0.000822 17 11 0
0.006978 17 -11 0
0.000098 17 13 0
0.007796 17 -13 0
-0.005875 17 15 0
0.001087 17 -15 0
-0.004018 17 17 0
-0.001005 17 -17 0
0.033542 18 0 0
0.007595 18 2 0
0.008605 18 -2 0
0.003728 18 4 0
-0.019601 18 -4 0
-0.003477 18 6 0
-0.006153 18 -6 0
-0.001429 18 8 0
0.001424 18 -8 0
0.000633 18 10 0
-0.004231 18 -10 0
-0.004982 18 12 0
-0.002292 18 -12 0
-0.003555 18 14 0
-0.000309 18 -14 0
0.007091 18 16 0
0.007115 18 -16 0
0.004075 18 18 0
0.001859 18 -18 0
0.022935 19 1 0
-0.016263 19 -1 0
0.010585 19 3 0
0.006416 19 -3 0
-0.010528 19 5 0
0.001601 19 -5 0
0.002558 19 7 0
0.001936 19 -7 0
0.003117 19 9 0
0.006694 19 -9 0
-0.001834 19 11 0
