0.122916 1 1 0
-0.212955 1 -1 0
0.215100 2 0 0
0.043885 2 2 0
-0.004923 2 -2 0
0.055407 3 1 0
-0.032915 3 -1 0
0.012503 3 3 0
0.005166 3 -3 0
-0.316846 4 0 0
-0.012519 4 2 0
0.010367 4 -2 0
0.015101 4 4 0
0.001758 4 -4 0
-0.083194 5 1 0
0.042973 5 -1 0
0.007619 5 3 0
0.014652 5 -3 0
-0.007335 5 5 0
0.001154 5 -5 0
0.385270 6 0 0
0.017280 6 2 0
0.019314 6 -2 0
0.002545 6 4 0
-0.021744 6 -4 0
0.002620 6 6 0
-0.000399 6 -6 0
0.151952 7 1 0
-0.098283 7 -1 0
0.005794 7 3 0
0.014180 7 -3 0
0.000615 7 5 0
0.010386 7 -5 0
0.011673 7 7 0
0.001140 7 -7 0
-0.282099 8 0 0
-0.023229 8 2 0
-0.007979 8 -2 0
0.003294 8 4 0
-0.002855 8 -4 0
-0.019210 8 6 0
-0.004637 8 -6 0
-0.019509 8 8 0
0.004796 8 -8 0
-0.118692 9 1 0
0.047097 9 -1 0
-0.002774 9 3 0
0.007309 9 -3 0
0.003658 9 5 0
0.002420 9 -5 0
0.012040 9 7 0
-0.002263 9 -7 0
0.013101 9 9 0
0.010944 9 -9 0
0.239593 10 0 0
0.027483 10 2 0
0.025475 10 -2 0
0.003793 10 4 0
-0.043607 10 -4 0
-0.008077 10 6 0
-0.006399 10 -6 0
-0.013625 10 8 0
0.007119 10 -8 0
0.000398 10 10 0
-0.013281 10 -10 0
0.123944 11 1 0
-0.077175 11 -1 0
0.015061 11 3 0
0.021287 11 -3 0
-0.012265 11 5 0
0.013420 11 -5 0
0.008348 11 7 0
0.008178 11 -7 0
0.006035 11 9 0
0.013917 11 -9 0
-0.002019 11 11 0
0.008946 11 -11 0
-0.111152 12 0 0
-0.021683 12 2 0
-0.003081 12 -2 0
0.001450 12 4 0
0.017479 12 -4 0
-0.013630 12 6 0
-0.005794 12 -6 0
-0.012594 12 8 0
0.007707 12 -8 0
0.002143 12 10 0
-0.014260 12 -10 0
-0.004379 12 12 0
-0.018798 12 -12 0
-0.058620 13 1 0
0.024207 13 -1 0
-0.009807 13 3 0
0.010119 13 -3 0
0.011979 13 5 0
0.002357 13 -5 0
0.005822 13 7 0
-0.000124 13 -7 0
0.008944 13 9 0
0.010944 13 -9 0
0.002893 13 11 0
0.012373 13 -11 0
0.005001 13 13 0
0.018703 13 -13 0
0.094009 14 0 0
0.023474 14 2 0
0.013096 14 -2 0
0.002578 14 4 0
-0.047175 14 -4 0
-0.007088 14 6 0
-0.010147 14 -6 0
-0.007200 14 8 0
0.006883 14 -8 0
-0.000771 14 10 0
-0.012574 14 -10 0
-0.007481 14 12 0
-0.008444 14 -12 0
-0.003111 14 14 0
-0.009210 14 -14 0
0.061361 15 1 0
-0.042232 15 -1 0
0.019286 15 3 0
0.016270 15 -3 0
-0.016501 15 5 0
0.014330 15 -5 0
0.006461 15 7 0
0.004630 15 -7 0
0.003390 15 9 0
0.011891 15 -9 0
-0.002077 15 11 0
0.006097 15 -11 0
0.001288 15 13 0
0.011218 15 -13 0
-0.007373 15 15 0
0.005993 15 -15 0
-0.029398 16 0 0
-0.011859 16 2 0
0.000448 16 -2 0
0.001090 16 4 0
0.013001 16 -4 0
-0.003923 16 6 0
-0.002268 16 -6 0
-0.007271 16 8 0
0.006221 16 -8 0
0.002903 16 10 0
-0.004084 16 -10 0
-0.004473 16 12 0
-0.010691 16 -12 0
-0.002699 16 14 0
-0.004682 16 -14 0
0.007567 16 16 0
0.010685 16 -16 0
-0.023713 17 1 0
0.010917 17 -1 0
-0.007103 17 3 0
0.004669 17 -3 0
0.009724 17 5 0
0.002042 17 -5 0
0.001466 17 7 0
0.001370 17 -7 0
0.003424 17 9 0
0.004786 17 -9 0
-0.000297 17 11 0
0.005998 17 -11 0
0.001235 17 13 0
0.009528 17 -13 0
-0.006055 17 15 0
0.001660 17 -15 0
-0.003614 17 17 0
0.001087 17 -17 0
0.032226 18 0 0
0.009653 18 2 0
0.009248 18 -2 0
0.002801 18 4 0
-0.020674 18 -4 0
-0.004573 18 6 0
-0.005101 18 -6 0
-0.001026 18 8 0
0.002499 18 -8 0
0.000925 18 10 0
-0.003758 18 -10 0
-0.006563 18 12 0
-0.002306 18 -12 0
-0.003529 18 14 0
-0.001032 18 -14 0
0.007248 18 16 0
0.003410 18 -16 0
0.008358 18 18 0
0.000714 18 -18 0
0.022939 19 1 0
-0.016784 19 -1 0
0.010124 19 3 0
0.006317 19 -3 0
-0.008072 19 5 0
0.003526 19 -5 0
0.002143 19 7 0
0.000668 19 -7 0
0.001580 19 9 0
0.005323 19 -9 0
-0.003117 19 11 0
