0.102854 1 1 0
-0.205176 1 -1 0
0.207567 2 0 0
0.010122 2 2 0
0.036729 2 -2 0
0.069949 3 1 0
-0.044144 3 -1 0
0.001184 3 3 0
0.003742 3 -3 0
-0.325269 4 0 0
-0.000338 4 2 0
0.005221 4 -2 0
0.020428 4 4 0
0.017321 4 -4 0
-0.078840 5 1 0
0.054457 5 -1 0
0.004438 5 3 0
0.005906 5 -3 0
-0.005629 5 5 0
0.000957 5 -5 0
0.383393 6 0 0
0.013917 6 2 0
0.018932 6 -2 0
0.001507 6 4 0
-0.026305 6 -4 0
-0.000610 6 6 0
-0.005985 6 -6 0
0.148118 7 1 0
-0.101467 7 -1 0
0.009183 7 3 0
0.013163 7 -3 0
-0.011344 7 5 0
0.006963 7 -5 0
0.005045 7 7 0
-0.005863 7 -7 0
-0.280973 8 0 0
-0.022559 8 2 0
-0.010091 8 -2 0
0.007577 8 4 0
-0.001253 8 -4 0
-0.007750 8 6 0
-0.002756 8 -6 0
-0.019369 8 8 0
0.008278 8 -8 0
-0.121142 9 1 0
0.053185 9 -1 0
0.000761 9 3 0
0.006793 9 -3 0
0.002434 9 5 0
0.000133 9 -5 0
0.014351 9 7 0
-0.002009 9 -7 0
0.009219 9 9 0
0.012866 9 -9 0
0.239576 10 0 0
0.026576 10 2 0
0.023067 10 -2 0
0.006740 10 4 0
-0.040105 10 -4 0
-0.006188 10 6 0
-0.007125 10 -6 0
-0.009857 10 8 0
0.010067 10 -8 0
0.000875 10 10 0
-0.014624 10 -10 0
0.121526 11 1 0
-0.073443 11 -1 0
0.017969 11 3 0
0.019557 11 -3 0
-0.019397 11 5 0
0.011250 11 -5 0
0.010029 11 7 0
0.002743 11 -7 0
0.008765 11 9 0
0.016219 11 -9 0
0.002031 11 11 0
0.012253 11 -11 0
-0.111640 12 0 0
-0.021114 12 2 0
-0.008592 12 -2 0
0.004125 12 4 0
0.018734 12 -4 0
-0.007340 12 6 0
-0.009759 12 -6 0
-0.011922 12 8 0
0.011282 12 -8 0
-0.001954 12 10 0
-0.018415 12 -10 0
-0.004491 12 12 0
-0.017468 12 -12 0
-0.060726 13 1 0
0.025742 13 -1 0
-0.004930 13 3 0
0.008760 13 -3 0
0.005985 13 5 0
0.000169 13 -5 0
0.007326 13 7 0
-0.000229 13 -7 0
0.008013 13 9 0
0.013618 13 -9 0
0.005210 13 11 0
0.012866 13 -11 0
0.001935 13 13 0
0.019555 13 -13 0
0.095093 14 0 0
0.023628 14 2 0
0.008644 14 -2 0
0.003098 14 4 0
-0.045036 14 -4 0
-0.003691 14 6 0
-0.011993 14 -6 0
-0.004493 14 8 0
0.009540 14 -8 0
-0.002156 14 10 0
-0.016324 14 -10 0
-0.005500 14 12 0
-0.010839 14 -12 0
-0.005259 14 14 0
-0.008795 14 -14 0
0.059786 15 1 0
-0.039615 15 -1 0
0.022132 15 3 0
0.016335 15 -3 0
-0.019827 15 5 0
0.012320 15 -5 0
0.008400 15 7 0
0.002431 15 -7 0
0.004133 15 9 0
0.013481 15 -9 0
0.002181 15 11 0
0.006858 15 -11 0
-0.001623 15 13 0
0.010932 15 -13 0
-0.004779 15 15 0
0.005613 15 -15 0
-0.029589 16 0 0
-0.012361 16 2 0
-0.002050 16 -2 0
0.002144 16 4 0
0.013436 16 -4 0
-0.002722 16 6 0
-0.003746 16 -6 0
-0.005329 16 8 0
0.008154 16 -8 0
0.000703 16 10 0
-0.006426 16 -10 0
-0.004074 16 12 0
-0.010106 16 -12 0
-0.003259 16 14 0
-0.006628 16 -14 0
0.002220 16 16 0
0.009636 16 -16 0
-0.025112 17 1 0
0.010865 17 -1 0
-0.005594 17 3 0
0.003129 17 -3 0
0.006410 17 5 0
0.000908 17 -5 0
0.002049 17 7 0
-0.000035 17 -7 0
0.004589 17 9 0
0.007313 17 -9 0
0.000666 17 11 0
0.004788 17 -11 0
0.000166 17 13 0
0.009086 17 -13 0
-0.002931 17 15 0
0.000253 17 -15 0
-0.001595 17 17 0
0.004320 17 -17 0
0.032387 18 0 0
0.009069 18 2 0
0.008913 18 -2 0
0.002984 18 4 0
-0.019739 18 -4 0
-0.002663 18 6 0
-0.007007 18 -6 0
-0.000962 18 8 0
0.002326 18 -8 0
0.000688 18 10 0
-0.004296 18 -10 0
-0.004750 18 12 0
-0.002178 18 -12 0
-0.004114 18 14 0
-0.000920 18 -14 0
0.005825 18 16 0
0.005364 18 -16 0
0.006482 18 18 0
-0.002479 18 -18 0
0.023627 19 1 0
-0.015961 19 -1 0
0.011393 19 3 0
0.005978 19 -3 0
-0.010041 19 5 0
0.002554 19 -5 0
0.001029 19 7 0
0.000539 19 -7 0
0.001969 19 9 0
0.005904 19 -9 0
-0.002527 19 11 0
