-0.032947 1 1 0
0.415039 1 -1 0
-0.062804 2 0 0
-0.038840 2 2 0
-0.056561 2 -2 0
0.299068 3 1 0
-0.093103 3 -1 0
0.049159 3 3 0
-0.079214 3 -3 0
-0.152202 4 0 0
0.288313 4 2 0
0.215916 4 -2 0
0.031074 4 4 0
-0.021044 4 -4 0
0.070574 5 1 0
-0.011241 5 -1 0
-0.073251 5 3 0
0.266416 5 -3 0
-0.001782 5 5 0
0.072012 5 -5 0
0.044543 6 0 0
-0.080676 6 2 0
-0.078263 6 -2 0
-0.282037 6 4 0
0.047122 6 -4 0
0.006637 6 6 0
0.031692 6 -6 0
-0.099820 7 1 0
0.073228 7 -1 0
0.034188 7 3 0
-0.221946 7 -3 0
-0.135968 7 5 0
-0.157319 7 -5 0
0.016376 7 7 0
0.041755 7 -7 0
-0.007862 8 0 0
-0.026507 8 2 0
-0.016942 8 -2 0
0.137619 8 4 0
-0.066097 8 -4 0
0.092287 8 6 0
-0.148774 8 -6 0
-0.105012 8 8 0
0.057101 8 -8 0
0.101868 9 1 0
-0.042421 9 -1 0
-0.010667 9 3 0
0.008594 9 -3 0
0.057690 9 5 0
0.118827 9 -5 0
0.154081 9 7 0
0.034200 9 -7 0
-0.032721 9 9 0
-0.076752 9 -9 0
-0.055690 10 0 0
0.091094 10 2 0
0.040660 10 -2 0
-0.142235 10 4 0
0.022094 10 -4 0
-0.017587 10 6 0
0.064582 10 -6 0
-0.033048 10 8 0
0.116017 10 -8 0
0.067180 10 10 0
-0.020562 10 -10 0
0.044378 11 1 0
-0.030625 11 -1 0
0.003319 11 3 0
0.006410 11 -3 0
-0.099596 11 5 0
-0.095049 11 -5 0
-0.014535 11 7 0
0.012754 11 -7 0
-0.030294 11 9 0
-0.004166 11 -9 0
-0.046914 11 11 0
-0.097097 11 -11 0
0.000025 12 0 0
-0.014362 12 2 0
-0.001155 12 -2 0
-0.038400 12 4 0
-0.003636 12 -4 0
0.059795 12 6 0
-0.109573 12 -6 0
-0.063218 12 8 0
0.025928 12 -8 0
0.034589 12 10 0
0.020877 12 -10 0
0.130444 12 12 0
-0.082570 12 -12 0
0.009058 13 1 0
-0.005321 13 -1 0
-0.006236 13 3 0
-0.061520 13 -3 0
-0.013205 13 5 0
0.004368 13 -5 0
0.099789 13 7 0
0.006759 13 -7 0
-0.005023 13 9 0
-0.059075 13 -9 0
-0.053664 13 11 0
-0.076554 13 -11 0
-0.096941 13 13 0
0.054697 13 -13 0
-0.004808 14 0 0
0.010739 14 2 0
0.002177 14 -2 0
-0.019990 14 4 0
-0.010763 14 -4 0
-0.002216 14 6 0
0.009820 14 -6 0
-0.016133 14 8 0
0.091270 14 -8 0
0.055777 14 10 0
0.010650 14 -10 0
0.066669 14 12 0
-0.068029 14 -12 0
-0.009700 14 14 0
-0.040256 14 -14 0
0.026573 15 1 0
-0.033015 15 -1 0
0.007245 15 3 0
-0.007221 15 -3 0
-0.009390 15 5 0
-0.005763 15 -5 0
-0.011239 15 7 0
-0.007191 15 -7 0
-0.037527 15 9 0
-0.000885 15 -9 0
-0.015138 15 11 0
-0.034119 15 -11 0
-0.045945 15 13 0
0.024725 15 -13 0
-0.004256 15 15 0
0.027929 15 -15 0
-0.010536 16 0 0
0.016482 16 2 0
0.006977 16 -2 0
-0.030794 16 4 0
0.014941 16 -4 0
0.011122 16 6 0
-0.019084 16 -6 0
-0.023077 16 8 0
0.009870 16 -8 0
0.000872 16 10 0
0.004512 16 -10 0
0.038205 16 12 0
-0.017622 16 -12 0
-0.002225 16 14 0
-0.014293 16 -14 0
-0.045685 16 16 0
0.008865 16 -16 0
0.016356 17 1 0
-0.012797 17 -1 0
-0.002344 17 3 0
-0.004373 17 -3 0
-0.022945 17 5 0
-0.011430 17 -5 0
0.019418 17 7 0
-0.007151 17 -7 0
0.002339 17 9 0
-0.023142 17 -9 0
-0.017019 17 11 0
-0.036423 17 -11 0
-0.031420 17 13 0
0.014014 17 -13 0
-0.003522 17 15 0
0.015373 17 -15 0
0.001946 17 17 0
0.001003 17 -17 0
-0.001982 18 0 0
-0.000182 18 2 0
0.007922 18 -2 0
-0.015941 18 4 0
0.004001 18 -4 0
-0.002467 18 6 0
-0.013850 18 -6 0
-0.004801 18 8 0
0.025521 18 -8 0
0.021866 18 10 0
0.010774 18 -10 0
0.021270 18 12 0
-0.025109 18 -12 0
-0.014505 18 14 0
-0.007516 18 -14 0
-0.022883 18 16 0
0.006383 18 -16 0
0.009648 18 18 0
-0.002014 18 -18 0
0.004529 19 1 0
-0.006041 19 -1 0
-0.004219 19 3 0
-0.009123 19 -3 0
0.000171 19 5 0
-0.000926 19 -5 0
0.000387 19 7 0
-0.010120 19 -7 0
-0.014072 19 9 0
-0.000122 19 -9 0
-0.004697 19 11 0
