-0.055515 1 1 0
0.408929 1 -1 0
-0.097220 2 0 0
-0.065342 2 2 0
-0.025065 2 -2 0
0.310735 3 1 0
-0.096043 3 -1 0
0.026399 3 3 0
-0.085743 3 -3 0
-0.134482 4 0 0
0.308301 4 2 0
0.215259 4 -2 0
0.035828 4 4 0
-0.031973 4 -4 0
0.078763 5 1 0
-0.014986 5 -1 0
-0.067367 5 3 0
0.255217 5 -3 0
-0.011004 5 5 0
0.079095 5 -5 0
0.050245 6 0 0
-0.073352 6 2 0
-0.072637 6 -2 0
-0.265748 6 4 0
0.048478 6 -4 0
-0.004060 6 6 0
0.010855 6 -6 0
-0.082187 7 1 0
0.072497 7 -1 0
0.025672 7 3 0
-0.230459 7 -3 0
-0.150634 7 5 0
-0.159082 7 -5 0
0.031848 7 7 0
0.054819 7 -7 0
0.001998 8 0 0
-0.016973 8 2 0
-0.009772 8 -2 0
0.153216 8 4 0
-0.068550 8 -4 0
0.078354 8 6 0
-0.165522 8 -6 0
-0.105825 8 8 0
0.058868 8 -8 0
0.115451 9 1 0
-0.042564 9 -1 0
-0.014610 9 3 0
0.006958 9 -3 0
0.044418 9 5 0
0.118496 9 -5 0
0.169227 9 7 0
0.053148 9 -7 0
-0.029631 9 9 0
-0.099128 9 -9 0
-0.045858 10 0 0
0.096879 10 2 0
0.050178 10 -2 0
-0.126150 10 4 0
0.021133 10 -4 0
-0.026238 10 6 0
0.053524 10 -6 0
-0.034526 10 8 0
0.121687 10 -8 0
0.046325 10 10 0
-0.012457 10 -10 0
0.055419 11 1 0
-0.026206 11 -1 0
0.000147 11 3 0
0.007961 11 -3 0
-0.110196 11 5 0
-0.090664 11 -5 0
-0.001531 11 7 0
0.028513 11 -7 0
-0.027097 11 9 0
-0.014512 11 -9 0
-0.047841 11 11 0
-0.097582 11 -11 0
0.009814 12 0 0
-0.007872 12 2 0
0.006208 12 -2 0
-0.024754 12 4 0
-0.002934 12 -4 0
0.051737 12 6 0
-0.117304 12 -6 0
-0.062011 12 8 0
0.027963 12 -8 0
0.016838 12 10 0
0.028031 12 -10 0
0.159617 12 12 0
-0.100259 12 -12 0
0.019398 13 1 0
-0.001739 13 -1 0
-0.007542 13 3 0
-0.058473 13 -3 0
-0.021747 13 5 0
0.007019 13 -5 0
0.110556 13 7 0
0.021948 13 -7 0
-0.003963 13 9 0
-0.065419 13 -9 0
-0.053525 13 11 0
-0.076122 13 -11 0
-0.117344 13 13 0
0.056910 13 -13 0
0.000757 14 0 0
0.012178 14 2 0
0.008965 14 -2 0
-0.009212 14 4 0
-0.011456 14 -4 0
-0.007759 14 6 0
0.005598 14 -6 0
-0.014850 14 8 0
0.093189 14 -8 0
0.044591 14 10 0
0.014875 14 -10 0
0.086833 14 12 0
-0.078007 14 -12 0
-0.021692 14 14 0
-0.036885 14 -14 0
0.032861 15 1 0
-0.027089 15 -1 0
0.006489 15 3 0
-0.003697 15 -3 0
-0.013975 15 5 0
-0.004217 15 -5 0
-0.004801 15 7 0
0.003383 15 -7 0
-0.037109 15 9 0
-0.001048 15 -9 0
-0.012898 15 11 0
-0.033107 15 -11 0
-0.055237 15 13 0
0.025078 15 -13 0
-0.006600 15 15 0
0.030174 15 -15 0
-0.004877 16 0 0
0.019506 16 2 0
0.009981 16 -2 0
-0.024392 16 4 0
0.015216 16 -4 0
0.008930 16 6 0
-0.019151 16 -6 0
-0.021413 16 8 0
0.010865 16 -8 0
-0.003768 16 10 0
0.007088 16 -10 0
0.049753 16 12 0
-0.022216 16 -12 0
-0.007674 16 14 0
-0.012377 16 -14 0
-0.039730 16 16 0
0.018148 16 -16 0
0.021206 17 1 0
-0.009540 17 -1 0
-0.002617 17 3 0
-0.000266 17 -3 0
-0.027167 17 5 0
-0.011312 17 -5 0
0.023966 17 7 0
-0.000771 17 -7 0
0.002110 17 9 0
-0.021831 17 -9 0
-0.017194 17 11 0
-0.035952 17 -11 0
-0.035990 17 13 0
0.013844 17 -13 0
-0.004311 17 15 0
0.014502 17 -15 0
0.000361 17 17 0
0.002922 17 -17 0
0.000039 18 0 0
-0.000074 18 2 0
0.009707 18 -2 0
-0.011973 18 4 0
0.002505 18 -4 0
-0.004626 18 6 0
-0.013943 18 -6 0
-0.004954 18 8 0
0.024889 18 -8 0
0.019677 18 10 0
0.012108 18 -10 0
0.025302 18 12 0
-0.026530 18 -12 0
-0.017294 18 14 0
-0.006292 18 -14 0
-0.019680 18 16 0
0.013174 18 -16 0
0.014292 18 18 0
0.000621 18 -18 0
0.006523 19 1 0
-0.003151 19 -1 0
-0.003276 19 3 0
-0.006568 19 -3 0
-0.002433 19 5 0
-0.001828 19 -5 0
0.000849 19 7 0
-0.007292 19 -7 0
-0.015460 19 9 0
0.000075 19 -9 0
-0.002612 19 11 0
