-0.018815 1 1 0
0.458195 1 -1 0
-0.059088 2 0 0
-0.072742 2 2 0
-0.084512 2 -2 0
0.315738 3 1 0
-0.109315 3 -1 0
0.025874 3 3 0
-0.082598 3 -3 0
-0.166953 4 0 0
0.307755 4 2 0
0.228753 4 -2 0
0.033739 4 4 0
-0.025648 4 -4 0
0.070816 5 1 0
-0.010736 5 -1 0
-0.066206 5 3 0
0.271029 5 -3 0
-0.012638 5 5 0
0.064091 5 -5 0
0.029842 6 0 0
-0.073478 6 2 0
-0.069080 6 -2 0
-0.288487 6 4 0
0.041220 6 -4 0
0.008579 6 6 0
0.024853 6 -6 0
-0.099603 7 1 0
0.073472 7 -1 0
0.032740 7 3 0
-0.223217 7 -3 0
-0.143482 7 5 0
-0.156834 7 -5 0
0.025313 7 7 0
0.046130 7 -7 0
-0.022003 8 0 0
-0.018323 8 2 0
0.000450 8 -2 0
0.134449 8 4 0
-0.069138 8 -4 0
0.096997 8 6 0
-0.159237 8 -6 0
-0.109049 8 8 0
0.072909 8 -8 0
0.106414 9 1 0
-0.047045 9 -1 0
-0.006112 9 3 0
0.011807 9 -3 0
0.049243 9 5 0
0.117738 9 -5 0
0.163087 9 7 0
0.039808 9 -7 0
-0.032703 9 9 0
-0.089084 9 -9 0
-0.065431 10 0 0
0.095265 10 2 0
0.053068 10 -2 0
-0.143287 10 4 0
0.016327 10 -4 0
-0.013943 10 6 0
0.057542 10 -6 0
-0.035586 10 8 0
0.131648 10 -8 0
0.066040 10 10 0
-0.029395 10 -10 0
0.046555 11 1 0
-0.030888 11 -1 0
0.005419 11 3 0
0.007575 11 -3 0
-0.105920 11 5 0
-0.092064 11 -5 0
-0.005549 11 7 0
0.020249 11 -7 0
-0.029028 11 9 0
-0.011990 11 -9 0
-0.059949 11 11 0
-0.100421 11 -11 0
-0.007474 12 0 0
-0.008919 12 2 0
0.009431 12 -2 0
-0.039383 12 4 0
-0.004966 12 -4 0
0.062707 12 6 0
-0.115908 12 -6 0
-0.065521 12 8 0
0.033532 12 -8 0
0.032429 12 10 0
0.011816 12 -10 0
0.150057 12 12 0
-0.059142 12 -12 0
0.013458 13 1 0
-0.005578 13 -1 0
-0.003344 13 3 0
-0.058875 13 -3 0
-0.016854 13 5 0
0.004743 13 -5 0
0.108171 13 7 0
0.017048 13 -7 0
-0.004203 13 9 0
-0.061096 13 -9 0
-0.062783 13 11 0
-0.076901 13 -11 0
-0.088278 13 13 0
0.040995 13 -13 0
-0.009435 14 0 0
0.012737 14 2 0
0.009964 14 -2 0
-0.019258 14 4 0
-0.014287 14 -4 0
0.000309 14 6 0
0.006345 14 -6 0
-0.014226 14 8 0
0.097122 14 -8 0
0.054056 14 10 0
0.004746 14 -10 0
0.080908 14 12 0
-0.054972 14 -12 0
-0.042518 14 14 0
-0.019909 14 -14 0
0.028961 15 1 0
-0.031201 15 -1 0
0.010157 15 3 0
-0.006166 15 -3 0
-0.012478 15 5 0
-0.004431 15 -5 0
-0.006749 15 7 0
0.001867 15 -7 0
-0.038341 15 9 0
-0.000777 15 -9 0
-0.017623 15 11 0
-0.033612 15 -11 0
-0.041879 15 13 0
0.017202 15 -13 0
0.009085 15 15 0
0.039695 15 -15 0
-0.012139 16 0 0
0.017976 16 2 0
0.010516 16 -2 0
-0.029210 16 4 0
0.012363 16 -4 0
0.011218 16 6 0
-0.020853 16 -6 0
-0.022196 16 8 0
0.010700 16 -8 0
0.001000 16 10 0
0.001173 16 -10 0
0.046435 16 12 0
-0.012596 16 -12 0
-0.015579 16 14 0
-0.003411 16 -14 0
-0.043973 16 16 0
-0.000401 16 -16 0
0.017477 17 1 0
-0.012028 17 -1 0
-0.000589 17 3 0
-0.002728 17 -3 0
-0.025532 17 5 0
-0.011233 17 -5 0
0.022430 17 7 0
-0.001586 17 -7 0
0.003104 17 9 0
-0.021206 17 -9 0
-0.018743 17 11 0
-0.036102 17 -11 0
-0.028596 17 13 0
0.012665 17 -13 0
0.000864 17 15 0
0.016889 17 -15 0
-0.000315 17 17 0
0.004416 17 -17 0
-0.003208 18 0 0
-0.001360 18 2 0
0.011033 18 -2 0
-0.014343 18 4 0
0.001887 18 -4 0
-0.001597 18 6 0
-0.012343 18 -6 0
-0.004106 18 8 0
0.026798 18 -8 0
0.022117 18 10 0
0.008546 18 -10 0
0.023208 18 12 0
-0.023147 18 -12 0
-0.019460 18 14 0
-0.003021 18 -14 0
-0.022439 18 16 0
0.004298 18 -16 0
0.010748 18 18 0
-0.002356 18 -18 0
0.006639 19 1 0
-0.006433 19 -1 0
-0.001752 19 3 0
-0.007682 19 -3 0
-0.002348 19 5 0
-0.001445 19 -5 0
0.000420 19 7 0
-0.006051 19 -7 0
-0.014095 19 9 0
0.001491 19 -9 0
-0.004332 19 11 0
