0.084256 1 1 0
-0.115440 1 -1 0
0.021650 2 0 0
-0.001086 2 2 0
0.043312 2 -2 0
-0.064886 3 1 0
-0.019750 3 -1 0
0.001694 3 3 0
0.000354 3 -3 0
-0.069060 4 0 0
0.025929 4 2 0
-0.011668 4 -2 0
-0.040558 4 4 0
0.025726 4 -4 0
0.113249 5 1 0
0.040720 5 -1 0
-0.007021 5 3 0
0.009685 5 -3 0
-0.002317 5 5 0
-0.026524 5 -5 0
0.010102 6 0 0
-0.005654 6 2 0
0.056413 6 -2 0
-0.041866 6 4 0
0.021427 6 -4 0
-0.045951 6 6 0
0.004643 6 -6 0
-0.097972 7 1 0
-0.018870 7 -1 0
-0.053150 7 3 0
0.005105 7 -3 0
-0.003771 7 5 0
-0.033679 7 -5 0
0.047531 7 7 0
0.008555 7 -7 0
-0.032998 8 0 0
0.036703 8 2 0
-0.053316 8 -2 0
-0.039175 8 4 0
0.021784 8 -4 0
-0.040802 8 6 0
0.003978 8 -6 0
-0.030939 8 8 0
-0.020018 8 -8 0
0.075864 9 1 0
0.022116 9 -1 0
0.009847 9 3 0
0.017840 9 -3 0
-0.004490 9 5 0
-0.023169 9 -5 0
0.049924 9 7 0
-0.000617 9 -7 0
0.017524 9 9 0
0.025050 9 -9 0
-0.028128 10 0 0
-0.003784 10 2 0
0.057673 10 -2 0
-0.048248 10 4 0
0.031424 10 -4 0
-0.038466 10 6 0
-0.002738 10 -6 0
-0.016641 10 8 0
-0.012521 10 -8 0
0.007908 10 10 0
-0.029466 10 -10 0
-0.031490 11 1 0
0.001729 11 -1 0
-0.051547 11 3 0
-0.005390 11 -3 0
-0.001128 11 5 0
-0.023409 11 -5 0
0.041776 11 7 0
0.008721 11 -7 0
0.012984 11 9 0
0.016575 11 -9 0
0.001295 11 11 0
0.013356 11 -11 0
-0.010401 12 0 0
0.026554 12 2 0
-0.028856 12 -2 0
-0.027756 12 4 0
0.003283 12 -4 0
-0.029840 12 6 0
0.002979 12 -6 0
-0.017636 12 8 0
-0.013474 12 -8 0
0.005766 12 10 0
-0.018880 12 -10 0
0.011619 12 12 0
-0.006780 12 -12 0
0.018670 13 1 0
0.008067 13 -1 0
0.006875 13 3 0
0.019118 13 -3 0
0.000638 13 5 0
-0.015673 13 -5 0
0.028495 13 7 0
0.001858 13 -7 0
0.007490 13 9 0
0.014119 13 -9 0
-0.001918 13 11 0
0.002692 13 -11 0
-0.006320 13 13 0
0.017147 13 -13 0
-0.023362 14 0 0
0.001670 14 2 0
0.017331 14 -2 0
-0.029800 14 4 0
0.025029 14 -4 0
-0.021397 14 6 0
-0.004150 14 -6 0
-0.007139 14 8 0
-0.011491 14 -8 0
0.008245 14 10 0
-0.015898 14 -10 0
0.013525 14 12 0
-0.006787 14 -12 0
0.009599 14 14 0
-0.004544 14 -14 0
0.000950 15 1 0
0.008184 15 -1 0
-0.023930 15 3 0
-0.004799 15 -3 0
-0.007974 15 5 0
-0.014911 15 -5 0
0.027014 15 7 0
0.003854 15 -7 0
0.006580 15 9 0
0.010020 15 -9 0
0.002873 15 11 0
0.005807 15 -11 0
-0.004517 15 13 0
0.011071 15 -13 0
-0.005920 15 15 0
0.007910 15 -15 0
-0.003587 16 0 0
0.009280 16 2 0
-0.004799 16 -2 0
-0.010665 16 4 0
-0.002217 16 -4 0
-0.010693 16 6 0
0.001018 16 -6 0
-0.006904 16 8 0
-0.004429 16 -8 0
0.003788 16 10 0
-0.009280 16 -10 0
0.006838 16 12 0
-0.000957 16 -12 0
0.005346 16 14 0
-0.000084 16 -14 0
0.005959 16 16 0
-0.002353 16 -16 0
0.002674 17 1 0
0.000666 17 -1 0
-0.001095 17 3 0
0.006341 17 -3 0
0.003216 17 5 0
-0.004259 17 -5 0
0.009117 17 7 0
-0.000990 17 -7 0
0.002595 17 9 0
0.003809 17 -9 0
-0.001638 17 11 0
0.000435 17 -11 0
-0.003936 17 13 0
0.005277 17 -13 0
-0.004290 17 15 0
0.000928 17 -15 0
-0.003126 17 17 0
0.001727 17 -17 0
-0.008290 18 0 0
0.001595 18 2 0
0.003130 18 -2 0
-0.011326 18 4 0
0.010563 18 -4 0
-0.008107 18 6 0
-0.001778 18 -6 0
-0.001069 18 8 0
-0.003575 18 -8 0
0.004057 18 10 0
-0.005098 18 -10 0
0.004712 18 12 0
-0.000329 18 -12 0
0.003670 18 14 0
0.000568 18 -14 0
0.001421 18 16 0
-0.001777 18 -16 0
0.002035 18 18 0
-0.000486 18 -18 0
0.003607 19 1 0
0.005223 19 -1 0
-0.008735 19 3 0
-0.003985 19 -3 0
-0.005557 19 5 0
-0.007373 19 -5 0
0.008072 19 7 0
0.001572 19 -7 0
0.001727 19 9 0
0.000646 19 -9 0
-0.001092 19 11 0
