-0.026031 1 1 0
0.004208 1 -1 0
0.012060 2 0 0
-0.001148 2 2 0
0.049330 2 -2 0
-0.041917 3 1 0
-0.010781 3 -1 0
-0.007713 3 3 0
0.013311 3 -3 0
-0.067597 4 0 0
0.049360 4 2 0
-0.043037 4 -2 0
-0.025156 4 4 0
0.020063 4 -4 0
0.116630 5 1 0
0.045290 5 -1 0
-0.000120 5 3 0
-0.003187 5 -3 0
-0.004012 5 5 0
-0.020626 5 -5 0
-0.001476 6 0 0
0.011776 6 2 0
0.054157 6 -2 0
-0.023377 6 4 0
0.017885 6 -4 0
-0.030138 6 6 0
0.005143 6 -6 0
-0.092223 7 1 0
0.002151 7 -1 0
-0.039361 7 3 0
-0.011754 7 -3 0
-0.019067 7 5 0
-0.036580 7 -5 0
0.022137 7 7 0
0.013837 7 -7 0
-0.034292 8 0 0
0.054445 8 2 0
-0.066550 8 -2 0
-0.014764 8 4 0
0.013916 8 -4 0
-0.025992 8 6 0
0.004306 8 -6 0
-0.012691 8 8 0
-0.009153 8 -8 0
0.078380 9 1 0
0.025282 9 -1 0
0.012623 9 3 0
0.003862 9 -3 0
-0.010551 9 5 0
-0.031758 9 -5 0
0.019827 9 7 0
0.008873 9 -7 0
0.012957 9 9 0
0.007498 9 -9 0
-0.033759 10 0 0
0.013897 10 2 0
0.047252 10 -2 0
-0.027571 10 4 0
0.030939 10 -4 0
-0.030768 10 6 0
0.002898 10 -6 0
0.000146 10 8 0
-0.005008 10 -8 0
0.024310 10 10 0
-0.009903 10 -10 0
-0.028767 11 1 0
0.013254 11 -1 0
-0.042801 11 3 0
-0.016837 11 -3 0
-0.013561 11 5 0
-0.028664 11 -5 0
0.019516 11 7 0
0.007684 11 -7 0
0.012643 11 9 0
0.010156 11 -9 0
0.009865 11 11 0
-0.012001 11 -11 0
-0.011053 12 0 0
0.038492 12 2 0
-0.033207 12 -2 0
-0.011340 12 4 0
0.001199 12 -4 0
-0.020540 12 6 0
0.006943 12 -6 0
-0.003021 12 8 0
-0.007400 12 -8 0
0.021452 12 10 0
-0.002236 12 -10 0
0.020533 12 12 0
0.002126 12 -12 0
0.021642 13 1 0
0.012614 13 -1 0
0.010616 13 3 0
0.005111 13 -3 0
-0.005991 13 5 0
-0.022474 13 -5 0
0.009622 13 7 0
0.006067 13 -7 0
0.009903 13 9 0
0.005520 13 -9 0
0.010454 13 11 0
-0.013449 13 -11 0
-0.008871 13 13 0
0.002083 13 -13 0
-0.025216 14 0 0
0.009006 14 2 0
0.013346 14 -2 0
-0.016787 14 4 0
0.025606 14 -4 0
-0.015270 14 6 0
-0.000032 14 -6 0
0.000994 14 8 0
-0.008152 14 -8 0
0.016890 14 10 0
-0.004155 14 -10 0
0.017630 14 12 0
-0.000134 14 -12 0
0.002158 14 14 0
0.005836 14 -14 0
0.000802 15 1 0
0.012151 15 -1 0
-0.020928 15 3 0
-0.010778 15 -3 0
-0.010730 15 5 0
-0.018696 15 -5 0
0.012490 15 7 0
0.004158 15 -7 0
0.006525 15 9 0
0.003554 15 -9 0
0.008313 15 11 0
-0.006936 15 -11 0
-0.003566 15 13 0
-0.001357 15 -13 0
-0.006388 15 15 0
0.000518 15 -15 0
-0.004007 16 0 0
0.013800 16 2 0
-0.006840 16 -2 0
-0.004178 16 4 0
-0.003440 16 -4 0
-0.008838 16 6 0
0.001721 16 -6 0
-0.000575 16 8 0
-0.003225 16 -8 0
0.010859 16 10 0
-0.000567 16 -10 0
0.009833 16 12 0
0.000805 16 -12 0
0.002643 16 14 0
0.004659 16 -14 0
0.005023 16 16 0
-0.000407 16 -16 0
0.003040 17 1 0
0.004671 17 -1 0
0.001018 17 3 0
0.001922 17 -3 0
-0.000182 17 5 0
-0.006056 17 -5 0
0.003472 17 7 0
0.000511 17 -7 0
0.003370 17 9 0
0.001663 17 -9 0
0.003823 17 11 0
-0.006412 17 -11 0
-0.002954 17 13 0
0.000724 17 -13 0
-0.003735 17 15 0
-0.003240 17 -15 0
-0.000184 17 17 0
0.003207 17 -17 0
-0.008823 18 0 0
0.003088 18 2 0
0.000824 18 -2 0
-0.007364 18 4 0
0.012153 18 -4 0
-0.004450 18 6 0
0.000059 18 -6 0
0.001500 18 8 0
-0.003565 18 -8 0
0.005996 18 10 0
-0.001566 18 -10 0
0.005869 18 12 0
-0.000317 18 -12 0
0.001257 18 14 0
0.002629 18 -14 0
0.000929 18 16 0
0.001809 18 -16 0
0.004949 18 18 0
0.001441 18 -18 0
0.002157 19 1 0
0.006111 19 -1 0
-0.007171 19 3 0
-0.005036 19 -3 0
-0.007367 19 5 0
-0.007962 19 -5 0
0.003680 19 7 0
0.002302 19 -7 0
0.001728 19 9 0
-0.001109 19 -9 0
0.002513 19 11 0
