-0.050928 1 1 0
-0.052826 1 -1 0
0.025320 2 0 0
0.021757 2 2 0
0.011333 2 -2 0
-0.047572 3 1 0
-0.014109 3 -1 0
-0.016042 3 3 0
0.005453 3 -3 0
-0.076384 4 0 0
0.030701 4 2 0
-0.041889 4 -2 0
-0.006755 4 4 0
0.028352 4 -4 0
0.118442 5 1 0
0.019068 5 -1 0
0.006424 5 3 0
0.001787 5 -3 0
0.016175 5 5 0
-0.012542 5 -5 0
-0.001960 6 0 0
0.008563 6 2 0
0.063129 6 -2 0
-0.011240 6 4 0
0.024127 6 -4 0
-0.020837 6 6 0
0.011403 6 -6 0
-0.091093 7 1 0
-0.020215 7 -1 0
-0.032281 7 3 0
0.004059 7 -3 0
0.006667 7 5 0
-0.016503 7 -5 0
0.052569 7 7 0
0.011478 7 -7 0
-0.040220 8 0 0
0.050204 8 2 0
-0.072104 8 -2 0
-0.009835 8 4 0
0.021143 8 -4 0
-0.019865 8 6 0
0.013293 8 -6 0
-0.006219 8 8 0
-0.022442 8 -8 0
0.079500 9 1 0
0.007386 9 -1 0
0.021651 9 3 0
0.016388 9 -3 0
0.009710 9 5 0
-0.014138 9 -5 0
0.047114 9 7 0
0.011056 9 -7 0
0.035221 9 9 0
0.015908 9 -9 0
-0.039003 10 0 0
0.006767 10 2 0
0.049428 10 -2 0
-0.017940 10 4 0
0.034725 10 -4 0
-0.021100 10 6 0
0.006439 10 -6 0
0.001055 10 8 0
-0.021394 10 -8 0
0.017889 10 10 0
-0.022899 10 -10 0
-0.026859 11 1 0
-0.004414 11 -1 0
-0.038641 11 3 0
-0.007077 11 -3 0
0.007200 11 5 0
-0.012485 11 -5 0
0.046189 11 7 0
0.012222 11 -7 0
0.034854 11 9 0
0.014330 11 -9 0
0.020788 11 11 0
0.009171 11 -11 0
-0.015481 12 0 0
0.036139 12 2 0
-0.036261 12 -2 0
-0.003685 12 4 0
0.003672 12 -4 0
-0.013557 12 6 0
0.010296 12 -6 0
-0.002205 12 8 0
-0.018117 12 -8 0
0.015449 12 10 0
-0.014914 12 -10 0
0.016249 12 12 0
-0.007170 12 -12 0
0.021374 13 1 0
-0.000920 13 -1 0
0.015785 13 3 0
0.014918 13 -3 0
0.008293 13 5 0
-0.009128 13 -5 0
0.029559 13 7 0
0.008425 13 -7 0
0.024165 13 9 0
0.010401 13 -9 0
0.017641 13 11 0
0.002648 13 -11 0
-0.005445 13 13 0
0.015341 13 -13 0
-0.028719 14 0 0
0.007210 14 2 0
0.012292 14 -2 0
-0.013581 14 4 0
0.026180 14 -4 0
-0.010694 14 6 0
0.001007 14 -6 0
0.004080 14 8 0
-0.014725 14 -8 0
0.012878 14 10 0
-0.012746 14 -10 0
0.012681 14 12 0
-0.005705 14 -12 0
0.003521 14 14 0
0.001071 14 -14 0
0.002975 15 1 0
0.001926 15 -1 0
-0.018624 15 3 0
-0.004937 15 -3 0
-0.000188 15 5 0
-0.010239 15 -5 0
0.026531 15 7 0
0.007728 15 -7 0
0.017481 15 9 0
0.006529 15 -9 0
0.015585 15 11 0
0.003197 15 -11 0
-0.001065 15 13 0
0.009307 15 -13 0
-0.009560 15 15 0
0.003729 15 -15 0
-0.005641 16 0 0
0.011777 16 2 0
-0.008227 16 -2 0
-0.000517 16 4 0
-0.002000 16 -4 0
-0.004888 16 6 0
0.002686 16 -6 0
-0.000003 16 8 0
-0.005698 16 -8 0
0.007526 16 10 0
-0.006768 16 -10 0
0.007374 16 12 0
-0.002033 16 -12 0
0.000380 16 14 0
0.001528 16 -14 0
0.003443 16 16 0
-0.003818 16 -16 0
0.002193 17 1 0
-0.001568 17 -1 0
0.003171 17 3 0
0.005026 17 -3 0
0.005186 17 5 0
-0.002184 17 -5 0
0.011453 17 7 0
0.002012 17 -7 0
0.009206 17 9 0
0.003193 17 -9 0
0.007402 17 11 0
-0.001317 17 -11 0
-0.000912 17 13 0
0.005206 17 -13 0
-0.003228 17 15 0
0.000269 17 -15 0
-0.002384 17 17 0
0.000768 17 -17 0
-0.010045 18 0 0
0.002825 18 2 0
-0.000311 18 -2 0
-0.005806 18 4 0
0.012767 18 -4 0
-0.005359 18 6 0
0.000006 18 -6 0
0.002328 18 8 0
-0.004035 18 -8 0
0.003278 18 10 0
-0.003540 18 -10 0
0.004636 18 12 0
-0.001425 18 -12 0
0.003030 18 14 0
0.001688 18 -14 0
-0.000499 18 16 0
-0.001962 18 -16 0
0.001515 18 18 0
0.001185 18 -18 0
0.003683 19 1 0
0.001989 19 -1 0
-0.006499 19 3 0
-0.003372 19 -3 0
-0.005132 19 5 0
-0.005308 19 -5 0
0.007524 19 7 0
0.003551 19 -7 0
0.005306 19 9 0
0.000186 19 -9 0
0.004620 19 11 0
