-0.063747 1 1 0
-0.076891 1 -1 0
-0.086438 2 0 0
0.042199 2 2 0
-0.000306 2 -2 0
0.111078 3 1 0
0.153520 3 -1 0
-0.001993 3 3 0
0.009897 3 -3 0
0.034960 4 0 0
-0.125158 4 2 0
-0.034134 4 -2 0
0.002620 4 4 0
0.003673 4 -4 0
-0.095393 5 1 0
-0.117001 5 -1 0
0.097321 5 3 0
-0.031826 5 -3 0
0.038115 5 5 0
-0.026715 5 -5 0
0.056527 6 0 0
0.205547 6 2 0
0.079343 6 -2 0
-0.031293 6 4 0
0.036866 6 -4 0
-0.004296 6 6 0
-0.023182 6 -6 0
0.033881 7 1 0
0.063466 7 -1 0
-0.130939 7 3 0
0.053446 7 -3 0
0.038540 7 5 0
-0.061984 7 -5 0
0.067312 7 7 0
-0.001733 7 -7 0
-0.048677 8 0 0
-0.096119 8 2 0
-0.019782 8 -2 0
0.054218 8 4 0
-0.070727 8 -4 0
0.004473 8 6 0
-0.020938 8 -6 0
0.023497 8 8 0
-0.006255 8 -8 0
0.023523 9 1 0
0.039950 9 -1 0
0.114748 9 3 0
-0.039679 9 -3 0
0.042169 9 5 0
0.020488 9 -5 0
0.051264 9 7 0
-0.011477 9 -7 0
-0.017997 9 9 0
0.024432 9 -9 0
0.036302 10 0 0
0.074437 10 2 0
0.030876 10 -2 0
-0.047597 10 4 0
0.059288 10 -4 0
-0.025988 10 6 0
-0.049953 10 -6 0
0.038281 10 8 0
-0.010448 10 -8 0
0.024548 10 10 0
0.017705 10 -10 0
-0.034544 11 1 0
-0.026422 11 -1 0
-0.072151 11 3 0
0.030812 11 -3 0
0.036695 11 5 0
-0.068319 11 -5 0
0.075038 11 7 0
-0.000983 11 -7 0
-0.017267 11 9 0
0.026645 11 -9 0
-0.038259 11 11 0
-0.004171 11 -11 0
0.007526 12 0 0
0.026622 12 2 0
0.013050 12 -2 0
0.035070 12 4 0
-0.057663 12 -4 0
0.007139 12 6 0
-0.007072 12 -6 0
0.014455 12 8 0
0.000395 12 -8 0
0.016133 12 10 0
0.012756 12 -10 0
-0.004508 12 12 0
0.011522 12 -12 0
0.019605 13 1 0
0.032654 13 -1 0
0.027576 13 3 0
-0.011520 13 -3 0
0.027531 13 5 0
0.017947 13 -5 0
0.029452 13 7 0
-0.008705 13 -7 0
-0.014459 13 9 0
0.008760 13 -9 0
-0.026793 13 11 0
-0.003497 13 -11 0
0.004897 13 13 0
0.007595 13 -13 0
-0.006403 14 0 0
-0.003766 14 2 0
0.007999 14 -2 0
-0.018993 14 4 0
0.027433 14 -4 0
-0.018914 14 6 0
-0.037430 14 -6 0
0.030455 14 8 0
-0.009572 14 -8 0
0.020563 14 10 0
0.018095 14 -10 0
-0.005620 14 12 0
0.005128 14 -12 0
-0.005817 14 14 0
0.000210 14 -14 0
-0.003575 15 1 0
0.004696 15 -1 0
-0.004942 15 3 0
0.000209 15 -3 0
0.016769 15 5 0
-0.042160 15 -5 0
0.046172 15 7 0
0.000229 15 -7 0
-0.013031 15 9 0
0.021431 15 -9 0
-0.023438 15 11 0
-0.002850 15 -11 0
0.004509 15 13 0
0.001504 15 -13 0
0.000890 15 15 0
0.004054 15 -15 0
0.011159 16 0 0
0.022785 16 2 0
0.007247 16 -2 0
0.008178 16 4 0
-0.018376 16 -4 0
0.005654 16 6 0
-0.000617 16 -6 0
0.004436 16 8 0
0.000321 16 -8 0
0.005957 16 10 0
0.001445 16 -10 0
0.000715 16 12 0
0.005244 16 -12 0
-0.003088 16 14 0
0.003310 16 -14 0
0.003446 16 16 0
0.005055 16 -16 0
-0.002124 17 1 0
-0.002859 17 -1 0
-0.005785 17 3 0
0.000422 17 -3 0
0.009673 17 5 0
0.007668 17 -5 0
0.010805 17 7 0
-0.005863 17 -7 0
-0.004038 17 9 0
0.003380 17 -9 0
-0.007633 17 11 0
-0.000792 17 -11 0
0.001061 17 13 0
0.004293 17 -13 0
-0.001437 17 15 0
-0.000554 17 -15 0
-0.001866 17 17 0
0.002093 17 -17 0
-0.002365 18 0 0
-0.001067 18 2 0
0.005260 18 -2 0
-0.003421 18 4 0
0.002451 18 -4 0
-0.010686 18 6 0
-0.018820 18 -6 0
0.014285 18 8 0
-0.004007 18 -8 0
0.009159 18 10 0
0.008277 18 -10 0
-0.003189 18 12 0
0.002390 18 -12 0
0.001107 18 14 0
0.000013 18 -14 0
0.001865 18 16 0
0.001411 18 -16 0
0.001005 18 18 0
-0.000756 18 -18 0
0.004539 19 1 0
0.006913 19 -1 0
0.002042 19 3 0
-0.003881 19 -3 0
0.003265 19 5 0
-0.012685 19 -5 0
0.019088 19 7 0
0.003828 19 -7 0
-0.005977 19 9 0
0.006331 19 -9 0
-0.010542 19 11 0
