0.038406 1 1 0
-0.091461 1 -1 0
-0.075056 2 0 0
0.033016 2 2 0
0.049731 2 -2 0
0.093311 3 1 0
0.175999 3 -1 0
-0.023300 3 3 0
-0.017516 3 -3 0
0.030885 4 0 0
-0.099292 4 2 0
-0.036763 4 -2 0
0.015525 4 4 0
-0.000410 4 -4 0
-0.101834 5 1 0
-0.110335 5 -1 0
0.098258 5 3 0
-0.036578 5 -3 0
0.042432 5 5 0
-0.018952 5 -5 0
0.054076 6 0 0
0.210721 6 2 0
0.080089 6 -2 0
-0.037056 6 4 0
0.047622 6 -4 0
-0.016543 6 6 0
-0.022183 6 -6 0
0.025497 7 1 0
0.067792 7 -1 0
-0.130158 7 3 0
0.038166 7 -3 0
0.056716 7 5 0
-0.075191 7 -5 0
0.069936 7 7 0
0.007160 7 -7 0
-0.052590 8 0 0
-0.089685 8 2 0
-0.021665 8 -2 0
0.049245 8 4 0
-0.072567 8 -4 0
0.000032 8 6 0
-0.019116 8 -6 0
0.024163 8 8 0
-0.010471 8 -8 0
0.017725 9 1 0
0.044130 9 -1 0
0.121673 9 3 0
-0.051792 9 -3 0
0.050037 9 5 0
0.015434 9 -5 0
0.064024 9 7 0
0.004099 9 -7 0
-0.023131 9 9 0
0.028477 9 -9 0
0.035541 10 0 0
0.081780 10 2 0
0.032814 10 -2 0
-0.051508 10 4 0
0.066370 10 -4 0
-0.034783 10 6 0
-0.048227 10 -6 0
0.032334 10 8 0
-0.007180 10 -8 0
0.022562 10 10 0
0.004873 10 -10 0
-0.041348 11 1 0
-0.020266 11 -1 0
-0.069996 11 3 0
0.020476 11 -3 0
0.047160 11 5 0
-0.075355 11 -5 0
0.078438 11 7 0
0.004404 11 -7 0
-0.026908 11 9 0
0.031948 11 -9 0
-0.034781 11 11 0
-0.006282 11 -11 0
0.005810 12 0 0
0.032909 12 2 0
0.013857 12 -2 0
0.032729 12 4 0
-0.057020 12 -4 0
0.002358 12 6 0
-0.006385 12 -6 0
0.015320 12 8 0
-0.000724 12 -8 0
0.021430 12 10 0
0.000516 12 -10 0
0.002697 12 12 0
-0.003266 12 -12 0
0.016510 13 1 0
0.035500 13 -1 0
0.031620 13 3 0
-0.017178 13 -3 0
0.036003 13 5 0
0.014490 13 -5 0
0.036567 13 7 0
0.000883 13 -7 0
-0.019252 13 9 0
0.014626 13 -9 0
-0.024721 13 11 0
-0.002808 13 -11 0
0.005168 13 13 0
-0.000575 13 -13 0
-0.007164 14 0 0
0.000561 14 2 0
0.007377 14 -2 0
-0.022324 14 4 0
0.029538 14 -4 0
-0.022475 14 6 0
-0.036032 14 -6 0
0.027473 14 8 0
-0.009194 14 -8 0
0.020655 14 10 0
0.011817 14 -10 0
0.003066 14 12 0
-0.000053 14 -12 0
-0.006605 14 14 0
0.001970 14 -14 0
-0.007094 15 1 0
0.008012 15 -1 0
-0.001922 15 3 0
-0.005295 15 -3 0
0.024271 15 5 0
-0.044283 15 -5 0
0.049545 15 7 0
0.004550 15 -7 0
-0.017657 15 9 0
0.022846 15 -9 0
-0.021005 15 11 0
-0.003020 15 -11 0
0.002520 15 13 0
-0.000323 15 -13 0
0.007334 15 15 0
0.000845 15 -15 0
0.010342 16 0 0
0.026080 16 2 0
0.008304 16 -2 0
0.008125 16 4 0
-0.016368 16 -4 0
0.001758 16 6 0
0.002007 16 -6 0
0.005560 16 8 0
0.000173 16 -8 0
0.007027 16 10 0
-0.002090 16 -10 0
0.002822 16 12 0
0.000884 16 -12 0
-0.005077 16 14 0
0.004115 16 -14 0
0.003160 16 16 0
0.003835 16 -16 0
-0.003006 17 1 0
-0.001435 17 -1 0
-0.003774 17 3 0
-0.002476 17 -3 0
0.014169 17 5 0
0.005183 17 -5 0
0.011330 17 7 0
-0.001807 17 -7 0
-0.008248 17 9 0
0.004865 17 -9 0
-0.007021 17 11 0
-0.001372 17 -11 0
0.001040 17 13 0
0.002503 17 -13 0
0.000868 17 15 0
-0.002643 17 -15 0
-0.001382 17 17 0
0.000817 17 -17 0
-0.001019 18 0 0
0.001522 18 2 0
0.004834 18 -2 0
-0.003093 18 4 0
0.003091 18 -4 0
-0.010675 18 6 0
-0.019488 18 -6 0
0.013278 18 8 0
-0.003557 18 -8 0
0.009129 18 10 0
0.005299 18 -10 0
0.000166 18 12 0
-0.000409 18 -12 0
-0.000526 18 14 0
0.000128 18 -14 0
0.001945 18 16 0
0.001552 18 -16 0
0.004125 18 18 0
-0.002180 18 -18 0
0.003670 19 1 0
0.008462 19 -1 0
0.005333 19 3 0
-0.005195 19 -3 0
0.005493 19 5 0
-0.012614 19 -5 0
0.021775 19 7 0
0.004458 19 -7 0
-0.006961 19 9 0
0.008243 19 -9 0
-0.008313 19 11 0
