0.043824 1 1 0
-0.136732 1 -1 0
-0.091789 2 0 0
-0.006849 2 2 0
0.024253 2 -2 0
0.086634 3 1 0
0.166863 3 -1 0
-0.001174 3 3 0
0.000763 3 -3 0
0.022587 4 0 0
-0.075569 4 2 0
-0.019828 4 -2 0
0.002731 4 4 0
0.007588 4 -4 0
-0.096585 5 1 0
-0.107604 5 -1 0
0.088924 5 3 0
-0.041523 5 -3 0
0.023278 5 5 0
-0.024012 5 -5 0
0.058179 6 0 0
0.214749 6 2 0
0.079522 6 -2 0
-0.035056 6 4 0
0.051015 6 -4 0
-0.029424 6 6 0
-0.031479 6 -6 0
0.030955 7 1 0
0.072807 7 -1 0
-0.139614 7 3 0
0.047289 7 -3 0
0.041653 7 5 0
-0.081962 7 -5 0
0.065294 7 7 0
0.002874 7 -7 0
-0.051460 8 0 0
-0.078137 8 2 0
-0.010805 8 -2 0
0.049674 8 4 0
-0.065162 8 -4 0
-0.018841 8 6 0
-0.022022 8 -6 0
0.012107 8 8 0
-0.012841 8 -8 0
0.023002 9 1 0
0.054101 9 -1 0
0.116055 9 3 0
-0.051532 9 -3 0
0.035935 9 5 0
0.010927 9 -5 0
0.057469 9 7 0
-0.003227 9 -7 0
-0.014242 9 9 0
0.032157 9 -9 0
0.035027 10 0 0
0.090678 10 2 0
0.034228 10 -2 0
-0.048825 10 4 0
0.069995 10 -4 0
-0.047423 10 6 0
-0.048982 10 -6 0
0.027857 10 8 0
-0.016071 10 -8 0
0.020468 10 10 0
0.007163 10 -10 0
-0.037693 11 1 0
-0.018343 11 -1 0
-0.079768 11 3 0
0.025702 11 -3 0
0.037817 11 5 0
-0.077776 11 -5 0
0.071609 11 7 0
0.003228 11 -7 0
-0.013885 11 9 0
0.036524 11 -9 0
-0.027469 11 11 0
-0.006048 11 -11 0
0.005345 12 0 0
0.040373 12 2 0
0.017052 12 -2 0
0.035627 12 4 0
-0.052022 12 -4 0
-0.009416 12 6 0
-0.007256 12 -6 0
0.006399 12 8 0
-0.006732 12 -8 0
0.015632 12 10 0
0.001741 12 -10 0
0.006291 12 12 0
-0.003755 12 -12 0
0.019620 13 1 0
0.041407 13 -1 0
0.027120 13 3 0
-0.015378 13 -3 0
0.025522 13 5 0
0.010405 13 -5 0
0.032871 13 7 0
-0.001560 13 -7 0
-0.012304 13 9 0
0.016124 13 -9 0
-0.018001 13 11 0
-0.003757 13 -11 0
0.010748 13 13 0
0.004606 13 -13 0
-0.007135 14 0 0
0.006488 14 2 0
0.009052 14 -2 0
-0.020347 14 4 0
0.032300 14 -4 0
-0.030772 14 6 0
-0.038752 14 -6 0
0.023773 14 8 0
-0.014794 14 -8 0
0.020780 14 10 0
0.011353 14 -10 0
0.002558 14 12 0
-0.003113 14 -12 0
-0.010300 14 14 0
0.005309 14 -14 0
-0.004606 15 1 0
0.008879 15 -1 0
-0.006732 15 3 0
-0.003190 15 -3 0
0.016539 15 5 0
-0.044799 15 -5 0
0.046206 15 7 0
0.002065 15 -7 0
-0.011350 15 9 0
0.027192 15 -9 0
-0.017332 15 11 0
-0.003824 15 -11 0
0.005702 15 13 0
0.001444 15 -13 0
0.005362 15 15 0
0.004333 15 -15 0
0.010251 16 0 0
0.027996 16 2 0
0.008605 16 -2 0
0.008813 16 4 0
-0.014029 16 -4 0
-0.002868 16 6 0
-0.000076 16 -6 0
0.003057 16 8 0
-0.003658 16 -8 0
0.004974 16 10 0
-0.001195 16 -10 0
0.004997 16 12 0
0.000062 16 -12 0
-0.005779 16 14 0
0.003526 16 -14 0
0.004578 16 16 0
0.004949 16 -16 0
-0.001894 17 1 0
0.001377 17 -1 0
-0.006728 17 3 0
-0.000293 17 -3 0
0.009540 17 5 0
0.004971 17 -5 0
0.010662 17 7 0
-0.003508 17 -7 0
-0.004079 17 9 0
0.006393 17 -9 0
-0.005057 17 11 0
-0.001746 17 -11 0
0.003810 17 13 0
0.004491 17 -13 0
-0.000576 17 15 0
-0.000118 17 -15 0
0.000095 17 17 0
0.004645 17 -17 0
-0.001386 18 0 0
0.002146 18 2 0
0.004571 18 -2 0
-0.001713 18 4 0
0.004236 18 -4 0
-0.013872 18 6 0
-0.019299 18 -6 0
0.010846 18 8 0
-0.005462 18 -8 0
0.009619 18 10 0
0.005666 18 -10 0
0.000574 18 12 0
-0.000904 18 -12 0
-0.001800 18 14 0
0.002744 18 -14 0
0.001653 18 16 0
0.002160 18 -16 0
0.005432 18 18 0
-0.000099 18 -18 0
0.003339 19 1 0
0.008899 19 -1 0
0.002619 19 3 0
-0.005365 19 -3 0
0.003521 19 5 0
-0.013028 19 -5 0
0.020774 19 7 0
0.003600 19 -7 0
-0.006704 19 9 0
0.008027 19 -9 0
-0.008533 19 11 0
