0.147360 1 1 0
-0.200702 1 -1 0
0.092938 2 0 0
-0.093868 2 2 0
0.023662 2 -2 0
0.205985 3 1 0
0.210759 3 -1 0
0.011760 3 3 0
0.045426 3 -3 0
-0.012081 4 0 0
0.224857 4 2 0
-0.065476 4 -2 0
0.001517 4 4 0
0.019273 4 -4 0
-0.165676 5 1 0
-0.103013 5 -1 0
0.063526 5 3 0
-0.154133 5 -3 0
0.034600 5 5 0
-0.014883 5 -5 0
-0.104720 6 0 0
-0.251100 6 2 0
0.061075 6 -2 0
-0.046820 6 4 0
-0.092330 6 -4 0
-0.005081 6 6 0
-0.008207 6 -6 0
0.019174 7 1 0
0.045336 7 -1 0
-0.076540 7 3 0
0.202488 7 -3 0
-0.047482 7 5 0
-0.019919 7 -5 0
0.014511 7 7 0
-0.020042 7 -7 0
0.069937 8 0 0
0.150396 8 2 0
-0.054755 8 -2 0
0.060455 8 4 0
0.136398 8 -4 0
-0.023787 8 6 0
0.003340 8 -6 0
0.041936 8 8 0
0.016875 8 -8 0
0.074627 9 1 0
0.093059 9 -1 0
0.081285 9 3 0
-0.147506 9 -3 0
0.099551 9 5 0
0.011122 9 -5 0
0.012403 9 7 0
0.002893 9 -7 0
-0.007293 9 9 0
-0.014286 9 -9 0
-0.033603 10 0 0
-0.022449 10 2 0
0.004270 10 -2 0
-0.065838 10 4 0
-0.110747 10 -4 0
0.036481 10 6 0
-0.041948 10 -6 0
0.057995 10 8 0
0.015492 10 -8 0
0.018817 10 10 0
0.036346 10 -10 0
-0.052366 11 1 0
-0.023588 11 -1 0
-0.026482 11 3 0
0.078854 11 -3 0
-0.065751 11 5 0
-0.016204 11 -5 0
0.013186 11 7 0
-0.045680 11 -7 0
0.010025 11 9 0
-0.008707 11 -9 0
-0.007988 11 11 0
-0.020450 11 -11 0
-0.023964 12 0 0
-0.039854 12 2 0
-0.008674 12 -2 0
0.035788 12 4 0
0.083446 12 -4 0
-0.033030 12 6 0
0.021318 12 -6 0
0.020960 12 8 0
-0.006019 12 -8 0
0.027051 12 10 0
0.020320 12 -10 0
-0.006354 12 12 0
-0.003361 12 -12 0
0.022299 13 1 0
0.034121 13 -1 0
0.015864 13 3 0
-0.012470 13 -3 0
0.065352 13 5 0
0.006972 13 -5 0
0.009704 13 7 0
0.011638 13 -7 0
-0.015789 13 9 0
-0.010279 13 -9 0
-0.007838 13 11 0
-0.027978 13 -11 0
0.032875 13 13 0
-0.003456 13 -13 0
0.009514 14 0 0
0.031699 14 2 0
-0.002480 14 -2 0
-0.020179 14 4 0
-0.026110 14 -4 0
0.029821 14 6 0
-0.037313 14 -6 0
0.045003 14 8 0
0.017502 14 -8 0
0.003199 14 10 0
0.029512 14 -10 0
-0.007982 14 12 0
-0.005311 14 -12 0
-0.000807 14 14 0
-0.014945 14 -14 0
0.013154 15 1 0
0.021512 15 -1 0
0.018498 15 3 0
-0.004323 15 -3 0
-0.029758 15 5 0
-0.009546 15 -5 0
0.002201 15 7 0
-0.035858 15 -7 0
0.017091 15 9 0
-0.008290 15 -9 0
-0.004768 15 11 0
-0.004657 15 -11 0
0.015021 15 13 0
-0.002063 15 -13 0
0.007964 15 15 0
-0.000730 15 -15 0
-0.011820 16 0 0
-0.014880 16 2 0
-0.005906 16 -2 0
0.004014 16 4 0
0.012091 16 -4 0
-0.015214 16 6 0
0.010147 16 -6 0
0.002626 16 8 0
-0.004441 16 -8 0
0.013179 16 10 0
0.005019 16 -10 0
0.000890 16 12 0
-0.000425 16 -12 0
0.000599 16 14 0
-0.009071 16 -14 0
0.013042 16 16 0
-0.005672 16 -16 0
-0.006494 17 1 0
-0.002898 17 -1 0
-0.003702 17 3 0
0.008679 17 -3 0
0.018367 17 5 0
0.002925 17 -5 0
0.005718 17 7 0
0.008153 17 -7 0
-0.008273 17 9 0
-0.001906 17 -9 0
-0.003657 17 11 0
-0.017675 17 -11 0
0.011655 17 13 0
-0.003095 17 -13 0
0.005406 17 15 0
0.000319 17 -15 0
-0.000332 17 17 0
0.002489 17 -17 0
-0.004041 18 0 0
-0.005338 18 2 0
0.003366 18 -2 0
-0.003627 18 4 0
0.007364 18 -4 0
0.010361 18 6 0
-0.013046 18 -6 0
0.016702 18 8 0
0.003036 18 -8 0
-0.003850 18 10 0
0.014217 18 -10 0
-0.007299 18 12 0
-0.004917 18 -12 0
0.001347 18 14 0
-0.003195 18 -14 0
0.008454 18 16 0
0.000295 18 -16 0
0.001484 18 18 0
0.002604 18 -18 0
0.008920 19 1 0
0.008404 19 -1 0
0.012036 19 3 0
-0.002117 19 -3 0
-0.004623 19 5 0
0.000032 19 -5 0
0.000343 19 7 0
-0.015027 19 -7 0
0.006957 19 9 0
-0.004699 19 -9 0
-0.000784 19 11 0
