0.099645 1 1 0
-0.168504 1 -1 0
0.065380 2 0 0
-0.089215 2 2 0
0.070084 2 -2 0
0.209497 3 1 0
0.204568 3 -1 0
0.015584 3 3 0
0.005048 3 -3 0
-0.006974 4 0 0
0.244873 4 2 0
-0.078616 4 -2 0
0.001804 4 4 0
0.019532 4 -4 0
-0.173484 5 1 0
-0.104569 5 -1 0
0.072998 5 3 0
-0.144714 5 -3 0
0.035168 5 5 0
-0.000375 5 -5 0
-0.113108 6 0 0
-0.253894 6 2 0
0.053839 6 -2 0
-0.053739 6 4 0
-0.098394 6 -4 0
0.008133 6 6 0
-0.012574 6 -6 0
0.024802 7 1 0
0.051617 7 -1 0
-0.070622 7 3 0
0.204484 7 -3 0
-0.041718 7 5 0
-0.020538 7 -5 0
0.027601 7 7 0
-0.024431 7 -7 0
0.061624 8 0 0
0.149236 8 2 0
-0.045200 8 -2 0
0.061141 8 4 0
0.126281 8 -4 0
-0.022151 8 6 0
0.002328 8 -6 0
0.050732 8 8 0
0.015171 8 -8 0
0.075791 9 1 0
0.093260 9 -1 0
0.088837 9 3 0
-0.149659 9 -3 0
0.104102 9 5 0
0.010217 9 -5 0
0.020105 9 7 0
0.005697 9 -7 0
-0.004074 9 9 0
-0.019831 9 -9 0
-0.038740 10 0 0
-0.019037 10 2 0
0.003067 10 -2 0
-0.065762 10 4 0
-0.113261 10 -4 0
0.043969 10 6 0
-0.040051 10 -6 0
0.065353 10 8 0
0.016142 10 -8 0
0.028947 10 10 0
0.047988 10 -10 0
-0.054420 11 1 0
-0.023102 11 -1 0
-0.019888 11 3 0
0.081667 11 -3 0
-0.066333 11 5 0
-0.014789 11 -5 0
0.021554 11 7 0
-0.047188 11 -7 0
0.015253 11 9 0
-0.013268 11 -9 0
0.003413 11 11 0
-0.028220 11 -11 0
-0.030524 12 0 0
-0.038272 12 2 0
-0.004504 12 -2 0
0.031685 12 4 0
0.079155 12 -4 0
-0.027718 12 6 0
0.023194 12 -6 0
0.029341 12 8 0
-0.006355 12 -8 0
0.033691 12 10 0
0.028782 12 -10 0
-0.003668 12 12 0
0.001123 12 -12 0
0.021691 13 1 0
0.035609 13 -1 0
0.020286 13 3 0
-0.013419 13 -3 0
0.069464 13 5 0
0.008229 13 -5 0
0.017982 13 7 0
0.015641 13 -7 0
-0.013736 13 9 0
-0.013576 13 -9 0
0.005518 13 11 0
-0.033993 13 -11 0
0.032415 13 13 0
-0.004789 13 -13 0
0.004348 14 0 0
0.033122 14 2 0
-0.001101 14 -2 0
-0.020745 14 4 0
-0.029416 14 -4 0
0.033220 14 6 0
-0.036631 14 -6 0
0.048070 14 8 0
0.013878 14 -8 0
0.007996 14 10 0
0.036624 14 -10 0
-0.009817 14 12 0
-0.005809 14 -12 0
0.002231 14 14 0
-0.012966 14 -14 0
0.014212 15 1 0
0.022777 15 -1 0
0.022005 15 3 0
-0.003694 15 -3 0
-0.028552 15 5 0
-0.008335 15 -5 0
0.006945 15 7 0
-0.035537 15 -7 0
0.019170 15 9 0
-0.010009 15 -9 0
0.004157 15 11 0
-0.007365 15 -11 0
0.016473 15 13 0
-0.003140 15 -13 0
0.010209 15 15 0
-0.003241 15 -15 0
-0.014819 16 0 0
-0.013275 16 2 0
-0.002549 16 -2 0
0.003256 16 4 0
0.008527 16 -4 0
-0.012268 16 6 0
0.012111 16 -6 0
0.006592 16 8 0
-0.003856 16 -8 0
0.016709 16 10 0
0.009750 16 -10 0
0.000794 16 12 0
-0.000328 16 -12 0
0.003080 16 14 0
-0.010105 16 -14 0
0.014011 16 16 0
-0.008912 16 -16 0
-0.008259 17 1 0
-0.001003 17 -1 0
-0.001176 17 3 0
0.009592 17 -3 0
0.018373 17 5 0
0.003458 17 -5 0
0.008565 17 7 0
0.008029 17 -7 0
-0.008551 17 9 0
-0.002074 17 -9 0
0.000996 17 11 0
-0.018624 17 -11 0
0.011975 17 13 0
-0.002986 17 -13 0
0.007067 17 15 0
-0.002939 17 -15 0
-0.001776 17 17 0
0.008538 17 -17 0
-0.005818 18 0 0
-0.004497 18 2 0
0.003026 18 -2 0
-0.005455 18 4 0
0.007061 18 -4 0
0.012171 18 6 0
-0.012731 18 -6 0
0.019405 18 8 0
0.002143 18 -8 0
-0.001318 18 10 0
0.017914 18 -10 0
-0.009559 18 12 0
-0.004249 18 -12 0
0.002246 18 14 0
-0.004972 18 -14 0
0.008644 18 16 0
-0.004318 18 -16 0
0.001050 18 18 0
-0.002248 18 -18 0
0.009505 19 1 0
0.008523 19 -1 0
0.011245 19 3 0
-0.002298 19 -3 0
-0.004037 19 5 0
0.000086 19 -5 0
0.000554 19 7 0
-0.014306 19 -7 0
0.009542 19 9 0
-0.003951 19 -9 0
0.001984 19 11 0
