0.129000 1 1 0
-0.223307 1 -1 0
0.072252 2 0 0
-0.114101 2 2 0
0.055238 2 -2 0
0.213263 3 1 0
0.221927 3 -1 0
0.005916 3 3 0
0.010483 3 -3 0
-0.006394 4 0 0
0.239015 4 2 0
-0.064445 4 -2 0
0.020092 4 4 0
0.020393 4 -4 0
-0.164703 5 1 0
-0.104216 5 -1 0
0.075484 5 3 0
-0.142528 5 -3 0
0.036399 5 5 0
-0.013108 5 -5 0
-0.107992 6 0 0
-0.250385 6 2 0
0.049850 6 -2 0
-0.052813 6 4 0
-0.096896 6 -4 0
0.010222 6 6 0
-0.015604 6 -6 0
0.020609 7 1 0
0.037131 7 -1 0
-0.079638 7 3 0
0.203848 7 -3 0
-0.037968 7 5 0
-0.016454 7 -5 0
0.028253 7 7 0
-0.010761 7 -7 0
0.067483 8 0 0
0.155854 8 2 0
-0.043553 8 -2 0
0.064968 8 4 0
0.137124 8 -4 0
-0.021911 8 6 0
0.001597 8 -6 0
0.039120 8 8 0
0.018294 8 -8 0
0.075860 9 1 0
0.088186 9 -1 0
0.081435 9 3 0
-0.149817 9 -3 0
0.104805 9 5 0
0.014828 9 -5 0
0.024640 9 7 0
0.010713 9 -7 0
0.008771 9 9 0
-0.017115 9 -9 0
-0.033408 10 0 0
-0.018226 10 2 0
0.002132 10 -2 0
-0.063078 10 4 0
-0.112825 10 -4 0
0.043328 10 6 0
-0.040885 10 -6 0
0.052697 10 8 0
0.017853 10 -8 0
0.028767 10 10 0
0.032409 10 -10 0
-0.051594 11 1 0
-0.031035 11 -1 0
-0.028103 11 3 0
0.079256 11 -3 0
-0.061862 11 5 0
-0.015441 11 -5 0
0.023306 11 7 0
-0.038982 11 -7 0
0.023855 11 9 0
-0.013206 11 -9 0
0.006719 11 11 0
-0.019109 11 -11 0
-0.026234 12 0 0
-0.035709 12 2 0
-0.007231 12 -2 0
0.036053 12 4 0
0.085342 12 -4 0
-0.027571 12 6 0
0.018291 12 -6 0
0.020123 12 8 0
-0.001320 12 -8 0
0.035011 12 10 0
0.016878 12 -10 0
0.011494 12 12 0
-0.003557 12 -12 0
0.023407 13 1 0
0.030438 13 -1 0
0.014759 13 3 0
-0.014032 13 -3 0
0.068705 13 5 0
0.009777 13 -5 0
0.016349 13 7 0
0.018783 13 -7 0
-0.004598 13 9 0
-0.014975 13 -9 0
0.001998 13 11 0
-0.029213 13 -11 0
0.035074 13 13 0
0.001121 13 -13 0
0.008198 14 0 0
0.033427 14 2 0
-0.002275 14 -2 0
-0.017996 14 4 0
-0.026333 14 -4 0
0.034212 14 6 0
-0.038616 14 -6 0
0.040732 14 8 0
0.016643 14 -8 0
0.008490 14 10 0
0.025086 14 -10 0
0.001142 14 12 0
-0.006229 14 -12 0
0.007822 14 14 0
-0.018576 14 -14 0
0.015686 15 1 0
0.017409 15 -1 0
0.017491 15 3 0
-0.005016 15 -3 0
-0.028076 15 5 0
-0.008752 15 -5 0
0.006372 15 7 0
-0.031042 15 -7 0
0.024180 15 9 0
-0.010732 15 -9 0
0.003488 15 11 0
-0.003618 15 -11 0
0.018729 15 13 0
0.000144 15 -13 0
0.013620 15 15 0
0.002895 15 -15 0
-0.013429 16 0 0
-0.014224 16 2 0
-0.006414 16 -2 0
0.003860 16 4 0
0.009963 16 -4 0
-0.011669 16 6 0
0.008962 16 -6 0
0.003797 16 8 0
-0.002911 16 -8 0
0.015318 16 10 0
0.003244 16 -10 0
0.007086 16 12 0
-0.001075 16 -12 0
0.007687 16 14 0
-0.011826 16 -14 0
0.012317 16 16 0
-0.005428 16 -16 0
-0.007557 17 1 0
-0.004674 17 -1 0
-0.004917 17 3 0
0.008669 17 -3 0
0.018204 17 5 0
0.004620 17 -5 0
0.007427 17 7 0
0.009985 17 -7 0
-0.005338 17 9 0
-0.002997 17 -9 0
0.001743 17 11 0
-0.015248 17 -11 0
0.012568 17 13 0
-0.003212 17 -13 0
0.006102 17 15 0
0.001274 17 -15 0
-0.000529 17 17 0
0.000753 17 -17 0
-0.004695 18 0 0
-0.006020 18 2 0
0.003456 18 -2 0
-0.004560 18 4 0
0.008034 18 -4 0
0.013423 18 6 0
-0.012414 18 -6 0
0.014884 18 8 0
0.002016 18 -8 0
-0.002109 18 10 0
0.012649 18 -10 0
-0.005187 18 12 0
-0.005949 18 -12 0
0.003904 18 14 0
-0.004606 18 -14 0
0.009339 18 16 0
-0.002682 18 -16 0
0.004560 18 18 0
0.001331 18 -18 0
0.010282 19 1 0
0.006430 19 -1 0
0.009297 19 3 0
-0.001479 19 -3 0
-0.004806 19 5 0
-0.000205 19 -5 0
-0.000998 19 7 0
-0.013051 19 -7 0
0.010988 19 9 0
-0.005194 19 -9 0
0.001771 19 11 0
