0.107192 1 1 0
0.012392 1 -1 0
-0.157571 2 0 0
0.045265 2 2 0
-0.002508 2 -2 0
-0.035382 3 1 0
-0.179923 3 -1 0
0.022619 3 3 0
0.006198 3 -3 0
0.127385 4 0 0
-0.041270 4 2 0
-0.098294 4 -2 0
0.003384 4 4 0
-0.003003 4 -4 0
0.051022 5 1 0
0.281315 5 -1 0
-0.029001 5 3 0
-0.032659 5 -3 0
0.007955 5 5 0
-0.002076 5 -5 0
-0.053050 6 0 0
0.044909 6 2 0
0.160149 6 -2 0
-0.016913 6 4 0
-0.014386 6 -4 0
-0.002429 6 6 0
0.005322 6 -6 0
-0.026825 7 1 0
-0.223040 7 -1 0
0.046267 7 3 0
0.087295 7 -3 0
-0.015979 7 5 0
-0.009681 7 -5 0
0.005841 7 7 0
-0.002152 7 -7 0
-0.008377 8 0 0
-0.072377 8 2 0
-0.164690 8 -2 0
0.016411 8 4 0
0.025175 8 -4 0
0.000036 8 6 0
0.008948 8 -6 0
-0.006996 8 8 0
0.010283 8 -8 0
0.025419 9 1 0
0.147666 9 -1 0
-0.038994 9 3 0
-0.075826 9 -3 0
0.001301 9 5 0
0.003486 9 -5 0
0.003458 9 7 0
-0.003489 9 -7 0
0.003571 9 9 0
0.002016 9 -9 0
0.037798 10 0 0
0.040695 10 2 0
0.115522 10 -2 0
-0.032320 10 4 0
-0.036618 10 -4 0
-0.000798 10 6 0
-0.000895 10 -6 0
-0.000237 10 8 0
0.017618 10 -8 0
-0.005993 10 10 0
-0.003243 10 -10 0
0.005684 11 1 0
-0.044349 11 -1 0
0.045351 11 3 0
0.084422 11 -3 0
-0.018973 11 5 0
-0.008859 11 -5 0
-0.002058 11 7 0
-0.006667 11 -7 0
0.006216 11 9 0
0.004343 11 -9 0
0.003927 11 11 0
0.004292 11 -11 0
-0.033711 12 0 0
-0.040300 12 2 0
-0.064343 12 -2 0
0.018467 12 4 0
0.037263 12 -4 0
0.002368 12 6 0
0.014805 12 -6 0
-0.005866 12 8 0
0.008303 12 -8 0
-0.001381 12 10 0
0.003808 12 -10 0
0.003737 12 12 0
0.004935 12 -12 0
-0.001358 13 1 0
0.022339 13 -1 0
-0.024116 13 3 0
-0.036473 13 -3 0
0.005153 13 5 0
0.011538 13 -5 0
0.003307 13 7 0
0.005927 13 -7 0
-0.001462 13 9 0
0.003244 13 -9 0
-0.000367 13 11 0
0.001125 13 -11 0
-0.004910 13 13 0
0.002711 13 -13 0
0.026049 14 0 0
0.007490 14 2 0
0.025334 14 -2 0
-0.025004 14 4 0
-0.029424 14 -4 0
0.003139 14 6 0
0.002006 14 -6 0
0.002576 14 8 0
0.014823 14 -8 0
-0.002264 14 10 0
0.001441 14 -10 0
0.005054 14 12 0
0.002910 14 -12 0
0.005936 14 14 0
0.004809 14 -14 0
0.014598 15 1 0
0.015367 15 -1 0
0.022023 15 3 0
0.033574 15 -3 0
-0.017428 15 5 0
-0.016627 15 -5 0
-0.000310 15 7 0
-0.007035 15 -7 0
0.004665 15 9 0
0.007112 15 -9 0
0.003070 15 11 0
0.003503 15 -11 0
-0.004155 15 13 0
0.003099 15 -13 0
-0.000653 15 15 0
0.003372 15 -15 0
-0.011714 16 0 0
-0.007530 16 2 0
-0.007322 16 -2 0
0.011435 16 4 0
0.020018 16 -4 0
-0.003746 16 6 0
0.002291 16 -6 0
-0.005229 16 8 0
0.003978 16 -8 0
0.001638 16 10 0
0.001907 16 -10 0
0.001505 16 12 0
0.002623 16 -12 0
0.003251 16 14 0
0.003608 16 -14 0
0.007142 16 16 0
0.009631 16 -16 0
-0.003996 17 1 0
-0.004257 17 -1 0
-0.006270 17 3 0
-0.003467 17 -3 0
0.006436 17 5 0
0.010483 17 -5 0
-0.000258 17 7 0
0.001450 17 -7 0
-0.000527 17 9 0
0.001641 17 -9 0
0.002487 17 11 0
0.001745 17 -11 0
-0.002242 17 13 0
0.003457 17 -13 0
-0.003330 17 15 0
0.000217 17 -15 0
0.002144 17 17 0
0.003462 17 -17 0
0.005621 18 0 0
-0.004029 18 2 0
-0.000654 18 -2 0
-0.010296 18 4 0
-0.009232 18 -4 0
0.003816 18 6 0
0.004083 18 -6 0
0.001830 18 8 0
0.006555 18 -8 0
-0.003769 18 10 0
-0.000411 18 -10 0
0.002252 18 12 0
0.000875 18 -12 0
0.002551 18 14 0
0.001757 18 -14 0
0.002429 18 16 0
0.002853 18 -16 0
0.000628 18 18 0
0.003180 18 -18 0
0.007414 19 1 0
0.009686 19 -1 0
0.003458 19 3 0
0.003437 19 -3 0
-0.010121 19 5 0
-0.010423 19 -5 0
0.004510 19 7 0
-0.002739 19 -7 0
0.001570 19 9 0
0.002908 19 -9 0
-0.000259 19 11 0
