0.079185 1 1 0
0.005483 1 -1 0
0.080703 2 0 0
0.034200 2 2 0
0.048919 2 -2 0
-0.115917 3 1 0
-0.038798 3 -1 0
-0.009921 3 3 0
-0.009937 3 -3 0
-0.139662 4 0 0
0.027931 4 2 0
-0.058174 4 -2 0
-0.040737 4 4 0
0.043326 4 -4 0
0.224000 5 1 0
0.036006 5 -1 0
-0.017317 5 3 0
0.017204 5 -3 0
-0.002602 5 5 0
-0.041581 5 -5 0
0.021511 6 0 0
-0.013932 6 2 0
0.134554 6 -2 0
-0.067890 6 4 0
0.039384 6 -4 0
-0.051830 6 6 0
0.001053 6 -6 0
-0.186860 7 1 0
-0.032774 7 -1 0
-0.085156 7 3 0
-0.007855 7 -3 0
-0.023352 7 5 0
-0.047995 7 -5 0
0.061433 7 7 0
0.018357 7 -7 0
-0.061205 8 0 0
0.058609 8 2 0
-0.117082 8 -2 0
-0.048407 8 4 0
0.033853 8 -4 0
-0.053264 8 6 0
0.007286 8 -6 0
-0.020935 8 8 0
-0.031384 8 -8 0
0.150188 9 1 0
0.024534 9 -1 0
0.026135 9 3 0
0.030283 9 -3 0
-0.022276 9 5 0
-0.038375 9 -5 0
0.054748 9 7 0
0.007907 9 -7 0
0.036410 9 9 0
0.032149 9 -9 0
-0.057839 10 0 0
-0.017870 10 2 0
0.109897 10 -2 0
-0.072489 10 4 0
0.059702 10 -4 0
-0.048739 10 6 0
-0.002144 10 -6 0
-0.013954 10 8 0
-0.024336 10 -8 0
0.002055 10 10 0
-0.031887 10 -10 0
-0.058507 11 1 0
-0.001566 11 -1 0
-0.089384 11 3 0
-0.017597 11 -3 0
-0.020610 11 5 0
-0.039456 11 -5 0
0.053766 11 7 0
0.016548 11 -7 0
0.031940 11 9 0
0.031621 11 -9 0
0.024045 11 11 0
0.006562 11 -11 0
-0.012283 12 0 0
0.043453 12 2 0
-0.054174 12 -2 0
-0.029850 12 4 0
0.004861 12 -4 0
-0.036564 12 6 0
0.007011 12 -6 0
-0.011728 12 8 0
-0.022173 12 -8 0
0.000185 12 10 0
-0.023728 12 -10 0
0.023488 12 12 0
-0.017884 12 -12 0
0.037327 13 1 0
0.003387 13 -1 0
0.017535 13 3 0
0.028425 13 -3 0
-0.008506 13 5 0
-0.023496 13 -5 0
0.031410 13 7 0
0.005821 13 -7 0
0.019943 13 9 0
0.023423 13 -9 0
0.017177 13 11 0
0.002247 13 -11 0
-0.001335 13 13 0
0.019186 13 -13 0
-0.048144 14 0 0
-0.003468 14 2 0
0.035559 14 -2 0
-0.046863 14 4 0
0.049314 14 -4 0
-0.027793 14 6 0
-0.005796 14 -6 0
-0.002645 14 8 0
-0.020970 14 -8 0
0.003119 14 10 0
-0.019975 14 -10 0
0.017891 14 12 0
-0.015108 14 -12 0
0.004901 14 14 0
-0.006367 14 -14 0
0.004889 15 1 0
0.012489 15 -1 0
-0.045175 15 3 0
-0.011566 15 -3 0
-0.021005 15 5 0
-0.026692 15 -5 0
0.034356 15 7 0
0.008594 15 -7 0
0.016627 15 9 0
0.016233 15 -9 0
0.014435 15 11 0
0.003869 15 -11 0
0.001456 15 13 0
0.011246 15 -13 0
-0.003668 15 15 0
0.012057 15 -15 0
-0.001751 16 0 0
0.012334 16 2 0
-0.010333 16 -2 0
-0.009373 16 4 0
-0.003995 16 -4 0
-0.013723 16 6 0
0.001459 16 -6 0
-0.003813 16 8 0
-0.007020 16 -8 0
0.001840 16 10 0
-0.009492 16 -10 0
0.010064 16 12 0
-0.005412 16 -12 0
0.000012 16 14 0
-0.000815 16 -14 0
0.009484 16 16 0
-0.015359 16 -16 0
0.002138 17 1 0
-0.002881 17 -1 0
0.002606 17 3 0
0.010597 17 -3 0
0.000814 17 5 0
-0.006106 17 -5 0
0.010559 17 7 0
0.002049 17 -7 0
0.007756 17 9 0
0.009296 17 -9 0
0.004752 17 11 0
-0.001110 17 -11 0
-0.000860 17 13 0
0.006010 17 -13 0
-0.002378 17 15 0
0.002167 17 -15 0
0.001426 17 17 0
0.002949 17 -17 0
-0.016691 18 0 0
0.001704 18 2 0
0.005378 18 -2 0
-0.016859 18 4 0
0.023267 18 -4 0
-0.010449 18 6 0
-0.002117 18 -6 0
0.001780 18 8 0
-0.006414 18 -8 0
0.000243 18 10 0
-0.007949 18 -10 0
0.006909 18 12 0
-0.004742 18 -12 0
-0.000626 18 14 0
0.000217 18 -14 0
0.002180 18 16 0
-0.006331 18 -16 0
0.007905 18 18 0
0.003575 18 -18 0
0.008736 19 1 0
0.007209 19 -1 0
-0.015600 19 3 0
-0.005290 19 -3 0
-0.011026 19 5 0
-0.012677 19 -5 0
0.012977 19 7 0
0.001310 19 -7 0
0.004717 19 9 0
0.002550 19 -9 0
0.004344 19 11 0
