0.080014 1 1 0
-0.017858 1 -1 0
0.045658 2 0 0
0.002973 2 2 0
-0.000093 2 -2 0
-0.122007 3 1 0
-0.028850 3 -1 0
-0.038734 3 3 0
0.007603 3 -3 0
-0.133186 4 0 0
0.042617 4 2 0
-0.048005 4 -2 0
-0.040434 4 4 0
0.033236 4 -4 0
0.208650 5 1 0
0.055684 5 -1 0
-0.022794 5 3 0
0.009639 5 -3 0
-0.020880 5 5 0
-0.043635 5 -5 0
0.013741 6 0 0
-0.019380 6 2 0
0.136398 6 -2 0
-0.057877 6 4 0
0.053501 6 -4 0
-0.040174 6 6 0
0.006028 6 -6 0
-0.202254 7 1 0
-0.024353 7 -1 0
-0.101616 7 3 0
-0.011057 7 -3 0
-0.029564 7 5 0
-0.053706 7 -5 0
0.055264 7 7 0
0.002738 7 -7 0
-0.056776 8 0 0
0.066643 8 2 0
-0.117048 8 -2 0
-0.047888 8 4 0
0.034966 8 -4 0
-0.038137 8 6 0
0.008778 8 -6 0
-0.003780 8 8 0
-0.030891 8 -8 0
0.134063 9 1 0
0.032721 9 -1 0
0.014993 9 3 0
0.028474 9 -3 0
-0.025278 9 5 0
-0.045081 9 -5 0
0.050763 9 7 0
0.001931 9 -7 0
0.025403 9 9 0
0.023092 9 -9 0
-0.059349 10 0 0
-0.017674 10 2 0
0.114463 10 -2 0
-0.064198 10 4 0
0.070784 10 -4 0
-0.036082 10 6 0
0.000291 10 -6 0
0.004964 10 8 0
-0.026618 10 -8 0
0.014070 10 10 0
-0.027309 10 -10 0
-0.073172 11 1 0
0.004677 11 -1 0
-0.103867 11 3 0
-0.024589 11 -3 0
-0.027598 11 5 0
-0.045261 11 -5 0
0.048701 11 7 0
0.007405 11 -7 0
0.019245 11 9 0
0.021494 11 -9 0
0.012528 11 11 0
0.001428 11 -11 0
-0.012148 12 0 0
0.044802 12 2 0
-0.053010 12 -2 0
-0.026232 12 4 0
0.009071 12 -4 0
-0.029354 12 6 0
0.010971 12 -6 0
0.002545 12 8 0
-0.021179 12 -8 0
0.008556 12 10 0
-0.016808 12 -10 0
0.022678 12 12 0
-0.011827 12 -12 0
0.027835 13 1 0
0.010094 13 -1 0
0.010064 13 3 0
0.024959 13 -3 0
-0.012419 13 5 0
-0.030696 13 -5 0
0.027818 13 7 0
-0.001260 13 -7 0
0.013007 13 9 0
0.016211 13 -9 0
0.007336 13 11 0
-0.003373 13 -11 0
-0.000996 13 13 0
0.013524 13 -13 0
-0.049006 14 0 0
-0.001652 14 2 0
0.037167 14 -2 0
-0.043577 14 4 0
0.054569 14 -4 0
-0.021846 14 6 0
-0.001826 14 -6 0
0.007132 14 8 0
-0.019307 14 -8 0
0.010288 14 10 0
-0.012585 14 -10 0
0.018548 14 12 0
-0.007653 14 -12 0
-0.001959 14 14 0
-0.000623 14 -14 0
-0.003745 15 1 0
0.013916 15 -1 0
-0.052680 15 3 0
-0.014882 15 -3 0
-0.023320 15 5 0
-0.031012 15 -5 0
0.031354 15 7 0
0.002615 15 -7 0
0.012292 15 9 0
0.010026 15 -9 0
0.009025 15 11 0
0.000024 15 -11 0
0.002434 15 13 0
0.004714 15 -13 0
-0.004668 15 15 0
0.009186 15 -15 0
-0.001853 16 0 0
0.014018 16 2 0
-0.009704 16 -2 0
-0.006313 16 4 0
-0.000356 16 -4 0
-0.011071 16 6 0
0.003942 16 -6 0
0.002050 16 8 0
-0.007822 16 -8 0
0.005290 16 10 0
-0.006608 16 -10 0
0.010774 16 12 0
-0.002719 16 -12 0
-0.001993 16 14 0
0.000695 16 -14 0
0.008238 16 16 0
-0.010465 16 -16 0
-0.001889 17 1 0
0.000814 17 -1 0
0.000083 17 3 0
0.008698 17 -3 0
-0.000998 17 5 0
-0.008787 17 -5 0
0.008612 17 7 0
-0.000855 17 -7 0
0.004892 17 9 0
0.006146 17 -9 0
0.000563 17 11 0
-0.001955 17 -11 0
-0.000203 17 13 0
0.003694 17 -13 0
0.000364 17 15 0
0.001787 17 -15 0
-0.003848 17 17 0
0.000281 17 -17 0
-0.017951 18 0 0
0.001596 18 2 0
0.005674 18 -2 0
-0.017892 18 4 0
0.024067 18 -4 0
-0.009928 18 6 0
-0.000681 18 -6 0
0.004610 18 8 0
-0.006416 18 -8 0
0.002440 18 10 0
-0.005722 18 -10 0
0.006464 18 12 0
-0.003174 18 -12 0
0.000179 18 14 0
-0.000635 18 -14 0
0.003334 18 16 0
-0.005956 18 -16 0
0.005443 18 18 0
0.003046 18 -18 0
0.006105 19 1 0
0.008557 19 -1 0
-0.016513 19 3 0
-0.006763 19 -3 0
-0.011540 19 5 0
-0.014164 19 -5 0
0.011011 19 7 0
0.001038 19 -7 0
0.004622 19 9 0
0.001441 19 -9 0
0.003282 19 11 0
