0.128378 1 1 0
-0.015028 1 -1 0
0.062183 2 0 0
0.001677 2 2 0
0.025400 2 -2 0
-0.118299 3 1 0
-0.031934 3 -1 0
-0.028757 3 3 0
0.007517 3 -3 0
-0.130524 4 0 0
0.055157 4 2 0
-0.057636 4 -2 0
-0.039006 4 4 0
0.033950 4 -4 0
0.212888 5 1 0
0.045590 5 -1 0
-0.024578 5 3 0
-0.002578 5 -3 0
-0.008683 5 5 0
-0.048654 5 -5 0
0.016866 6 0 0
-0.003008 6 2 0
0.131004 6 -2 0
-0.052171 6 4 0
0.044200 6 -4 0
-0.045496 6 6 0
0.005429 6 -6 0
-0.199118 7 1 0
-0.021334 7 -1 0
-0.092490 7 3 0
-0.020070 7 -3 0
-0.017203 7 5 0
-0.068863 7 -5 0
0.068490 7 7 0
0.023492 7 -7 0
-0.061797 8 0 0
0.077393 8 2 0
-0.111508 8 -2 0
-0.042181 8 4 0
0.028302 8 -4 0
-0.038646 8 6 0
0.003581 8 -6 0
-0.016164 8 8 0
-0.020974 8 -8 0
0.142066 9 1 0
0.028903 9 -1 0
0.018196 9 3 0
0.019612 9 -3 0
-0.016087 9 5 0
-0.054527 9 -5 0
0.065559 9 7 0
0.022716 9 -7 0
0.022135 9 9 0
0.041005 9 -9 0
-0.059322 10 0 0
-0.003177 10 2 0
0.114567 10 -2 0
-0.063841 10 4 0
0.059935 10 -4 0
-0.036475 10 6 0
-0.002312 10 -6 0
-0.003742 10 8 0
-0.020344 10 -8 0
0.010354 10 10 0
-0.026390 10 -10 0
-0.069146 11 1 0
0.002782 11 -1 0
-0.097480 11 3 0
-0.031524 11 -3 0
-0.018491 11 5 0
-0.055582 11 -5 0
0.058345 11 7 0
0.028667 11 -7 0
0.020431 11 9 0
0.039108 11 -9 0
0.020345 11 11 0
0.003761 11 -11 0
-0.012700 12 0 0
0.053122 12 2 0
-0.051969 12 -2 0
-0.024615 12 4 0
0.000258 12 -4 0
-0.029043 12 6 0
0.006673 12 -6 0
-0.006390 12 8 0
-0.014951 12 -8 0
0.009513 12 10 0
-0.020017 12 -10 0
0.022703 12 12 0
-0.010102 12 -12 0
0.032238 13 1 0
0.007826 13 -1 0
0.012534 13 3 0
0.019503 13 -3 0
-0.004889 13 5 0
-0.036931 13 -5 0
0.037404 13 7 0
0.014916 13 -7 0
0.012223 13 9 0
0.028866 13 -9 0
0.013705 13 11 0
-0.000183 13 -11 0
-0.005438 13 13 0
0.009424 13 -13 0
-0.048718 14 0 0
0.003167 14 2 0
0.038587 14 -2 0
-0.044019 14 4 0
0.048241 14 -4 0
-0.021587 14 6 0
-0.006113 14 -6 0
0.000486 14 8 0
-0.017889 14 -8 0
0.009318 14 10 0
-0.017449 14 -10 0
0.020389 14 12 0
-0.008389 14 -12 0
-0.001197 14 14 0
0.005242 14 -14 0
-0.000113 15 1 0
0.011150 15 -1 0
-0.049727 15 3 0
-0.018356 15 -3 0
-0.018572 15 5 0
-0.035296 15 -5 0
0.036987 15 7 0
0.013672 15 -7 0
0.011748 15 9 0
0.019958 15 -9 0
0.013921 15 11 0
0.004258 15 -11 0
-0.001053 15 13 0
0.004836 15 -13 0
-0.004355 15 15 0
0.007874 15 -15 0
-0.000619 16 0 0
0.016792 16 2 0
-0.009458 16 -2 0
-0.007396 16 4 0
-0.004625 16 -4 0
-0.011444 16 6 0
0.001205 16 -6 0
-0.001823 16 8 0
-0.005269 16 -8 0
0.005417 16 10 0
-0.008093 16 -10 0
0.010808 16 12 0
-0.002159 16 -12 0
-0.001576 16 14 0
0.004232 16 -14 0
0.002946 16 16 0
-0.005000 16 -16 0
-0.001433 17 1 0
-0.001365 17 -1 0
0.000910 17 3 0
0.007329 17 -3 0
0.003272 17 5 0
-0.011578 17 -5 0
0.011527 17 7 0
0.006276 17 -7 0
0.003899 17 9 0
0.011375 17 -9 0
0.003795 17 11 0
-0.001042 17 -11 0
-0.000430 17 13 0
0.002521 17 -13 0
-0.001461 17 15 0
0.001194 17 -15 0
-0.000767 17 17 0
0.000906 17 -17 0
-0.016796 18 0 0
0.002748 18 2 0
0.007472 18 -2 0
-0.019503 18 4 0
0.021907 18 -4 0
-0.009534 18 6 0
-0.003526 18 -6 0
0.001816 18 8 0
-0.006486 18 -8 0
0.002996 18 10 0
-0.006982 18 -10 0
0.006833 18 12 0
-0.003449 18 -12 0
-0.000939 18 14 0
0.002563 18 -14 0
-0.001253 18 16 0
-0.003138 18 -16 0
0.000405 18 18 0
0.002663 18 -18 0
0.007781 19 1 0
0.005616 19 -1 0
-0.015665 19 3 0
-0.007349 19 -3 0
-0.010454 19 5 0
-0.014654 19 -5 0
0.012799 19 7 0
0.004205 19 -7 0
0.003176 19 9 0
0.003993 19 -9 0
0.004315 19 11 0
