0.038449 1 1 0
0.099096 1 -1 0
-0.187317 2 0 0
0.015679 2 2 0
0.023251 2 -2 0
-0.037820 3 1 0
-0.262682 3 -1 0
0.014231 3 3 0
0.015568 3 -3 0
0.181518 4 0 0
-0.042028 4 2 0
-0.144138 4 -2 0
0.003742 4 4 0
-0.000907 4 -4 0
0.070868 5 1 0
0.407152 5 -1 0
-0.031473 5 3 0
-0.039312 5 -3 0
0.001770 5 5 0
-0.004444 5 -5 0
-0.076217 6 0 0
0.077126 6 2 0
0.232092 6 -2 0
-0.018187 6 4 0
-0.024392 6 -4 0
-0.000985 6 6 0
0.008609 6 -6 0
-0.049368 7 1 0
-0.338506 7 -1 0
0.061291 7 3 0
0.111824 7 -3 0
-0.012154 7 5 0
-0.008712 7 -5 0
0.004671 7 7 0
-0.012457 7 -7 0
-0.014696 8 0 0
-0.097962 8 2 0
-0.245386 8 -2 0
0.030220 8 4 0
0.031523 8 -4 0
0.006676 8 6 0
0.011514 8 -6 0
-0.006015 8 8 0
0.016638 8 -8 0
0.037459 9 1 0
0.211814 9 -1 0
-0.055195 9 3 0
-0.116613 9 -3 0
0.003313 9 5 0
-0.004792 9 -5 0
0.007673 9 7 0
-0.005445 9 -7 0
0.003758 9 9 0
0.002476 9 -9 0
0.058179 10 0 0
0.069020 10 2 0
0.169091 10 -2 0
-0.041840 10 4 0
-0.058428 10 -4 0
0.001492 10 6 0
-0.006199 10 -6 0
0.001805 10 8 0
0.024778 10 -8 0
-0.002090 10 10 0
-0.009477 10 -10 0
0.001814 11 1 0
-0.073390 11 -1 0
0.064387 11 3 0
0.115584 11 -3 0
-0.023891 11 5 0
-0.014989 11 -5 0
-0.000644 11 7 0
-0.015943 11 -7 0
0.002278 11 9 0
0.006378 11 -9 0
-0.000473 11 11 0
0.002614 11 -11 0
-0.050270 12 0 0
-0.048441 12 2 0
-0.098589 12 -2 0
0.034236 12 4 0
0.050663 12 -4 0
0.003757 12 6 0
0.017580 12 -6 0
-0.007442 12 8 0
0.011648 12 -8 0
0.002029 12 10 0
-0.000698 12 -10 0
0.006334 12 12 0
-0.001691 12 -12 0
-0.005891 13 1 0
0.024095 13 -1 0
-0.033700 13 3 0
-0.062193 13 -3 0
0.008541 13 5 0
0.012089 13 -5 0
0.008011 13 7 0
0.004764 13 -7 0
-0.001919 13 9 0
0.000497 13 -9 0
0.000492 13 11 0
0.001005 13 -11 0
-0.007439 13 13 0
0.004038 13 -13 0
0.039578 14 0 0
0.015214 14 2 0
0.036101 14 -2 0
-0.032473 14 4 0
-0.051666 14 -4 0
0.006633 14 6 0
-0.001844 14 -6 0
0.006694 14 8 0
0.023279 14 -8 0
-0.001135 14 10 0
-0.003403 14 -10 0
0.005946 14 12 0
-0.000398 14 -12 0
0.004767 14 14 0
0.001875 14 -14 0
0.018562 15 1 0
0.021244 15 -1 0
0.030416 15 3 0
0.045039 15 -3 0
-0.022567 15 5 0
-0.025303 15 -5 0
-0.000274 15 7 0
-0.014921 15 -7 0
0.002151 15 9 0
0.006475 15 -9 0
-0.000095 15 11 0
0.001379 15 -11 0
-0.003439 15 13 0
0.002946 15 -13 0
-0.001412 15 15 0
0.000590 15 -15 0
-0.016604 16 0 0
-0.006362 16 2 0
-0.011978 16 -2 0
0.020233 16 4 0
0.027754 16 -4 0
-0.002571 16 6 0
0.000644 16 -6 0
-0.007369 16 8 0
0.005718 16 -8 0
0.003886 16 10 0
-0.001772 16 -10 0
0.002123 16 12 0
0.000402 16 -12 0
0.002443 16 14 0
0.003898 16 -14 0
0.004618 16 16 0
0.011574 16 -16 0
-0.008721 17 1 0
-0.009614 17 -1 0
-0.008542 17 3 0
-0.010360 17 -3 0
0.009300 17 5 0
0.013606 17 -5 0
0.000525 17 7 0
0.000359 17 -7 0
-0.003181 17 9 0
-0.000605 17 -9 0
0.002496 17 11 0
0.000186 17 -11 0
-0.003421 17 13 0
0.002519 17 -13 0
-0.000844 17 15 0
-0.001152 17 -15 0
0.001585 17 17 0
0.003039 17 -17 0
0.008807 18 0 0
-0.002266 18 2 0
-0.001638 18 -2 0
-0.012318 18 4 0
-0.017300 18 -4 0
0.007564 18 6 0
0.005089 18 -6 0
0.003832 18 8 0
0.010940 18 -8 0
-0.001567 18 10 0
-0.003499 18 -10 0
0.003631 18 12 0
-0.000972 18 -12 0
0.001353 18 14 0
0.002673 18 -14 0
0.001000 18 16 0
0.006713 18 -16 0
-0.001356 18 18 0
0.002860 18 -18 0
0.009162 19 1 0
0.013827 19 -1 0
0.005726 19 3 0
0.005331 19 -3 0
-0.011929 19 5 0
-0.015382 19 -5 0
0.004568 19 7 0
-0.007191 19 -7 0
0.002269 19 9 0
0.002894 19 -9 0
-0.001872 19 11 0
