-0.038611 1 1 0
0.060288 1 -1 0
0.095994 2 0 0
-0.004830 2 2 0
-0.018648 2 -2 0
0.043256 3 1 0
-0.063731 3 -1 0
0.000357 3 3 0
0.018531 3 -3 0
-0.158713 4 0 0
-0.014661 4 2 0
-0.001485 4 -2 0
0.010532 4 4 0
-0.000447 4 -4 0
-0.042084 5 1 0
0.038428 5 -1 0
0.014269 5 3 0
0.009709 5 -3 0
-0.006435 5 5 0
0.018316 5 -5 0
0.195558 6 0 0
0.014671 6 2 0
0.015503 6 -2 0
-0.003152 6 4 0
-0.021115 6 -4 0
0.009321 6 6 0
-0.009864 6 -6 0
0.083048 7 1 0
-0.059611 7 -1 0
0.007301 7 3 0
0.018497 7 -3 0
-0.006068 7 5 0
0.010052 7 -5 0
-0.007624 7 7 0
0.008828 7 -7 0
-0.138331 8 0 0
-0.015828 8 2 0
-0.004887 8 -2 0
0.004336 8 4 0
-0.003641 8 -4 0
0.005546 8 6 0
-0.014327 8 -6 0
0.010334 8 8 0
0.014892 8 -8 0
-0.054151 9 1 0
0.023795 9 -1 0
0.007258 9 3 0
0.007545 9 -3 0
0.000831 9 5 0
0.017119 9 -5 0
-0.013957 9 7 0
0.001572 9 -7 0
-0.006722 9 9 0
-0.006794 9 -9 0
0.125181 10 0 0
0.013001 10 2 0
0.012669 10 -2 0
0.000886 10 4 0
-0.019172 10 -4 0
0.003184 10 6 0
-0.008912 10 -6 0
0.014044 10 8 0
0.017870 10 -8 0
0.006398 10 10 0
0.010315 10 -10 0
0.064121 11 1 0
-0.042408 11 -1 0
0.015047 11 3 0
0.015279 11 -3 0
-0.011152 11 5 0
0.020222 11 -5 0
-0.006704 11 7 0
0.007112 11 -7 0
-0.003988 11 9 0
-0.004437 11 -9 0
-0.001972 11 11 0
-0.002545 11 -11 0
-0.051720 12 0 0
-0.010317 12 2 0
-0.000561 12 -2 0
0.001299 12 4 0
0.009814 12 -4 0
0.007769 12 6 0
-0.007799 12 -6 0
0.011700 12 8 0
0.017926 12 -8 0
0.010398 12 10 0
0.006930 12 -10 0
-0.001655 12 12 0
0.015957 12 -12 0
-0.026839 13 1 0
0.009723 13 -1 0
0.002488 13 3 0
0.009947 13 -3 0
0.004059 13 5 0
0.008891 13 -5 0
-0.007569 13 7 0
0.002660 13 -7 0
-0.004848 13 9 0
-0.002061 13 -9 0
-0.001004 13 11 0
-0.003958 13 -11 0
-0.001590 13 13 0
0.002128 13 -13 0
0.052988 14 0 0
0.010912 14 2 0
0.009690 14 -2 0
0.003006 14 4 0
-0.016463 14 -4 0
0.000795 14 6 0
-0.008593 14 -6 0
0.008380 14 8 0
0.014341 14 -8 0
0.006836 14 10 0
0.007456 14 -10 0
0.000844 14 12 0
0.012507 14 -12 0
-0.005168 14 14 0
0.008633 14 -14 0
0.033590 15 1 0
-0.022505 15 -1 0
0.014310 15 3 0
0.010946 15 -3 0
-0.009188 15 5 0
0.015113 15 -5 0
-0.002843 15 7 0
0.006270 15 -7 0
-0.003502 15 9 0
-0.000623 15 -9 0
0.003102 15 11 0
0.000103 15 -11 0
0.001074 15 13 0
-0.000786 15 -13 0
-0.000815 15 15 0
-0.001560 15 -15 0
-0.012153 16 0 0
-0.003845 16 2 0
0.000026 16 -2 0
0.001174 16 4 0
0.007875 16 -4 0
0.003798 16 6 0
-0.002596 16 -6 0
0.005323 16 8 0
0.011969 16 -8 0
0.007461 16 10 0
0.002873 16 -10 0
0.000399 16 12 0
0.008191 16 -12 0
-0.005169 16 14 0
0.006001 16 -14 0
0.002073 16 16 0
0.014413 16 -16 0
-0.010933 17 1 0
0.003141 17 -1 0
0.000458 17 3 0
0.003898 17 -3 0
0.003512 17 5 0
0.002861 17 -5 0
-0.003859 17 7 0
0.000620 17 -7 0
0.000251 17 9 0
0.001580 17 -9 0
0.001189 17 11 0
-0.000817 17 -11 0
0.000674 17 13 0
0.004012 17 -13 0
-0.000303 17 15 0
-0.003062 17 -15 0
-0.000969 17 17 0
-0.002759 17 -17 0
0.017217 18 0 0
0.006155 18 2 0
0.005643 18 -2 0
0.003154 18 4 0
-0.006693 18 -4 0
-0.001115 18 6 0
-0.005754 18 -6 0
0.004182 18 8 0
0.003832 18 -8 0
0.004543 18 10 0
0.002090 18 -10 0
0.001069 18 12 0
0.004705 18 -12 0
-0.001700 18 14 0
0.004188 18 -14 0
-0.000123 18 16 0
0.007916 18 -16 0
0.001780 18 18 0
-0.000253 18 -18 0
0.013105 19 1 0
-0.010857 19 -1 0
0.004508 19 3 0
0.002997 19 -3 0
-0.005123 19 5 0
0.004746 19 -5 0
0.001313 19 7 0
0.003023 19 -7 0
-0.000331 19 9 0
-0.001110 19 -9 0
0.001772 19 11 0
