-0.083948 1 1 0
0.059386 1 -1 0
0.115420 2 0 0
0.013775 2 2 0
0.014080 2 -2 0
0.060613 3 1 0
-0.052226 3 -1 0
0.012495 3 3 0
0.013999 3 -3 0
-0.169589 4 0 0
-0.012096 4 2 0
-0.012324 4 -2 0
0.013647 4 4 0
-0.023223 4 -4 0
-0.054436 5 1 0
0.037482 5 -1 0
-0.002509 5 3 0
-0.001001 5 -3 0
-0.005329 5 5 0
0.004235 5 -5 0
0.197943 6 0 0
0.014868 6 2 0
0.019318 6 -2 0
-0.000116 6 4 0
-0.005242 6 -4 0
0.004506 6 6 0
-0.010532 6 -6 0
0.084856 7 1 0
-0.056810 7 -1 0
0.004582 7 3 0
0.016369 7 -3 0
-0.005192 7 5 0
0.007904 7 -5 0
-0.005631 7 7 0
0.007504 7 -7 0
-0.145195 8 0 0
-0.013289 8 2 0
-0.004440 8 -2 0
0.000763 8 4 0
0.002847 8 -4 0
0.002094 8 6 0
-0.007216 8 -6 0
0.006107 8 8 0
0.006373 8 -8 0
-0.062481 9 1 0
0.019667 9 -1 0
0.005534 9 3 0
0.000296 9 -3 0
-0.000956 9 5 0
0.008108 9 -5 0
-0.008069 9 7 0
0.004288 9 -7 0
-0.009254 9 9 0
-0.003580 9 -9 0
0.123121 10 0 0
0.015857 10 2 0
0.013485 10 -2 0
0.003050 10 4 0
-0.017109 10 -4 0
-0.000430 10 6 0
-0.008113 10 -6 0
0.007028 10 8 0
0.010821 10 -8 0
0.006359 10 10 0
-0.002086 10 -10 0
0.062176 11 1 0
-0.038449 11 -1 0
0.011965 11 3 0
0.010329 11 -3 0
-0.009378 11 5 0
0.016144 11 -5 0
-0.004319 11 7 0
0.005617 11 -7 0
-0.007806 11 9 0
0.002393 11 -9 0
-0.007505 11 11 0
-0.000555 11 -11 0
-0.055660 12 0 0
-0.008415 12 2 0
-0.000265 12 -2 0
-0.001171 12 4 0
0.013190 12 -4 0
0.003653 12 6 0
-0.005066 12 -6 0
0.008665 12 8 0
0.012174 12 -8 0
0.010916 12 10 0
0.000582 12 -10 0
0.001457 12 12 0
0.007706 12 -12 0
-0.030336 13 1 0
0.007839 13 -1 0
-0.000115 13 3 0
0.003845 13 -3 0
0.003854 13 5 0
0.003899 13 -5 0
-0.007266 13 7 0
0.003774 13 -7 0
-0.005940 13 9 0
0.000573 13 -9 0
-0.003418 13 11 0
-0.003616 13 -11 0
-0.001764 13 13 0
-0.000875 13 -13 0
0.050754 14 0 0
0.012187 14 2 0
0.008776 14 -2 0
0.002898 14 4 0
-0.016401 14 -4 0
-0.001618 14 6 0
-0.008019 14 -6 0
0.004202 14 8 0
0.007541 14 -8 0
0.007252 14 10 0
0.002115 14 -10 0
0.003094 14 12 0
0.008396 14 -12 0
-0.003783 14 14 0
0.005123 14 -14 0
0.030672 15 1 0
-0.021198 15 -1 0
0.011999 15 3 0
0.007713 15 -3 0
-0.011535 15 5 0
0.010112 15 -5 0
-0.001912 15 7 0
0.005475 15 -7 0
-0.006177 15 9 0
0.000817 15 -9 0
-0.001049 15 11 0
-0.000173 15 -11 0
-0.001162 15 13 0
0.000983 15 -13 0
0.001998 15 15 0
-0.001452 15 -15 0
-0.014874 16 0 0
-0.004719 16 2 0
0.000147 16 -2 0
0.000604 16 4 0
0.009684 16 -4 0
0.002900 16 6 0
-0.001365 16 -6 0
0.003419 16 8 0
0.008593 16 -8 0
0.005493 16 10 0
-0.000976 16 -10 0
0.002747 16 12 0
0.005693 16 -12 0
-0.005733 16 14 0
0.004575 16 -14 0
0.001276 16 16 0
0.012341 16 -16 0
-0.012266 17 1 0
0.002740 17 -1 0
-0.001029 17 3 0
0.001130 17 -3 0
0.005098 17 5 0
0.001523 17 -5 0
-0.004209 17 7 0
0.000293 17 -7 0
-0.001450 17 9 0
0.001998 17 -9 0
-0.000423 17 11 0
-0.002501 17 -11 0
-0.000273 17 13 0
0.002011 17 -13 0
-0.000378 17 15 0
-0.002105 17 -15 0
0.001330 17 17 0
-0.001043 17 -17 0
0.015802 18 0 0
0.005537 18 2 0
0.005036 18 -2 0
0.000958 18 4 0
-0.007193 18 -4 0
-0.001511 18 6 0
-0.005953 18 -6 0
0.002449 18 8 0
0.002008 18 -8 0
0.004018 18 10 0
-0.000308 18 -10 0
0.000919 18 12 0
0.002770 18 -12 0
-0.001220 18 14 0
0.003604 18 -14 0
-0.001606 18 16 0
0.007023 18 -16 0
0.000721 18 18 0
0.001873 18 -18 0
0.012629 19 1 0
-0.009287 19 -1 0
0.004869 19 3 0
0.001971 19 -3 0
-0.005014 19 5 0
0.004735 19 -5 0
0.001150 19 7 0
0.003363 19 -7 0
-0.001419 19 9 0
-0.000283 19 -9 0
-0.000738 19 11 0
