-0.049225 1 1 0
-0.021244 1 -1 0
0.106076 2 0 0
0.022469 2 2 0
0.006010 2 -2 0
0.059283 3 1 0
-0.054991 3 -1 0
0.012009 3 3 0
-0.025971 3 -3 0
-0.155088 4 0 0
-0.009717 4 2 0
-0.012529 4 -2 0
0.014431 4 4 0
-0.013418 4 -4 0
-0.049692 5 1 0
0.029664 5 -1 0
0.003574 5 3 0
0.021635 5 -3 0
0.006150 5 5 0
0.019161 5 -5 0
0.197289 6 0 0
0.004286 6 2 0
0.020669 6 -2 0
-0.004768 6 4 0
-0.011579 6 -4 0
-0.002881 6 6 0
-0.010051 6 -6 0
0.082663 7 1 0
-0.055570 7 -1 0
0.011220 7 3 0
0.011368 7 -3 0
-0.004420 7 5 0
0.003715 7 -5 0
0.001317 7 7 0
0.004238 7 -7 0
-0.138008 8 0 0
-0.011608 8 2 0
-0.001500 8 -2 0
0.000903 8 4 0
0.002597 8 -4 0
-0.001925 8 6 0
-0.007742 8 -6 0
0.001268 8 8 0
0.010831 8 -8 0
-0.058460 9 1 0
0.021589 9 -1 0
0.009777 9 3 0
0.009410 9 -3 0
-0.002126 9 5 0
0.015358 9 -5 0
-0.002181 9 7 0
0.001325 9 -7 0
-0.002891 9 9 0
0.000244 9 -9 0
0.127284 10 0 0
0.011830 10 2 0
0.013217 10 -2 0
0.000840 10 4 0
-0.019758 10 -4 0
-0.006304 10 6 0
-0.007799 10 -6 0
0.002996 10 8 0
0.011624 10 -8 0
0.004863 10 10 0
-0.007986 10 -10 0
0.060044 11 1 0
-0.043273 11 -1 0
0.014167 11 3 0
0.012150 11 -3 0
-0.009298 11 5 0
0.017393 11 -5 0
-0.000198 11 7 0
0.004895 11 -7 0
-0.004138 11 9 0
0.003464 11 -9 0
-0.000394 11 11 0
0.005754 11 -11 0
-0.050774 12 0 0
-0.009460 12 2 0
-0.001702 12 -2 0
-0.000597 12 4 0
0.012762 12 -4 0
-0.001039 12 6 0
-0.006506 12 -6 0
0.002647 12 8 0
0.014161 12 -8 0
0.007043 12 10 0
-0.001668 12 -10 0
-0.001093 12 12 0
0.005573 12 -12 0
-0.029800 13 1 0
0.010565 13 -1 0
0.004316 13 3 0
0.010455 13 -3 0
0.002672 13 5 0
0.008517 13 -5 0
-0.002917 13 7 0
0.001381 13 -7 0
-0.005037 13 9 0
0.003986 13 -9 0
-0.001135 13 11 0
0.000941 13 -11 0
0.000199 13 13 0
0.008763 13 -13 0
0.054248 14 0 0
0.010480 14 2 0
0.008275 14 -2 0
0.002319 14 4 0
-0.017381 14 -4 0
-0.004893 14 6 0
-0.008523 14 -6 0
0.002894 14 8 0
0.009629 14 -8 0
0.007245 14 10 0
-0.002319 14 -10 0
0.000248 14 12 0
0.004949 14 -12 0
-0.003805 14 14 0
0.000193 14 -14 0
0.030791 15 1 0
-0.022161 15 -1 0
0.014830 15 3 0
0.011579 15 -3 0
-0.012076 15 5 0
0.013977 15 -5 0
0.001511 15 7 0
0.005532 15 -7 0
-0.005824 15 9 0
0.002776 15 -9 0
-0.000095 15 11 0
0.004256 15 -11 0
-0.000367 15 13 0
0.006228 15 -13 0
-0.001166 15 15 0
0.002125 15 -15 0
-0.011788 16 0 0
-0.004290 16 2 0
-0.001133 16 -2 0
0.000755 16 4 0
0.008664 16 -4 0
0.000167 16 6 0
-0.001354 16 -6 0
0.002086 16 8 0
0.008064 16 -8 0
0.004597 16 10 0
-0.003730 16 -10 0
0.002241 16 12 0
0.003546 16 -12 0
-0.003558 16 14 0
0.002049 16 -14 0
0.005122 16 16 0
0.013131 16 -16 0
-0.012005 17 1 0
0.003500 17 -1 0
-0.000107 17 3 0
0.003745 17 -3 0
0.003898 17 5 0
0.003901 17 -5 0
-0.001428 17 7 0
-0.001404 17 -7 0
-0.002215 17 9 0
0.004776 17 -9 0
-0.000206 17 11 0
0.000362 17 -11 0
-0.002294 17 13 0
0.006714 17 -13 0
-0.001346 17 15 0
-0.000044 17 -15 0
-0.001500 17 17 0
-0.000808 17 -17 0
0.018098 18 0 0
0.005306 18 2 0
0.005611 18 -2 0
0.002615 18 4 0
-0.007476 18 -4 0
-0.003469 18 6 0
-0.005679 18 -6 0
0.002271 18 8 0
0.003202 18 -8 0
0.003410 18 10 0
-0.000754 18 -10 0
0.001029 18 12 0
0.002647 18 -12 0
-0.001965 18 14 0
0.003418 18 -14 0
0.002407 18 16 0
0.007739 18 -16 0
0.001737 18 18 0
0.000675 18 -18 0
0.012901 19 1 0
-0.009161 19 -1 0
0.006477 19 3 0
0.004390 19 -3 0
-0.006959 19 5 0
0.005166 19 -5 0
0.000479 19 7 0
0.002991 19 -7 0
-0.001964 19 9 0
-0.000184 19 -9 0
-0.001278 19 11 0
