0.080662 1 1 0
0.022998 1 -1 0
-0.002594 2 0 0
-0.009115 2 2 0
-0.079898 2 -2 0
0.007654 3 1 0
0.089081 3 -1 0
0.019382 3 3 0
-0.022619 3 -3 0
0.032292 4 0 0
0.008584 4 2 0
0.100614 4 -2 0
-0.009966 4 4 0
-0.038762 4 -4 0
0.000013 5 1 0
-0.007008 5 -1 0
0.020538 5 3 0
0.067425 5 -3 0
0.000535 5 5 0
-0.016668 5 -5 0
-0.035188 6 0 0
-0.005913 6 2 0
-0.066068 6 -2 0
0.010335 6 4 0
0.056519 6 -4 0
-0.004907 6 6 0
0.009231 6 -6 0
-0.004369 7 1 0
-0.040691 7 -1 0
-0.004264 7 3 0
-0.052442 7 -3 0
0.026465 7 5 0
0.016839 7 -5 0
-0.010272 7 7 0
-0.023066 7 -7 0
0.007861 8 0 0
0.003606 8 2 0
-0.012074 8 -2 0
-0.022116 8 4 0
-0.062395 8 -4 0
0.005533 8 6 0
0.033936 8 -6 0
0.014827 8 8 0
0.012940 8 -8 0
0.012296 9 1 0
0.028859 9 -1 0
0.015325 9 3 0
0.013608 9 -3 0
-0.013352 9 5 0
-0.054116 9 -5 0
0.004676 9 7 0
0.002828 9 -7 0
-0.018811 9 9 0
0.016750 9 -9 0
0.000814 10 0 0
0.006901 10 2 0
0.008382 10 -2 0
0.000402 10 4 0
0.022021 10 -4 0
-0.012550 10 6 0
-0.017773 10 -6 0
0.013453 10 8 0
-0.000657 10 -8 0
0.008948 10 10 0
-0.002253 10 -10 0
0.001775 11 1 0
-0.009301 11 -1 0
0.014138 11 3 0
0.005099 11 -3 0
0.020455 11 5 0
0.009541 11 -5 0
-0.012996 11 7 0
-0.031156 11 -7 0
-0.013017 11 9 0
0.010589 11 -9 0
-0.004298 11 11 0
0.022117 11 -11 0
-0.008872 12 0 0
-0.001556 12 2 0
-0.021209 12 -2 0
-0.001318 12 4 0
-0.006859 12 -4 0
0.007468 12 6 0
0.030953 12 -6 0
0.003546 12 8 0
-0.003918 12 -8 0
0.007080 12 10 0
-0.005740 12 -10 0
-0.007799 12 12 0
0.019475 12 -12 0
0.002392 13 1 0
-0.009076 13 -1 0
0.001639 13 3 0
-0.015551 13 -3 0
-0.000650 13 5 0
-0.020105 13 -5 0
0.006636 13 7 0
0.004155 13 -7 0
-0.014365 13 9 0
0.005046 13 -9 0
-0.002010 13 11 0
0.008695 13 -11 0
-0.000866 13 13 0
0.011591 13 -13 0
0.003116 14 0 0
-0.000139 14 2 0
-0.002699 14 -2 0
-0.010716 14 4 0
-0.011751 14 -4 0
-0.004080 14 6 0
-0.001233 14 -6 0
0.012831 14 8 0
0.012968 14 -8 0
0.003201 14 10 0
-0.003542 14 -10 0
-0.005502 14 12 0
0.006459 14 -12 0
-0.007735 14 14 0
0.015461 14 -14 0
0.005118 15 1 0
0.000823 15 -1 0
0.008619 15 3 0
-0.000823 15 -3 0
0.003247 15 5 0
-0.014308 15 -5 0
-0.004627 15 7 0
-0.019831 15 -7 0
-0.001392 15 9 0
0.011632 15 -9 0
-0.004241 15 11 0
0.007468 15 -11 0
-0.002594 15 13 0
0.004331 15 -13 0
-0.006591 15 15 0
-0.008071 15 -15 0
-0.001043 16 0 0
0.000414 16 2 0
-0.001688 16 -2 0
0.000794 16 4 0
0.001058 16 -4 0
0.000042 16 6 0
0.003695 16 -6 0
0.001698 16 8 0
-0.004376 16 -8 0
0.002245 16 10 0
0.000423 16 -10 0
-0.001110 16 12 0
0.010000 16 -12 0
-0.007745 16 14 0
0.011953 16 -14 0
0.001093 16 16 0
0.003531 16 -16 0
0.001224 17 1 0
-0.003865 17 -1 0
0.003317 17 3 0
-0.003411 17 -3 0
0.004623 17 5 0
-0.007364 17 -5 0
0.002657 17 7 0
-0.006284 17 -7 0
-0.004812 17 9 0
-0.002599 17 -9 0
0.000407 17 11 0
0.004584 17 -11 0
0.000271 17 13 0
0.006189 17 -13 0
-0.006108 17 15 0
-0.005803 17 -15 0
0.001632 17 17 0
0.000265 17 -17 0
-0.000754 18 0 0
0.000479 18 2 0
-0.000045 18 -2 0
-0.002957 18 4 0
-0.000853 18 -4 0
0.002463 18 6 0
0.006996 18 -6 0
0.004471 18 8 0
0.007542 18 -8 0
-0.002566 18 10 0
-0.002573 18 -10 0
-0.001588 18 12 0
0.003980 18 -12 0
-0.000181 18 14 0
0.007307 18 -14 0
0.000343 18 16 0
0.004023 18 -16 0
0.003199 18 18 0
-0.003522 18 -18 0
0.002643 19 1 0
-0.000558 19 -1 0
0.001351 19 3 0
-0.004943 19 -3 0
0.001067 19 5 0
-0.003676 19 -5 0
0.000808 19 7 0
-0.000330 19 -7 0
0.000944 19 9 0
0.005134 19 -9 0
-0.005162 19 11 0
