0.112938 1 1 0
0.061957 1 -1 0
-0.005624 2 0 0
-0.006765 2 2 0
-0.047299 2 -2 0
0.011285 3 1 0
0.055741 3 -1 0
-0.001819 3 3 0
-0.021123 3 -3 0
0.028932 4 0 0
0.007525 4 2 0
0.084699 4 -2 0
0.003950 4 4 0
-0.011689 4 -4 0
0.001091 5 1 0
-0.011030 5 -1 0
0.026425 5 3 0
0.066175 5 -3 0
-0.006696 5 5 0
-0.009777 5 -5 0
-0.027878 6 0 0
0.001955 6 2 0
-0.060567 6 -2 0
0.017071 6 4 0
0.053525 6 -4 0
-0.004974 6 6 0
0.013533 6 -6 0
-0.010908 7 1 0
-0.057835 7 -1 0
-0.010577 7 3 0
-0.062049 7 -3 0
0.024328 7 5 0
0.023456 7 -5 0
-0.009022 7 7 0
-0.013971 7 -7 0
0.006721 8 0 0
0.000066 8 2 0
-0.018139 8 -2 0
-0.010213 8 4 0
-0.064199 8 -4 0
0.004226 8 6 0
0.039225 8 -6 0
0.000132 8 8 0
0.007780 8 -8 0
0.007372 9 1 0
0.019086 9 -1 0
0.015279 9 3 0
0.012464 9 -3 0
-0.012901 9 5 0
-0.046738 9 -5 0
0.011080 9 7 0
0.008051 9 -7 0
-0.017882 9 9 0
0.025583 9 -9 0
0.005095 10 0 0
0.008190 10 2 0
0.008028 10 -2 0
0.008244 10 4 0
0.023567 10 -4 0
-0.015302 10 6 0
-0.016454 10 -6 0
0.006872 10 8 0
0.002117 10 -8 0
-0.002861 10 10 0
-0.015638 10 -10 0
0.000806 11 1 0
-0.020260 11 -1 0
0.011922 11 3 0
0.001173 11 -3 0
0.017863 11 5 0
0.014440 11 -5 0
-0.009531 11 7 0
-0.024931 11 -7 0
-0.014174 11 9 0
0.019662 11 -9 0
-0.006091 11 11 0
0.027318 11 -11 0
-0.007362 12 0 0
-0.003328 12 2 0
-0.027399 12 -2 0
0.007058 12 4 0
-0.006068 12 -4 0
0.009327 12 6 0
0.035440 12 -6 0
-0.003152 12 8 0
-0.005465 12 -8 0
0.004371 12 10 0
-0.015471 12 -10 0
-0.004455 12 12 0
-0.004919 12 -12 0
-0.000336 13 1 0
-0.015650 13 -1 0
0.001650 13 3 0
-0.017518 13 -3 0
-0.001607 13 5 0
-0.010975 13 -5 0
0.008813 13 7 0
0.010516 13 -7 0
-0.014581 13 9 0
0.009910 13 -9 0
-0.006348 13 11 0
0.013796 13 -11 0
-0.008158 13 13 0
0.012001 13 -13 0
0.002686 14 0 0
0.000983 14 2 0
-0.002566 14 -2 0
-0.003289 14 4 0
-0.011884 14 -4 0
-0.005069 14 6 0
-0.001885 14 -6 0
0.009020 14 8 0
0.012820 14 -8 0
-0.001579 14 10 0
-0.007138 14 -10 0
-0.004878 14 12 0
-0.010573 14 -12 0
0.003504 14 14 0
0.014564 14 -14 0
0.005136 15 1 0
-0.003737 15 -1 0
0.008607 15 3 0
-0.001400 15 -3 0
0.002222 15 5 0
-0.008081 15 -5 0
-0.004616 15 7 0
-0.015303 15 -7 0
-0.003186 15 9 0
0.014819 15 -9 0
-0.005297 15 11 0
0.009968 15 -11 0
-0.007711 15 13 0
0.007761 15 -13 0
-0.004684 15 15 0
-0.011511 15 -15 0
-0.000711 16 0 0
-0.001205 16 2 0
-0.005737 16 -2 0
0.003421 16 4 0
0.000998 16 -4 0
0.000640 16 6 0
0.004873 16 -6 0
-0.000885 16 8 0
-0.004652 16 -8 0
-0.000068 16 10 0
-0.002985 16 -10 0
0.000942 16 12 0
-0.000660 16 -12 0
0.000497 16 14 0
0.009233 16 -14 0
0.004996 16 16 0
0.009722 16 -16 0
0.001549 17 1 0
-0.006331 17 -1 0
0.002209 17 3 0
-0.003926 17 -3 0
0.003905 17 5 0
-0.002799 17 -5 0
0.002856 17 7 0
-0.002206 17 -7 0
-0.006305 17 9 0
-0.000608 17 -9 0
0.000701 17 11 0
0.005245 17 -11 0
-0.001431 17 13 0
0.007399 17 -13 0
-0.004774 17 15 0
-0.007019 17 -15 0
0.001226 17 17 0
0.002062 17 -17 0
-0.001082 18 0 0
-0.000272 18 2 0
-0.000352 18 -2 0
-0.001624 18 4 0
-0.000177 18 -4 0
0.003511 18 6 0
0.005343 18 -6 0
0.003852 18 8 0
0.007017 18 -8 0
-0.003457 18 10 0
-0.004339 18 -10 0
-0.003208 18 12 0
-0.002591 18 -12 0
0.002387 18 14 0
0.006289 18 -14 0
0.000883 18 16 0
0.007555 18 -16 0
0.004465 18 18 0
0.002612 18 -18 0
0.005645 19 1 0
-0.001232 19 -1 0
0.000833 19 3 0
-0.003777 19 -3 0
0.000834 19 5 0
-0.002902 19 -5 0
0.000684 19 7 0
0.000489 19 -7 0
0.000716 19 9 0
0.005868 19 -9 0
-0.004413 19 11 0
