0.046602 1 1 0
0.045155 1 -1 0
0.034994 2 0 0
-0.032293 2 2 0
-0.033508 2 -2 0
0.001064 3 1 0
0.079318 3 -1 0
-0.001203 3 3 0
-0.040308 3 -3 0
0.035263 4 0 0
0.017280 4 2 0
0.103277 4 -2 0
0.007286 4 4 0
-0.032224 4 -4 0
-0.009054 5 1 0
-0.015614 5 -1 0
0.023164 5 3 0
0.066842 5 -3 0
-0.011291 5 5 0
0.005414 5 -5 0
-0.022626 6 0 0
-0.000628 6 2 0
-0.055279 6 -2 0
0.019150 6 4 0
0.053377 6 -4 0
0.000997 6 6 0
-0.006150 6 -6 0
-0.008503 7 1 0
-0.050326 7 -1 0
-0.016178 7 3 0
-0.060490 7 -3 0
0.015920 7 5 0
0.027184 7 -5 0
-0.003232 7 7 0
-0.023440 7 -7 0
0.014334 8 0 0
0.007724 8 2 0
0.003838 8 -2 0
-0.011832 8 4 0
-0.058365 8 -4 0
0.005721 8 6 0
0.023609 8 -6 0
-0.009589 8 8 0
-0.004575 8 -8 0
0.000949 9 1 0
0.021524 9 -1 0
0.009838 9 3 0
0.006294 9 -3 0
-0.021672 9 5 0
-0.041631 9 -5 0
0.003187 9 7 0
0.000824 9 -7 0
0.000268 9 9 0
0.021163 9 -9 0
0.011913 10 0 0
0.010582 10 2 0
0.019528 10 -2 0
0.011527 10 4 0
0.025485 10 -4 0
-0.010966 10 6 0
-0.027100 10 -6 0
-0.008437 10 8 0
-0.007517 10 -8 0
0.004395 10 10 0
-0.025270 10 -10 0
-0.003662 11 1 0
-0.014522 11 -1 0
0.008349 11 3 0
-0.002227 11 -3 0
0.013539 11 5 0
0.022376 11 -5 0
-0.009842 11 7 0
-0.032871 11 -7 0
0.002751 11 9 0
0.016740 11 -9 0
-0.010807 11 11 0
0.029745 11 -11 0
-0.002474 12 0 0
-0.002080 12 2 0
-0.014290 12 -2 0
0.005983 12 4 0
-0.005007 12 -4 0
0.010287 12 6 0
0.020612 12 -6 0
-0.013840 12 8 0
-0.015231 12 -8 0
0.006165 12 10 0
-0.026110 12 -10 0
0.000637 12 12 0
0.006024 12 -12 0
-0.002759 13 1 0
-0.013185 13 -1 0
-0.002319 13 3 0
-0.020384 13 -3 0
-0.007106 13 5 0
-0.010520 13 -5 0
0.008113 13 7 0
0.004242 13 -7 0
-0.000998 13 9 0
0.007299 13 -9 0
-0.009567 13 11 0
0.013604 13 -11 0
-0.006356 13 13 0
0.015528 13 -13 0
0.007151 14 0 0
0.001908 14 2 0
0.005287 14 -2 0
-0.004998 14 4 0
-0.009746 14 -4 0
-0.002079 14 6 0
-0.008648 14 -6 0
0.000721 14 8 0
0.006350 14 -8 0
0.001311 14 10 0
-0.015362 14 -10 0
0.002106 14 12 0
-0.000659 14 -12 0
0.000421 14 14 0
0.012286 14 -14 0
0.001748 15 1 0
-0.002746 15 -1 0
0.006972 15 3 0
-0.003024 15 -3 0
-0.001322 15 5 0
-0.006491 15 -5 0
-0.006240 15 7 0
-0.018660 15 -7 0
0.006022 15 9 0
0.015377 15 -9 0
-0.006870 15 11 0
0.010548 15 -11 0
-0.006165 15 13 0
0.007767 15 -13 0
-0.004481 15 15 0
-0.002856 15 -15 0
0.001909 16 0 0
0.000356 16 2 0
0.000853 16 -2 0
0.004148 16 4 0
0.001953 16 -4 0
0.002878 16 6 0
-0.002620 16 -6 0
-0.003706 16 8 0
-0.008435 16 -8 0
0.000804 16 10 0
-0.005891 16 -10 0
0.004219 16 12 0
0.003720 16 -12 0
-0.002474 16 14 0
0.008509 16 -14 0
-0.003903 16 16 0
0.007080 16 -16 0
-0.000725 17 1 0
-0.004459 17 -1 0
0.001561 17 3 0
-0.003946 17 -3 0
0.001647 17 5 0
-0.001734 17 -5 0
0.002013 17 7 0
-0.004392 17 -7 0
-0.000218 17 9 0
-0.002141 17 -9 0
-0.001221 17 11 0
0.005431 17 -11 0
-0.000661 17 13 0
0.008795 17 -13 0
-0.002928 17 15 0
-0.004599 17 -15 0
-0.000702 17 17 0
0.002200 17 -17 0
0.000406 18 0 0
-0.000603 18 2 0
0.002223 18 -2 0
-0.003664 18 4 0
-0.000698 18 -4 0
0.003989 18 6 0
0.003156 18 -6 0
-0.000378 18 8 0
0.003342 18 -8 0
-0.003724 18 10 0
-0.005414 18 -10 0
-0.001639 18 12 0
0.001011 18 -12 0
0.001772 18 14 0
0.005970 18 -14 0
-0.003051 18 16 0
0.004588 18 -16 0
0.001113 18 18 0
-0.001974 18 -18 0
0.002945 19 1 0
-0.001601 19 -1 0
0.001985 19 3 0
-0.003695 19 -3 0
-0.000471 19 5 0
-0.001539 19 -5 0
-0.000650 19 7 0
-0.000649 19 -7 0
0.003962 19 9 0
0.003465 19 -9 0
-0.003676 19 11 0
