0.004904 1 1 0
0.093505 1 -1 0
0.005685 2 0 0
0.029139 2 2 0
0.019449 2 -2 0
-0.082888 3 1 0
0.022546 3 -1 0
-0.007209 3 3 0
0.000873 3 -3 0
-0.012574 4 0 0
-0.052852 4 2 0
0.001624 4 -2 0
-0.005994 4 4 0
-0.025561 4 -4 0
0.061336 5 1 0
-0.025971 5 -1 0
-0.067994 5 3 0
-0.038067 5 -3 0
0.007190 5 5 0
-0.030759 5 -5 0
-0.011744 6 0 0
0.086696 6 2 0
0.007330 6 -2 0
-0.022321 6 4 0
-0.018347 6 -4 0
-0.010846 6 6 0
-0.013238 6 -6 0
-0.063816 7 1 0
0.064860 7 -1 0
0.026763 7 3 0
0.042552 7 -3 0
0.015502 7 5 0
-0.034193 7 -5 0
0.025896 7 7 0
-0.007806 7 -7 0
0.028548 8 0 0
-0.078429 8 2 0
0.004923 8 -2 0
-0.009346 8 4 0
0.027381 8 -4 0
-0.008517 8 6 0
-0.002453 8 -6 0
-0.006384 8 8 0
0.020622 8 -8 0
-0.015129 9 1 0
0.019579 9 -1 0
-0.066836 9 3 0
-0.045877 9 -3 0
-0.004293 9 5 0
-0.007932 9 -5 0
0.026657 9 7 0
-0.014276 9 -7 0
-0.003845 9 9 0
-0.011568 9 -9 0
-0.016453 10 0 0
0.049574 10 2 0
0.001686 10 -2 0
-0.020617 10 4 0
-0.032573 10 -4 0
-0.022608 10 6 0
-0.003993 10 -6 0
0.000691 10 8 0
0.020088 10 -8 0
0.008009 10 10 0
0.008160 10 -10 0
-0.007856 11 1 0
0.009139 11 -1 0
0.012435 11 3 0
0.025199 11 -3 0
0.020984 11 5 0
-0.034244 11 -5 0
0.015106 11 7 0
-0.015111 11 -7 0
-0.007959 11 9 0
-0.005604 11 -9 0
0.001305 11 11 0
0.001310 11 -11 0
0.008719 12 0 0
-0.011460 12 2 0
0.002283 12 -2 0
-0.008537 12 4 0
0.021042 12 -4 0
-0.000631 12 6 0
-0.003118 12 -6 0
0.004148 12 8 0
0.009100 12 -8 0
0.009696 12 10 0
0.011022 12 -10 0
0.009706 12 12 0
0.001524 12 -12 0
-0.024785 13 1 0
0.031335 13 -1 0
-0.035552 13 3 0
-0.021712 13 -3 0
-0.003976 13 5 0
-0.007328 13 -5 0
0.021592 13 7 0
-0.005661 13 -7 0
-0.001598 13 9 0
-0.010068 13 -9 0
0.002030 13 11 0
-0.001769 13 -11 0
-0.002171 13 13 0
0.008185 13 -13 0
0.003572 14 0 0
-0.003147 14 2 0
-0.001804 14 -2 0
-0.009248 14 4 0
-0.021410 14 -4 0
-0.012995 14 6 0
-0.002449 14 -6 0
0.000327 14 8 0
0.014378 14 -8 0
0.010952 14 10 0
0.007849 14 -10 0
0.010823 14 12 0
0.003598 14 -12 0
0.000440 14 14 0
0.006209 14 -14 0
-0.004789 15 1 0
0.006783 15 -1 0
-0.003256 15 3 0
0.004576 15 -3 0
0.013503 15 5 0
-0.020064 15 -5 0
0.007373 15 7 0
-0.011212 15 -7 0
-0.007180 15 9 0
-0.004559 15 -9 0
0.003443 15 11 0
0.000972 15 -11 0
0.000497 15 13 0
0.003553 15 -13 0
0.003992 15 15 0
0.002231 15 -15 0
-0.002967 16 0 0
0.007705 16 2 0
-0.000073 16 -2 0
-0.004043 16 4 0
0.007335 16 -4 0
0.000158 16 6 0
-0.004136 16 -6 0
0.002316 16 8 0
0.004325 16 -8 0
0.003751 16 10 0
0.002586 16 -10 0
0.004943 16 12 0
0.000867 16 -12 0
0.002267 16 14 0
0.005700 16 -14 0
-0.000375 16 16 0
0.002777 16 -16 0
-0.006163 17 1 0
0.007754 17 -1 0
-0.010192 17 3 0
-0.006257 17 -3 0
-0.002444 17 5 0
-0.002235 17 -5 0
0.006719 17 7 0
-0.002511 17 -7 0
0.001722 17 9 0
-0.007024 17 -9 0
0.000765 17 11 0
-0.002343 17 -11 0
-0.001282 17 13 0
0.004832 17 -13 0
0.001280 17 15 0
0.000890 17 -15 0
-0.002695 17 17 0
-0.001960 17 -17 0
0.002517 18 0 0
-0.004528 18 2 0
-0.002797 18 -2 0
-0.002171 18 4 0
-0.006745 18 -4 0
-0.006232 18 6 0
-0.004897 18 -6 0
0.001315 18 8 0
0.004681 18 -8 0
0.006707 18 10 0
0.002554 18 -10 0
0.003538 18 12 0
-0.000977 18 -12 0
0.001568 18 14 0
0.001310 18 -14 0
-0.000008 18 16 0
0.000794 18 -16 0
-0.000269 18 18 0
-0.001756 18 -18 0
-0.002466 19 1 0
0.006015 19 -1 0
-0.006060 19 3 0
-0.002080 19 -3 0
0.005424 19 5 0
-0.007334 19 -5 0
0.002946 19 7 0
-0.002352 19 -7 0
-0.003288 19 9 0
-0.002582 19 -9 0
0.001439 19 11 0
