0.124165 1 1 0
-0.038698 1 -1 0
0.012011 2 0 0
0.020417 2 2 0
0.033527 2 -2 0
-0.083818 3 1 0
0.079158 3 -1 0
0.010200 3 3 0
0.000690 3 -3 0
-0.003924 4 0 0
-0.056665 4 2 0
0.008708 4 -2 0
-0.011753 4 4 0
-0.009989 4 -4 0
0.066840 5 1 0
-0.029164 5 -1 0
-0.041030 5 3 0
-0.038776 5 -3 0
0.017985 5 5 0
-0.026111 5 -5 0
0.001701 6 0 0
0.096585 6 2 0
0.011346 6 -2 0
-0.013700 6 4 0
-0.025370 6 -4 0
-0.036816 6 6 0
-0.014141 6 -6 0
-0.057782 7 1 0
0.087675 7 -1 0
0.032340 7 3 0
0.036817 7 -3 0
0.012581 7 5 0
-0.036964 7 -5 0
0.017657 7 7 0
-0.007739 7 -7 0
0.040533 8 0 0
-0.076140 8 2 0
0.014175 8 -2 0
-0.016420 8 4 0
0.029285 8 -4 0
-0.032866 8 6 0
-0.006703 8 -6 0
-0.004398 8 8 0
-0.000581 8 -8 0
-0.007414 9 1 0
0.033231 9 -1 0
-0.048065 9 3 0
-0.051866 9 -3 0
-0.002232 9 5 0
-0.008795 9 -5 0
0.018990 9 7 0
-0.010321 9 -7 0
-0.003393 9 9 0
-0.002693 9 -9 0
-0.006856 10 0 0
0.055322 10 2 0
0.008896 10 -2 0
-0.015853 10 4 0
-0.033080 10 -4 0
-0.045916 10 6 0
-0.008258 10 -6 0
0.002959 10 8 0
0.006807 10 -8 0
0.026272 10 10 0
-0.009070 10 -10 0
-0.003337 11 1 0
0.020834 11 -1 0
0.024981 11 3 0
0.018167 11 -3 0
0.018379 11 5 0
-0.032529 11 -5 0
0.006561 11 7 0
-0.012705 11 -7 0
-0.008543 11 9 0
0.002026 11 -9 0
-0.000532 11 11 0
-0.013532 11 -11 0
0.017451 12 0 0
-0.010662 12 2 0
0.008889 12 -2 0
-0.009007 12 4 0
0.020989 12 -4 0
-0.017986 12 6 0
-0.007661 12 -6 0
0.002686 12 8 0
-0.002958 12 -8 0
0.022832 12 10 0
-0.004696 12 -10 0
0.016007 12 12 0
-0.002765 12 -12 0
-0.021624 13 1 0
0.038965 13 -1 0
-0.024541 13 3 0
-0.024938 13 -3 0
-0.001860 13 5 0
-0.008750 13 -5 0
0.015692 13 7 0
-0.004829 13 -7 0
-0.003058 13 9 0
-0.000718 13 -9 0
-0.001124 13 11 0
-0.015478 13 -11 0
0.000779 13 13 0
-0.005349 13 -13 0
0.008995 14 0 0
0.000322 14 2 0
0.003993 14 -2 0
-0.009166 14 4 0
-0.021820 14 -4 0
-0.029022 14 6 0
-0.005965 14 -6 0
0.005549 14 8 0
0.006326 14 -8 0
0.020142 14 10 0
-0.002825 14 -10 0
0.013455 14 12 0
-0.003295 14 -12 0
0.001637 14 14 0
0.005215 14 -14 0
-0.003071 15 1 0
0.011026 15 -1 0
0.004617 15 3 0
-0.000593 15 -3 0
0.012405 15 5 0
-0.020063 15 -5 0
0.003567 15 7 0
-0.008680 15 -7 0
-0.006975 15 9 0
0.004233 15 -9 0
0.001182 15 11 0
-0.005912 15 -11 0
0.001555 15 13 0
-0.003298 15 -13 0
-0.000102 15 15 0
-0.001626 15 -15 0
0.000577 16 0 0
0.007726 16 2 0
0.003436 16 -2 0
-0.003391 16 4 0
0.008284 16 -4 0
-0.007078 16 6 0
-0.003391 16 -6 0
0.000734 16 8 0
-0.002118 16 -8 0
0.008055 16 10 0
-0.004083 16 -10 0
0.008260 16 12 0
-0.002895 16 -12 0
0.001025 16 14 0
0.004175 16 -14 0
0.007680 16 16 0
0.012790 16 -16 0
-0.004783 17 1 0
0.009261 17 -1 0
-0.005761 17 3 0
-0.007794 17 -3 0
-0.001492 17 5 0
-0.001334 17 -5 0
0.004545 17 7 0
-0.003455 17 -7 0
-0.000379 17 9 0
-0.002898 17 -9 0
-0.000844 17 11 0
-0.007045 17 -11 0
-0.000168 17 13 0
0.000713 17 -13 0
0.000311 17 15 0
-0.001411 17 -15 0
-0.002684 17 17 0
0.000917 17 -17 0
0.002941 18 0 0
-0.005724 18 2 0
0.001882 18 -2 0
-0.003000 18 4 0
-0.007066 18 -4 0
-0.010806 18 6 0
-0.004470 18 -6 0
0.003395 18 8 0
0.002605 18 -8 0
0.008264 18 10 0
-0.000531 18 -10 0
0.005161 18 12 0
-0.001041 18 -12 0
-0.000070 18 14 0
0.000427 18 -14 0
0.003378 18 16 0
0.004954 18 -16 0
0.002942 18 18 0
0.002518 18 -18 0
-0.002351 19 1 0
0.006095 19 -1 0
-0.003467 19 3 0
-0.003765 19 -3 0
0.005016 19 5 0
-0.006253 19 -5 0
0.001773 19 7 0
-0.001338 19 -7 0
-0.003352 19 9 0
0.002419 19 -9 0
0.000205 19 11 0
