0.054048 1 1 0
-0.094626 1 -1 0
0.029201 2 0 0
0.019555 2 2 0
-0.007811 2 -2 0
-0.081647 3 1 0
0.074324 3 -1 0
-0.023380 3 3 0
-0.024618 3 -3 0
-0.010605 4 0 0
-0.076593 4 2 0
0.011611 4 -2 0
-0.029621 4 4 0
-0.013591 4 -4 0
0.060937 5 1 0
-0.052191 5 -1 0
-0.042130 5 3 0
-0.018036 5 -3 0
0.008352 5 5 0
-0.013554 5 -5 0
-0.000738 6 0 0
0.084019 6 2 0
0.008922 6 -2 0
-0.031465 6 4 0
-0.024892 6 -4 0
-0.031257 6 6 0
-0.011255 6 -6 0
-0.055818 7 1 0
0.072554 7 -1 0
0.025415 7 3 0
0.038448 7 -3 0
-0.002538 7 5 0
-0.020487 7 -5 0
-0.001761 7 7 0
0.001167 7 -7 0
0.039288 8 0 0
-0.088246 8 2 0
0.009469 8 -2 0
-0.026897 8 4 0
0.028952 8 -4 0
-0.032825 8 6 0
-0.001056 8 -6 0
0.005288 8 8 0
0.008387 8 -8 0
-0.008415 9 1 0
0.015357 9 -1 0
-0.055917 9 3 0
-0.039673 9 -3 0
-0.011739 9 5 0
0.009523 9 -5 0
-0.002775 9 7 0
-0.008682 9 -7 0
-0.016563 9 9 0
-0.022442 9 -9 0
-0.009065 10 0 0
0.041261 10 2 0
0.005931 10 -2 0
-0.033325 10 4 0
-0.036225 10 -4 0
-0.044924 10 6 0
-0.000541 10 -6 0
0.010419 10 8 0
0.009429 10 -8 0
0.031065 10 10 0
-0.002699 10 -10 0
-0.002205 11 1 0
0.008143 11 -1 0
0.021312 11 3 0
0.029050 11 -3 0
0.007450 11 5 0
-0.020030 11 -5 0
-0.009036 11 7 0
-0.006233 11 -7 0
-0.020041 11 9 0
-0.016058 11 -9 0
0.000472 11 11 0
-0.010251 11 -11 0
0.014335 12 0 0
-0.020894 12 2 0
0.005352 12 -2 0
-0.018762 12 4 0
0.019678 12 -4 0
-0.021485 12 6 0
-0.004426 12 -6 0
0.006260 12 8 0
0.001176 12 -8 0
0.026629 12 10 0
0.001829 12 -10 0
0.013536 12 12 0
0.010802 12 -12 0
-0.021473 13 1 0
0.028535 13 -1 0
-0.029061 13 3 0
-0.019482 13 -3 0
-0.008553 13 5 0
0.004522 13 -5 0
0.000517 13 7 0
-0.002007 13 -7 0
-0.011966 13 9 0
-0.014859 13 -9 0
-0.000134 13 11 0
-0.011387 13 -11 0
-0.003867 13 13 0
0.006580 13 -13 0
0.008841 14 0 0
-0.006172 14 2 0
0.001248 14 -2 0
-0.017070 14 4 0
-0.023252 14 -4 0
-0.027848 14 6 0
-0.001892 14 -6 0
0.007994 14 8 0
0.008277 14 -8 0
0.024237 14 10 0
0.002509 14 -10 0
0.015430 14 12 0
0.005960 14 -12 0
-0.011490 14 14 0
0.014734 14 -14 0
-0.002275 15 1 0
0.003069 15 -1 0
0.003149 15 3 0
0.004730 15 -3 0
0.009093 15 5 0
-0.013500 15 -5 0
-0.004867 15 7 0
-0.006200 15 -7 0
-0.014048 15 9 0
-0.005219 15 -9 0
0.001011 15 11 0
-0.004038 15 -11 0
-0.000243 15 13 0
0.001231 15 -13 0
0.005724 15 15 0
0.000365 15 -15 0
0.000642 16 0 0
0.003783 16 2 0
0.000805 16 -2 0
-0.008018 16 4 0
0.007552 16 -4 0
-0.008224 16 6 0
-0.002302 16 -6 0
0.003079 16 8 0
-0.001260 16 -8 0
0.010817 16 10 0
-0.002192 16 -10 0
0.007469 16 12 0
0.002816 16 -12 0
-0.003064 16 14 0
0.009680 16 -14 0
0.005142 16 16 0
0.007641 16 -16 0
-0.002773 17 1 0
0.005024 17 -1 0
-0.006147 17 3 0
-0.005300 17 -3 0
-0.003540 17 5 0
0.001065 17 -5 0
-0.000559 17 7 0
-0.001313 17 -7 0
-0.002776 17 9 0
-0.009355 17 -9 0
-0.000202 17 11 0
-0.006107 17 -11 0
-0.001812 17 13 0
0.003097 17 -13 0
0.003654 17 15 0
-0.001142 17 -15 0
0.000058 17 17 0
0.000080 17 -17 0
0.002914 18 0 0
-0.007762 18 2 0
-0.000855 18 -2 0
-0.005439 18 4 0
-0.008352 18 -4 0
-0.012655 18 6 0
-0.003463 18 -6 0
0.003411 18 8 0
0.003103 18 -8 0
0.009338 18 10 0
-0.000209 18 -10 0
0.005351 18 12 0
0.000428 18 -12 0
-0.000733 18 14 0
0.004772 18 -14 0
0.002254 18 16 0
0.003286 18 -16 0
0.001209 18 18 0
0.000751 18 -18 0
-0.001756 19 1 0
0.004144 19 -1 0
-0.002671 19 3 0
-0.003022 19 -3 0
0.004987 19 5 0
-0.004722 19 -5 0
-0.002099 19 7 0
-0.000928 19 -7 0
-0.004577 19 9 0
-0.000987 19 -9 0
-0.001089 19 11 0
