-0.060898 1 1 0
0.115777 1 -1 0
-0.154542 2 0 0
-0.052801 2 2 0
-0.010938 2 -2 0
0.238083 3 1 0
-0.262400 3 -1 0
-0.025697 3 3 0
0.012542 3 -3 0
0.076847 4 0 0
0.242805 4 2 0
-0.021659 4 -2 0
0.001281 4 4 0
0.003230 4 -4 0
-0.233862 5 1 0
0.262009 5 -1 0
0.121360 5 3 0
0.097128 5 -3 0
-0.018544 5 5 0
0.023786 5 -5 0
0.039062 6 0 0
-0.313389 6 2 0
0.036180 6 -2 0
0.009060 6 4 0
0.094009 6 -4 0
0.001825 6 6 0
0.009337 6 -6 0
0.140909 7 1 0
-0.147285 7 -1 0
-0.161480 7 3 0
-0.106376 7 -3 0
-0.027233 7 5 0
0.037897 7 -5 0
-0.003311 7 7 0
-0.002741 7 -7 0
-0.090516 8 0 0
0.262957 8 2 0
-0.011977 8 -2 0
-0.013038 8 4 0
-0.093023 8 -4 0
-0.014893 8 6 0
0.001757 8 -6 0
0.000443 8 8 0
0.005005 8 -8 0
-0.006307 9 1 0
0.012072 9 -1 0
0.166492 9 3 0
0.141128 9 -3 0
0.027224 9 5 0
-0.031652 9 -5 0
-0.006671 9 7 0
-0.000967 9 -7 0
0.000406 9 9 0
0.009062 9 -9 0
0.064576 10 0 0
-0.139492 10 2 0
0.016421 10 -2 0
0.021957 10 4 0
0.136198 10 -4 0
0.044527 10 6 0
-0.002724 10 -6 0
-0.002587 10 8 0
-0.001637 10 -8 0
-0.012037 10 10 0
0.004874 10 -10 0
-0.041917 11 1 0
0.045335 11 -1 0
-0.105729 11 3 0
-0.073662 11 -3 0
-0.043164 11 5 0
0.067662 11 -5 0
0.022462 11 7 0
0.027660 11 -7 0
0.005792 11 9 0
0.000515 11 -9 0
0.008464 11 11 0
0.011335 11 -11 0
-0.013572 12 0 0
0.042571 12 2 0
0.010911 12 -2 0
-0.011536 12 4 0
-0.066445 12 -4 0
-0.022658 12 6 0
0.010590 12 -6 0
0.006962 12 8 0
0.031225 12 -8 0
-0.003953 12 10 0
0.008612 12 -10 0
0.000339 12 12 0
0.023604 12 -12 0
0.044411 13 1 0
-0.035311 13 -1 0
0.066659 13 3 0
0.076707 13 -3 0
0.016527 13 5 0
-0.024500 13 -5 0
-0.014902 13 7 0
-0.005830 13 -7 0
-0.009562 13 9 0
0.022722 13 -9 0
0.007840 13 11 0
0.009422 13 -11 0
-0.002006 13 13 0
0.014099 13 -13 0
-0.008965 14 0 0
0.010628 14 2 0
0.007124 14 -2 0
0.009040 14 4 0
0.083903 14 -4 0
0.033235 14 6 0
-0.002207 14 -6 0
-0.001341 14 8 0
-0.010170 14 -8 0
-0.014671 14 10 0
0.011677 14 -10 0
0.002576 14 12 0
0.025483 14 -12 0
-0.002822 14 14 0
0.008328 14 -14 0
-0.014584 15 1 0
0.015857 15 -1 0
-0.015214 15 3 0
-0.006296 15 -3 0
-0.027976 15 5 0
0.045344 15 -5 0
0.021056 15 7 0
0.017824 15 -7 0
0.007085 15 9 0
-0.004844 15 -9 0
0.002644 15 11 0
0.006366 15 -11 0
-0.002476 15 13 0
0.014639 15 -13 0
0.001756 15 15 0
0.006981 15 -15 0
0.015737 16 0 0
-0.013852 16 2 0
0.004386 16 -2 0
0.002583 16 4 0
-0.017460 16 -4 0
-0.012818 16 6 0
0.006927 16 -6 0
0.006538 16 8 0
0.021131 16 -8 0
0.004985 16 10 0
0.003526 16 -10 0
0.002928 16 12 0
0.016042 16 -12 0
-0.004014 16 14 0
0.008878 16 -14 0
-0.001018 16 16 0
0.004186 16 -16 0
0.002326 17 1 0
0.002090 17 -1 0
0.009579 17 3 0
0.016019 17 -3 0
0.009452 17 5 0
-0.007560 17 -5 0
-0.008989 17 7 0
-0.003184 17 -7 0
-0.005238 17 9 0
0.018641 17 -9 0
0.007374 17 11 0
0.007441 17 -11 0
-0.002905 17 13 0
0.010960 17 -13 0
-0.002772 17 15 0
0.000430 17 -15 0
-0.000507 17 17 0
0.001527 17 -17 0
-0.009069 18 0 0
0.012363 18 2 0
0.004844 18 -2 0
0.001981 18 4 0
0.026977 18 -4 0
0.011755 18 6 0
-0.003204 18 -6 0
-0.000947 18 8 0
-0.004874 18 -8 0
-0.013265 18 10 0
0.006265 18 -10 0
0.001082 18 12 0
0.011970 18 -12 0
-0.001367 18 14 0
0.005675 18 -14 0
-0.003264 18 16 0
-0.000267 18 -16 0
-0.000489 18 18 0
0.000277 18 -18 0
0.008563 19 1 0
-0.007421 19 -1 0
0.002624 19 3 0
0.009227 19 -3 0
-0.011101 19 5 0
0.015164 19 -5 0
0.006182 19 7 0
0.006485 19 -7 0
0.002045 19 9 0
-0.003906 19 -9 0
-0.004256 19 11 0
