-0.029891 1 1 0
0.125593 1 -1 0
-0.174694 2 0 0
-0.025513 2 2 0
0.007409 2 -2 0
0.225841 3 1 0
-0.266492 3 -1 0
-0.017940 3 3 0
0.017146 3 -3 0
0.078862 4 0 0
0.250226 4 2 0
-0.019549 4 -2 0
0.005878 4 4 0
0.024361 4 -4 0
-0.232027 5 1 0
0.262517 5 -1 0
0.115651 5 3 0
0.102611 5 -3 0
-0.010038 5 5 0
0.020603 5 -5 0
0.039211 6 0 0
-0.315845 6 2 0
0.032126 6 -2 0
0.010440 6 4 0
0.083563 6 -4 0
0.001160 6 6 0
-0.009979 6 -6 0
0.135880 7 1 0
-0.144546 7 -1 0
-0.169200 7 3 0
-0.105211 7 -3 0
-0.035842 7 5 0
0.050252 7 -5 0
-0.010550 7 7 0
0.003001 7 -7 0
-0.093048 8 0 0
0.266411 8 2 0
-0.004812 8 -2 0
-0.013774 8 4 0
-0.094625 8 -4 0
-0.005992 8 6 0
0.005706 8 -6 0
0.004819 8 8 0
0.003114 8 -8 0
-0.004628 9 1 0
0.011832 9 -1 0
0.160271 9 3 0
0.147195 9 -3 0
0.025792 9 5 0
-0.028418 9 -5 0
-0.017486 9 7 0
0.001014 9 -7 0
-0.001917 9 9 0
0.002122 9 -9 0
0.062254 10 0 0
-0.138093 10 2 0
0.020090 10 -2 0
0.022183 10 4 0
0.134994 10 -4 0
0.050017 10 6 0
-0.002979 10 -6 0
0.004482 10 8 0
-0.001426 10 -8 0
-0.010710 10 10 0
0.014502 10 -10 0
-0.042065 11 1 0
0.044127 11 -1 0
-0.115691 11 3 0
-0.070076 11 -3 0
-0.043542 11 5 0
0.073051 11 -5 0
0.013722 11 7 0
0.026990 11 -7 0
0.000938 11 9 0
-0.002533 11 -9 0
-0.002239 11 11 0
0.006826 11 -11 0
-0.014410 12 0 0
0.044367 12 2 0
0.018097 12 -2 0
-0.010821 12 4 0
-0.067554 12 -4 0
-0.017745 12 6 0
0.012306 12 -6 0
0.011338 12 8 0
0.029825 12 -8 0
0.000628 12 10 0
0.017258 12 -10 0
0.003789 12 12 0
0.033684 12 -12 0
0.045812 13 1 0
-0.035894 13 -1 0
0.059149 13 3 0
0.078976 13 -3 0
0.016014 13 5 0
-0.020882 13 -5 0
-0.024083 13 7 0
-0.002953 13 -7 0
-0.012679 13 9 0
0.017665 13 -9 0
0.000781 13 11 0
0.004634 13 -11 0
0.000729 13 13 0
0.009299 13 -13 0
-0.010274 14 0 0
0.012596 14 2 0
0.013793 14 -2 0
0.008316 14 4 0
0.084036 14 -4 0
0.037581 14 6 0
-0.000046 14 -6 0
0.001242 14 8 0
-0.010020 14 -8 0
-0.014028 14 10 0
0.020100 14 -10 0
0.005956 14 12 0
0.029387 14 -12 0
0.000574 14 14 0
0.017327 14 -14 0
-0.013883 15 1 0
0.013695 15 -1 0
-0.022019 15 3 0
-0.005174 15 -3 0
-0.027932 15 5 0
0.047255 15 -5 0
0.014803 15 7 0
0.019713 15 -7 0
0.004766 15 9 0
-0.006673 15 -9 0
-0.003964 15 11 0
0.004634 15 -11 0
-0.000454 15 13 0
0.010513 15 -13 0
0.005179 15 15 0
0.004099 15 -15 0
0.014284 16 0 0
-0.012860 16 2 0
0.009202 16 -2 0
0.002510 16 4 0
-0.017952 16 -4 0
-0.008887 16 6 0
0.008387 16 -6 0
0.008295 16 8 0
0.021142 16 -8 0
0.005928 16 10 0
0.008658 16 -10 0
0.002859 16 12 0
0.019471 16 -12 0
-0.004396 16 14 0
0.013523 16 -14 0
-0.000290 16 16 0
0.002698 16 -16 0
0.002795 17 1 0
0.000767 17 -1 0
0.006509 17 3 0
0.017924 17 -3 0
0.009158 17 5 0
-0.004752 17 -5 0
-0.013289 17 7 0
-0.002284 17 -7 0
-0.006900 17 9 0
0.016088 17 -9 0
0.002413 17 11 0
0.005832 17 -11 0
-0.000543 17 13 0
0.008397 17 -13 0
-0.002273 17 15 0
0.000787 17 -15 0
0.002239 17 17 0
0.001285 17 -17 0
-0.010047 18 0 0
0.013281 18 2 0
0.007145 18 -2 0
0.001998 18 4 0
0.027473 18 -4 0
0.013666 18 6 0
-0.002300 18 -6 0
0.000773 18 8 0
-0.004209 18 -8 0
-0.014037 18 10 0
0.009395 18 -10 0
0.002363 18 12 0
0.013182 18 -12 0
0.000190 18 14 0
0.008336 18 -14 0
-0.002534 18 16 0
-0.001055 18 -16 0
-0.000958 18 18 0
0.003761 18 -18 0
0.008510 19 1 0
-0.007652 19 -1 0
-0.000064 19 3 0
0.010306 19 -3 0
-0.012759 19 5 0
0.015838 19 -5 0
0.004485 19 7 0
0.006100 19 -7 0
0.001177 19 9 0
-0.005061 19 -9 0
-0.006800 19 11 0
