-0.036302 1 1 0
0.000710 1 -1 0
-0.150008 2 0 0
-0.052506 2 2 0
0.011831 2 -2 0
0.227390 3 1 0
-0.226248 3 -1 0
-0.009760 3 3 0
0.001728 3 -3 0
0.069874 4 0 0
0.241142 4 2 0
-0.006487 4 -2 0
-0.000808 4 4 0
0.011061 4 -4 0
-0.229644 5 1 0
0.251764 5 -1 0
0.112172 5 3 0
0.102039 5 -3 0
-0.015792 5 5 0
0.020951 5 -5 0
0.042144 6 0 0
-0.308171 6 2 0
0.019116 6 -2 0
0.017151 6 4 0
0.082968 6 -4 0
-0.000966 6 6 0
-0.007816 6 -6 0
0.136913 7 1 0
-0.145679 7 -1 0
-0.159845 7 3 0
-0.105632 7 -3 0
-0.026340 7 5 0
0.050081 7 -5 0
0.001360 7 7 0
0.001921 7 -7 0
-0.094261 8 0 0
0.263384 8 2 0
-0.011429 8 -2 0
-0.017495 8 4 0
-0.095323 8 -4 0
-0.011437 8 6 0
0.006404 8 -6 0
-0.002494 8 8 0
0.005204 8 -8 0
-0.009930 9 1 0
0.009119 9 -1 0
0.162035 9 3 0
0.146510 9 -3 0
0.024848 9 5 0
-0.031392 9 -5 0
-0.011186 9 7 0
-0.004135 9 -7 0
-0.002744 9 9 0
0.000262 9 -9 0
0.062744 10 0 0
-0.139494 10 2 0
0.013406 10 -2 0
0.023672 10 4 0
0.129423 10 -4 0
0.046445 10 6 0
-0.010874 10 -6 0
0.000816 10 8 0
-0.000849 10 -8 0
-0.013498 10 10 0
0.008949 10 -10 0
-0.043034 11 1 0
0.043223 11 -1 0
-0.109295 11 3 0
-0.070246 11 -3 0
-0.039797 11 5 0
0.073888 11 -5 0
0.023164 11 7 0
0.022212 11 -7 0
0.001946 11 9 0
-0.003867 11 -9 0
0.000225 11 11 0
0.006740 11 -11 0
-0.014696 12 0 0
0.043495 12 2 0
0.009043 12 -2 0
-0.011988 12 4 0
-0.069315 12 -4 0
-0.023878 12 6 0
0.008660 12 -6 0
0.003939 12 8 0
0.028587 12 -8 0
-0.000596 12 10 0
0.013223 12 -10 0
0.004572 12 12 0
0.029991 12 -12 0
0.044404 13 1 0
-0.038669 13 -1 0
0.064003 13 3 0
0.077387 13 -3 0
0.018320 13 5 0
-0.021932 13 -5 0
-0.018317 13 7 0
-0.005996 13 -7 0
-0.011156 13 9 0
0.017901 13 -9 0
0.002530 13 11 0
0.006940 13 -11 0
-0.005123 13 13 0
0.008935 13 -13 0
-0.010409 14 0 0
0.014218 14 2 0
0.007090 14 -2 0
0.008746 14 4 0
0.080771 14 -4 0
0.033722 14 6 0
-0.005846 14 -6 0
-0.002384 14 8 0
-0.010760 14 -8 0
-0.014427 14 10 0
0.011459 14 -10 0
0.005887 14 12 0
0.029312 14 -12 0
0.001200 14 14 0
0.013100 14 -14 0
-0.016797 15 1 0
0.012562 15 -1 0
-0.017965 15 3 0
-0.004486 15 -3 0
-0.026571 15 5 0
0.047280 15 -5 0
0.021419 15 7 0
0.014391 15 -7 0
0.006159 15 9 0
-0.007058 15 -9 0
-0.002892 15 11 0
0.006209 15 -11 0
-0.002992 15 13 0
0.011832 15 -13 0
0.002061 15 15 0
0.001392 15 -15 0
0.015664 16 0 0
-0.015515 16 2 0
0.004016 16 -2 0
0.002326 16 4 0
-0.018376 16 -4 0
-0.012418 16 6 0
0.007416 16 -6 0
0.004927 16 8 0
0.020600 16 -8 0
0.004658 16 10 0
0.005209 16 -10 0
0.003678 16 12 0
0.017920 16 -12 0
-0.003209 16 14 0
0.010785 16 -14 0
0.000539 16 16 0
0.004123 16 -16 0
0.001725 17 1 0
-0.001204 17 -1 0
0.008609 17 3 0
0.016847 17 -3 0
0.009654 17 5 0
-0.007111 17 -5 0
-0.010554 17 7 0
-0.004403 17 -7 0
-0.006955 17 9 0
0.015626 17 -9 0
0.004807 17 11 0
0.008084 17 -11 0
-0.002113 17 13 0
0.009594 17 -13 0
-0.002307 17 15 0
-0.001547 17 -15 0
-0.001632 17 17 0
-0.001245 17 -17 0
-0.009376 18 0 0
0.014993 18 2 0
0.005383 18 -2 0
0.002763 18 4 0
0.025823 18 -4 0
0.012352 18 6 0
-0.004662 18 -6 0
-0.001463 18 8 0
-0.004757 18 -8 0
-0.013942 18 10 0
0.006046 18 -10 0
0.002594 18 12 0
0.013112 18 -12 0
-0.001161 18 14 0
0.005081 18 -14 0
-0.002158 18 16 0
0.001217 18 -16 0
-0.001002 18 18 0
0.002973 18 -18 0
0.006660 19 1 0
-0.008451 19 -1 0
0.002272 19 3 0
0.009003 19 -3 0
-0.011779 19 5 0
0.015880 19 -5 0
0.007002 19 7 0
0.004722 19 -7 0
0.000635 19 9 0
-0.004925 19 -9 0
-0.006744 19 11 0
