0.060986 1 1 0
0.288064 1 -1 0
-0.044571 2 0 0
0.160894 2 2 0
-0.045654 2 -2 0
0.326259 3 1 0
0.173105 3 -1 0
0.010428 3 3 0
0.161808 3 -3 0
-0.182601 4 0 0
-0.330866 4 2 0
0.252006 4 -2 0
-0.111251 4 4 0
-0.056836 4 -4 0
0.102136 5 1 0
-0.003190 5 -1 0
-0.040868 5 3 0
-0.394043 5 -3 0
0.086980 5 5 0
-0.055398 5 -5 0
0.084602 6 0 0
0.153479 6 2 0
-0.027430 6 -2 0
0.262559 6 4 0
0.198336 6 -4 0
-0.020933 6 6 0
0.061704 6 -6 0
-0.159106 7 1 0
-0.198897 7 -1 0
-0.070646 7 3 0
0.256885 7 -3 0
-0.220079 7 5 0
0.089293 7 -5 0
0.016671 7 7 0
-0.036017 7 -7 0
0.036905 8 0 0
0.156156 8 2 0
-0.004878 8 -2 0
-0.210817 8 4 0
-0.137400 8 -4 0
0.002146 8 6 0
-0.217332 8 -6 0
0.098514 8 8 0
-0.006542 8 -8 0
0.086579 9 1 0
-0.030969 9 -1 0
-0.047594 9 3 0
0.007159 9 -3 0
0.169713 9 5 0
-0.086186 9 -5 0
0.171650 9 7 0
0.107475 9 -7 0
-0.104716 9 9 0
0.013222 9 -9 0
-0.056654 10 0 0
-0.060690 10 2 0
0.051486 10 -2 0
0.069528 10 4 0
0.071872 10 -4 0
-0.015424 10 6 0
0.119285 10 -6 0
-0.053899 10 8 0
0.037964 10 -8 0
-0.093075 10 10 0
-0.099532 10 -10 0
0.062389 11 1 0
-0.058004 11 -1 0
-0.016759 11 3 0
-0.060025 11 -3 0
-0.141936 11 5 0
0.041370 11 -5 0
-0.027360 11 7 0
-0.035303 11 -7 0
-0.046166 11 9 0
-0.082493 11 -9 0
0.073113 11 11 0
0.102543 11 -11 0
0.004096 12 0 0
0.043015 12 2 0
0.007834 12 -2 0
0.008094 12 4 0
0.025315 12 -4 0
0.018647 12 6 0
-0.150511 12 -6 0
0.073515 12 8 0
-0.012137 12 -8 0
-0.042240 12 10 0
-0.015853 12 -10 0
-0.055641 12 12 0
-0.141017 12 -12 0
0.004653 13 1 0
-0.089379 13 -1 0
-0.046239 13 3 0
0.046089 13 -3 0
-0.008509 13 5 0
-0.018264 13 -5 0
0.104771 13 7 0
0.074532 13 -7 0
-0.053676 13 9 0
0.007549 13 -9 0
0.025225 13 11 0
0.055041 13 -11 0
-0.036221 13 13 0
-0.087985 13 -13 0
0.003116 14 0 0
0.044177 14 2 0
-0.001036 14 -2 0
-0.021868 14 4 0
-0.015969 14 -4 0
0.004320 14 6 0
0.017916 14 -6 0
-0.052561 14 8 0
0.041494 14 -8 0
-0.071106 14 10 0
-0.052382 14 -10 0
-0.022252 14 12 0
-0.107438 14 -12 0
0.070995 14 14 0
0.025367 14 -14 0
0.025248 15 1 0
-0.039798 15 -1 0
-0.015640 15 3 0
0.010165 15 -3 0
-0.009639 15 5 0
0.008037 15 -5 0
-0.022899 15 7 0
-0.007077 15 -7 0
-0.027085 15 9 0
-0.071771 15 -9 0
0.056439 15 11 0
0.032570 15 -11 0
-0.016834 15 13 0
-0.034014 15 -13 0
0.048917 15 15 0
-0.036509 15 -15 0
-0.014039 16 0 0
-0.013829 16 2 0
-0.003233 16 -2 0
0.000630 16 4 0
0.022087 16 -4 0
0.009404 16 6 0
-0.023031 16 -6 0
0.030213 16 8 0
-0.005904 16 -8 0
-0.009446 16 10 0
-0.004191 16 -10 0
-0.024991 16 12 0
-0.037365 16 -12 0
0.028308 16 14 0
0.017608 16 -14 0
0.023060 16 16 0
0.050129 16 -16 0
0.028620 17 1 0
-0.015470 17 -1 0
-0.006219 17 3 0
-0.009220 17 -3 0
-0.033416 17 5 0
-0.006972 17 -5 0
0.017619 17 7 0
0.019049 17 -7 0
-0.015071 17 9 0
0.007280 17 -9 0
0.008330 17 11 0
0.019171 17 -11 0
-0.011073 17 13 0
-0.035177 17 -13 0
0.017907 17 15 0
-0.020264 17 -15 0
0.005453 17 17 0
-0.011734 17 -17 0
-0.008366 18 0 0
-0.002152 18 2 0
0.006650 18 -2 0
0.004274 18 4 0
0.011390 18 -4 0
0.016778 18 6 0
-0.015020 18 -6 0
-0.020562 18 8 0
0.014313 18 -8 0
-0.034102 18 10 0
-0.019122 18 -10 0
-0.003494 18 12 0
-0.035455 18 -12 0
0.022330 18 14 0
0.015734 18 -14 0
0.007582 18 16 0
0.024345 18 -16 0
0.017999 18 18 0
0.007320 18 -18 0
0.011140 19 1 0
-0.015458 19 -1 0
-0.011935 19 3 0
0.000095 19 -3 0
-0.008507 19 5 0
0.007582 19 -5 0
-0.005116 19 7 0
0.013902 19 -7 0
-0.003323 19 9 0
-0.026107 19 -9 0
0.022448 19 11 0
