0.020010 1 1 0
0.325501 1 -1 0
-0.075355 2 0 0
0.190041 2 2 0
-0.076989 2 -2 0
0.343160 3 1 0
0.170453 3 -1 0
-0.022386 3 3 0
0.162936 3 -3 0
-0.182657 4 0 0
-0.343775 4 2 0
0.261704 4 -2 0
-0.133327 4 4 0
-0.054441 4 -4 0
0.106456 5 1 0
-0.017351 5 -1 0
-0.032322 5 3 0
-0.381093 5 -3 0
0.086379 5 5 0
-0.079188 5 -5 0
0.075011 6 0 0
0.167070 6 2 0
-0.016240 6 -2 0
0.251218 6 4 0
0.202818 6 -4 0
-0.019237 6 6 0
0.072506 6 -6 0
-0.156881 7 1 0
-0.213662 7 -1 0
-0.067403 7 3 0
0.273622 7 -3 0
-0.225944 7 5 0
0.070358 7 -5 0
0.012884 7 7 0
-0.037791 7 -7 0
0.029467 8 0 0
0.163836 8 2 0
0.000297 8 -2 0
-0.229618 8 4 0
-0.131035 8 -4 0
0.006462 8 6 0
-0.212333 8 -6 0
0.123813 8 8 0
0.006804 8 -8 0
0.089856 9 1 0
-0.039406 9 -1 0
-0.038793 9 3 0
0.028491 9 -3 0
0.174952 9 5 0
-0.101343 9 -5 0
0.171444 9 7 0
0.104691 9 -7 0
-0.115869 9 9 0
0.022903 9 -9 0
-0.061755 10 0 0
-0.054325 10 2 0
0.060642 10 -2 0
0.054784 10 4 0
0.078394 10 -4 0
-0.017891 10 6 0
0.124144 10 -6 0
-0.031938 10 8 0
0.042839 10 -8 0
-0.122585 10 10 0
-0.130266 10 -10 0
0.069838 11 1 0
-0.065125 11 -1 0
-0.009047 11 3 0
-0.044828 11 -3 0
-0.134711 11 5 0
0.030593 11 -5 0
-0.027352 11 7 0
-0.028988 11 -7 0
-0.049604 11 9 0
-0.071473 11 -9 0
0.071407 11 11 0
0.118317 11 -11 0
-0.000800 12 0 0
0.047641 12 2 0
0.013922 12 -2 0
-0.002204 12 4 0
0.029158 12 -4 0
0.018532 12 6 0
-0.148285 12 -6 0
0.093304 12 8 0
-0.006512 12 -8 0
-0.063109 12 10 0
-0.036481 12 -10 0
-0.042361 12 12 0
-0.171888 12 -12 0
0.008854 13 1 0
-0.091829 13 -1 0
-0.034541 13 3 0
0.060919 13 -3 0
-0.000922 13 5 0
-0.023933 13 -5 0
0.109105 13 7 0
0.081039 13 -7 0
-0.056643 13 9 0
0.015327 13 -9 0
0.026955 13 11 0
0.066991 13 -11 0
-0.059698 13 13 0
-0.103378 13 -13 0
0.001516 14 0 0
0.048777 14 2 0
0.003125 14 -2 0
-0.030220 14 4 0
-0.014930 14 -4 0
0.003296 14 6 0
0.017391 14 -6 0
-0.038062 14 8 0
0.042893 14 -8 0
-0.083965 14 10 0
-0.063223 14 -10 0
-0.012743 14 12 0
-0.127043 14 -12 0
0.078534 14 14 0
0.037968 14 -14 0
0.028576 15 1 0
-0.043276 15 -1 0
-0.006055 15 3 0
0.021060 15 -3 0
-0.000483 15 5 0
0.004553 15 -5 0
-0.016992 15 7 0
-0.000019 15 -7 0
-0.028906 15 9 0
-0.064437 15 -9 0
0.061088 15 11 0
0.038127 15 -11 0
-0.028302 15 13 0
-0.042936 15 -13 0
0.033746 15 15 0
-0.040562 15 -15 0
-0.015200 16 0 0
-0.011652 16 2 0
-0.002648 16 -2 0
-0.003480 16 4 0
0.023245 16 -4 0
0.006150 16 6 0
-0.024116 16 -6 0
0.037151 16 8 0
-0.004083 16 -8 0
-0.013891 16 10 0
-0.011989 16 -10 0
-0.018062 16 12 0
-0.047332 16 -12 0
0.037786 16 14 0
0.023774 16 -14 0
0.030748 16 16 0
0.044610 16 -16 0
0.032115 17 1 0
-0.015447 17 -1 0
0.001533 17 3 0
-0.002751 17 -3 0
-0.027930 17 5 0
-0.009721 17 -5 0
0.022206 17 7 0
0.023880 17 -7 0
-0.014537 17 9 0
0.011040 17 -9 0
0.011646 17 11 0
0.021251 17 -11 0
-0.015938 17 13 0
-0.036953 17 -13 0
0.014614 17 15 0
-0.020908 17 -15 0
0.003269 17 17 0
-0.016059 17 -17 0
-0.009335 18 0 0
-0.001569 18 2 0
0.006441 18 -2 0
0.001877 18 4 0
0.011854 18 -4 0
0.015917 18 6 0
-0.016059 18 -6 0
-0.016385 18 8 0
0.015183 18 -8 0
-0.034813 18 10 0
-0.021181 18 -10 0
0.000658 18 12 0
-0.038229 18 -12 0
0.024774 18 14 0
0.017595 18 -14 0
0.009864 18 16 0
0.022499 18 -16 0
0.010230 18 18 0
0.010850 18 -18 0
0.011795 19 1 0
-0.014278 19 -1 0
-0.006676 19 3 0
0.002602 19 -3 0
-0.004906 19 5 0
0.007199 19 -5 0
-0.002296 19 7 0
0.016726 19 -7 0
-0.003407 19 9 0
-0.023415 19 -9 0
0.025342 19 11 0
