0.030675 1 1 0
0.289991 1 -1 0
-0.046403 2 0 0
0.160455 2 2 0
-0.066876 2 -2 0
0.324704 3 1 0
0.169145 3 -1 0
-0.021610 3 3 0
0.154563 3 -3 0
-0.180034 4 0 0
-0.331605 4 2 0
0.259585 4 -2 0
-0.125511 4 4 0
-0.059482 4 -4 0
0.113954 5 1 0
-0.010239 5 -1 0
-0.035902 5 3 0
-0.386748 5 -3 0
0.086170 5 5 0
-0.071179 5 -5 0
0.076129 6 0 0
0.166762 6 2 0
-0.010708 6 -2 0
0.266607 6 4 0
0.199732 6 -4 0
-0.016104 6 6 0
0.063440 6 -6 0
-0.156027 7 1 0
-0.208579 7 -1 0
-0.064466 7 3 0
0.268832 7 -3 0
-0.229344 7 5 0
0.080704 7 -5 0
0.022916 7 7 0
-0.024486 7 -7 0
0.032641 8 0 0
0.163015 8 2 0
0.004589 8 -2 0
-0.214012 8 4 0
-0.140518 8 -4 0
-0.000376 8 6 0
-0.224500 8 -6 0
0.111056 8 8 0
0.002423 8 -8 0
0.090219 9 1 0
-0.035099 9 -1 0
-0.042162 9 3 0
0.020677 9 -3 0
0.166137 9 5 0
-0.096151 9 -5 0
0.179283 9 7 0
0.111791 9 -7 0
-0.105701 9 9 0
0.010944 9 -9 0
-0.061852 10 0 0
-0.050427 10 2 0
0.060342 10 -2 0
0.066169 10 4 0
0.078007 10 -4 0
-0.020704 10 6 0
0.116175 10 -6 0
-0.044019 10 8 0
0.039690 10 -8 0
-0.119130 10 10 0
-0.120201 10 -10 0
0.067292 11 1 0
-0.062999 11 -1 0
-0.013840 11 3 0
-0.046885 11 -3 0
-0.146299 11 5 0
0.035975 11 -5 0
-0.025382 11 7 0
-0.024641 11 -7 0
-0.042854 11 9 0
-0.082543 11 -9 0
0.067397 11 11 0
0.108180 11 -11 0
-0.000685 12 0 0
0.049823 12 2 0
0.014702 12 -2 0
0.005996 12 4 0
0.025114 12 -4 0
0.015014 12 6 0
-0.154400 12 -6 0
0.084595 12 8 0
-0.009674 12 -8 0
-0.061574 12 10 0
-0.026206 12 -10 0
-0.042813 12 12 0
-0.147893 12 -12 0
0.007979 13 1 0
-0.089097 13 -1 0
-0.041555 13 3 0
0.056874 13 -3 0
-0.009336 13 5 0
-0.019271 13 -5 0
0.106600 13 7 0
0.082613 13 -7 0
-0.052385 13 9 0
0.005366 13 -9 0
0.024305 13 11 0
0.059700 13 -11 0
-0.041541 13 13 0
-0.101094 13 -13 0
-0.000594 14 0 0
0.050328 14 2 0
0.001026 14 -2 0
-0.023307 14 4 0
-0.013906 14 -4 0
0.000444 14 6 0
0.012730 14 -6 0
-0.043377 14 8 0
0.043125 14 -8 0
-0.082124 14 10 0
-0.057517 14 -10 0
-0.015342 14 12 0
-0.111490 14 -12 0
0.074095 14 14 0
0.047168 14 -14 0
0.027719 15 1 0
-0.040687 15 -1 0
-0.012582 15 3 0
0.019755 15 -3 0
-0.010278 15 5 0
0.009109 15 -5 0
-0.023507 15 7 0
-0.000196 15 -7 0
-0.026077 15 9 0
-0.072965 15 -9 0
0.056601 15 11 0
0.033298 15 -11 0
-0.019545 15 13 0
-0.038666 15 -13 0
0.047043 15 15 0
-0.017087 15 -15 0
-0.016885 16 0 0
-0.012013 16 2 0
-0.002577 16 -2 0
-0.000096 16 4 0
0.024035 16 -4 0
0.005402 16 6 0
-0.026551 16 -6 0
0.034634 16 8 0
-0.005418 16 -8 0
-0.014195 16 10 0
-0.006424 16 -10 0
-0.022552 16 12 0
-0.040162 16 -12 0
0.029200 16 14 0
0.028068 16 -14 0
0.034154 16 16 0
0.046640 16 -16 0
0.031564 17 1 0
-0.015302 17 -1 0
-0.004244 17 3 0
-0.004166 17 -3 0
-0.031935 17 5 0
-0.007254 17 -5 0
0.017676 17 7 0
0.024202 17 -7 0
-0.012469 17 9 0
0.005372 17 -9 0
0.007732 17 11 0
0.020696 17 -11 0
-0.013651 17 13 0
-0.037468 17 -13 0
0.020167 17 15 0
-0.012290 17 -15 0
0.002346 17 17 0
-0.007794 17 -17 0
-0.009955 18 0 0
-0.001622 18 2 0
0.006964 18 -2 0
0.003889 18 4 0
0.012783 18 -4 0
0.014854 18 6 0
-0.016151 18 -6 0
-0.018977 18 8 0
0.014468 18 -8 0
-0.035253 18 10 0
-0.019041 18 -10 0
-0.001979 18 12 0
-0.034201 18 -12 0
0.021696 18 14 0
0.018635 18 -14 0
0.009862 18 16 0
0.024724 18 -16 0
0.016031 18 18 0
0.010478 18 -18 0
0.011875 19 1 0
-0.015112 19 -1 0
-0.010555 19 3 0
0.002017 19 -3 0
-0.007666 19 5 0
0.009178 19 -5 0
-0.005176 19 7 0
0.016411 19 -7 0
-0.002632 19 9 0
-0.026407 19 -9 0
0.023507 19 11 0
