0.089588 1 1 0
-0.075864 1 -1 0
-0.094611 2 0 0
0.033775 2 2 0
0.017768 2 -2 0
-0.024006 3 1 0
0.159312 3 -1 0
-0.024534 3 3 0
0.000261 3 -3 0
0.065023 4 0 0
0.060631 4 2 0
-0.150243 4 -2 0
0.004727 4 4 0
0.003831 4 -4 0
0.023267 5 1 0
-0.265547 5 -1 0
-0.062765 5 3 0
0.083512 5 -3 0
0.000478 5 5 0
0.002955 5 -5 0
-0.020664 6 0 0
-0.024954 6 2 0
0.155682 6 -2 0
0.031926 6 4 0
-0.016221 6 -4 0
-0.063314 6 6 0
0.060140 6 -6 0
-0.038780 7 1 0
0.137249 7 -1 0
0.004802 7 3 0
-0.070613 7 -3 0
-0.007343 7 5 0
0.010109 7 -5 0
0.076640 7 7 0
-0.021061 7 -7 0
-0.068534 8 0 0
0.088693 8 2 0
-0.209810 8 -2 0
-0.018823 8 4 0
0.062804 8 -4 0
-0.055218 8 6 0
0.061488 8 -6 0
-0.026776 8 8 0
0.008033 8 -8 0
-0.005899 9 1 0
-0.088603 9 -1 0
-0.096411 9 3 0
0.135448 9 -3 0
0.018213 9 5 0
-0.007335 9 -5 0
0.073399 9 7 0
-0.035591 9 -7 0
0.023357 9 9 0
0.011998 9 -9 0
0.033543 10 0 0
0.001324 10 2 0
0.066128 10 -2 0
0.052496 10 4 0
-0.058447 10 -4 0
-0.065695 10 6 0
0.054992 10 -6 0
-0.019763 10 8 0
0.011445 10 -8 0
0.035930 10 10 0
-0.017507 10 -10 0
-0.004552 11 1 0
-0.027528 11 -1 0
0.005223 11 3 0
-0.054039 11 -3 0
-0.027633 11 5 0
0.036384 11 -5 0
0.062103 11 7 0
-0.021340 11 -7 0
0.018663 11 9 0
0.005260 11 -9 0
-0.025578 11 11 0
0.018053 11 -11 0
-0.047889 12 0 0
0.042607 12 2 0
-0.069355 12 -2 0
-0.022459 12 4 0
0.057801 12 -4 0
-0.030460 12 6 0
0.040244 12 -6 0
-0.012782 12 8 0
0.001716 12 -8 0
0.031679 12 10 0
-0.011527 12 -10 0
0.009482 12 12 0
-0.017354 12 -12 0
-0.019697 13 1 0
0.008644 13 -1 0
-0.055964 13 3 0
0.065013 13 -3 0
0.023893 13 5 0
-0.023264 13 -5 0
0.045791 13 7 0
-0.029045 13 -7 0
0.010187 13 9 0
0.009166 13 -9 0
-0.021092 13 11 0
0.005869 13 -11 0
0.001158 13 13 0
0.015006 13 -13 0
0.005526 14 0 0
0.022637 14 2 0
-0.018121 14 -2 0
0.034184 14 4 0
-0.034135 14 -4 0
-0.049903 14 6 0
0.044385 14 -6 0
-0.011501 14 8 0
0.009892 14 -8 0
0.027389 14 10 0
-0.008700 14 -10 0
0.006256 14 12 0
-0.011564 14 -12 0
0.000930 14 14 0
-0.004499 14 -14 0
0.006036 15 1 0
-0.037563 15 -1 0
-0.010055 15 3 0
0.002636 15 -3 0
-0.024037 15 5 0
0.030964 15 -5 0
0.043446 15 7 0
-0.015895 15 -7 0
0.010798 15 9 0
0.001813 15 -9 0
-0.017177 15 11 0
0.008513 15 -11 0
0.003519 15 13 0
0.007293 15 -13 0
-0.004369 15 15 0
-0.002483 15 -15 0
-0.009634 16 0 0
0.008090 16 2 0
-0.008807 16 -2 0
-0.006852 16 4 0
0.016669 16 -4 0
-0.007002 16 6 0
0.009580 16 -6 0
-0.002421 16 8 0
0.001579 16 -8 0
0.013268 16 10 0
-0.004514 16 -10 0
0.007949 16 12 0
-0.006009 16 -12 0
-0.003977 16 14 0
-0.000298 16 -14 0
0.010384 16 16 0
0.003977 16 -16 0
-0.007727 17 1 0
0.007115 17 -1 0
-0.015528 17 3 0
0.009219 17 -3 0
0.009621 17 5 0
-0.012690 17 -5 0
0.013105 17 7 0
-0.009625 17 -7 0
0.002103 17 9 0
0.003924 17 -9 0
-0.008693 17 11 0
0.000558 17 -11 0
0.000163 17 13 0
0.003769 17 -13 0
-0.001845 17 15 0
-0.004937 17 -15 0
-0.002432 17 17 0
-0.007411 17 -17 0
-0.001861 18 0 0
0.014193 18 2 0
-0.014467 18 -2 0
0.010548 18 4 0
-0.004363 18 -4 0
-0.021149 18 6 0
0.021583 18 -6 0
-0.001941 18 8 0
0.003667 18 -8 0
0.012147 18 10 0
-0.004032 18 -10 0
0.002646 18 12 0
-0.002602 18 -12 0
0.000483 18 14 0
0.000123 18 -14 0
0.003098 18 16 0
0.002658 18 -16 0
0.004605 18 18 0
0.001120 18 -18 0
0.002321 19 1 0
-0.010245 19 -1 0
-0.008864 19 3 0
0.006795 19 -3 0
-0.009225 19 5 0
0.010336 19 -5 0
0.019624 19 7 0
-0.008830 19 -7 0
0.003850 19 9 0
-0.000503 19 -9 0
-0.007552 19 11 0
