-0.013273 1 1 0
-0.061716 1 -1 0
-0.134769 2 0 0
0.067113 2 2 0
0.015356 2 -2 0
-0.034000 3 1 0
0.156653 3 -1 0
-0.025071 3 3 0
-0.007501 3 -3 0
0.066257 4 0 0
0.058002 4 2 0
-0.128957 4 -2 0
0.009915 4 4 0
0.011785 4 -4 0
0.031325 5 1 0
-0.250825 5 -1 0
-0.075699 5 3 0
0.079017 5 -3 0
-0.002072 5 5 0
-0.011028 5 -5 0
-0.018658 6 0 0
-0.019582 6 2 0
0.163998 6 -2 0
0.017638 6 4 0
-0.005308 6 -4 0
-0.050155 6 6 0
0.048013 6 -6 0
-0.035612 7 1 0
0.148145 7 -1 0
-0.000242 7 3 0
-0.078064 7 -3 0
-0.016749 7 5 0
-0.005556 7 -5 0
0.076615 7 7 0
-0.027407 7 -7 0
-0.068195 8 0 0
0.092753 8 2 0
-0.191707 8 -2 0
-0.027492 8 4 0
0.066800 8 -4 0
-0.044834 8 6 0
0.046453 8 -6 0
-0.014157 8 8 0
-0.004584 8 -8 0
-0.004221 9 1 0
-0.079546 9 -1 0
-0.104578 9 3 0
0.133152 9 -3 0
0.010787 9 5 0
-0.021368 9 -5 0
0.074111 9 7 0
-0.026546 9 -7 0
0.028680 9 9 0
0.014959 9 -9 0
0.033891 10 0 0
0.004605 10 2 0
0.080797 10 -2 0
0.043754 10 4 0
-0.048068 10 -4 0
-0.053720 10 6 0
0.043583 10 -6 0
-0.013007 10 8 0
0.003585 10 -8 0
0.035796 10 10 0
-0.023464 10 -10 0
0.000068 11 1 0
-0.020838 11 -1 0
-0.004044 11 3 0
-0.060496 11 -3 0
-0.030522 11 5 0
0.025208 11 -5 0
0.060456 11 7 0
-0.015343 11 -7 0
0.021753 11 9 0
0.005967 11 -9 0
-0.021066 11 11 0
0.009868 11 -11 0
-0.049224 12 0 0
0.044711 12 2 0
-0.059913 12 -2 0
-0.031123 12 4 0
0.064466 12 -4 0
-0.022843 12 6 0
0.029873 12 -6 0
-0.004173 12 8 0
-0.006542 12 -8 0
0.032830 12 10 0
-0.015045 12 -10 0
0.000633 12 12 0
-0.003520 12 -12 0
-0.018916 13 1 0
0.015895 13 -1 0
-0.060826 13 3 0
0.060271 13 -3 0
0.017417 13 5 0
-0.032412 13 -5 0
0.047663 13 7 0
-0.023361 13 -7 0
0.011575 13 9 0
0.009229 13 -9 0
-0.012577 13 11 0
0.000865 13 -11 0
0.002970 13 13 0
0.016574 13 -13 0
0.005400 14 0 0
0.025165 14 2 0
-0.010502 14 -2 0
0.027995 14 4 0
-0.029769 14 -4 0
-0.041619 14 6 0
0.036021 14 -6 0
-0.005540 14 8 0
0.002534 14 -8 0
0.027917 14 10 0
-0.012010 14 -10 0
0.001069 14 12 0
-0.001261 14 -12 0
-0.008072 14 14 0
-0.006270 14 -14 0
0.006504 15 1 0
-0.031831 15 -1 0
-0.015652 15 3 0
-0.000769 15 -3 0
-0.026458 15 5 0
0.027766 15 -5 0
0.039976 15 7 0
-0.013030 15 -7 0
0.011613 15 9 0
-0.000582 15 -9 0
-0.010297 15 11 0
0.003752 15 -11 0
0.001778 15 13 0
0.009304 15 -13 0
-0.003876 15 15 0
-0.000330 15 -15 0
-0.011211 16 0 0
0.008313 16 2 0
-0.004474 16 -2 0
-0.009975 16 4 0
0.019691 16 -4 0
-0.002067 16 6 0
0.004369 16 -6 0
0.000623 16 8 0
-0.002452 16 -8 0
0.014751 16 10 0
-0.004914 16 -10 0
0.001867 16 12 0
0.000170 16 -12 0
-0.008352 16 14 0
0.000886 16 -14 0
0.009942 16 16 0
-0.000272 16 -16 0
-0.008383 17 1 0
0.010266 17 -1 0
-0.017482 17 3 0
0.008973 17 -3 0
0.007861 17 5 0
-0.016370 17 -5 0
0.012817 17 7 0
-0.007346 17 -7 0
0.002568 17 9 0
0.003696 17 -9 0
-0.004721 17 11 0
-0.002068 17 -11 0
0.000304 17 13 0
0.007010 17 -13 0
-0.001766 17 15 0
-0.002858 17 -15 0
-0.003608 17 17 0
-0.004280 17 -17 0
-0.002500 18 0 0
0.013674 18 2 0
-0.012401 18 -2 0
0.008125 18 4 0
-0.004327 18 -4 0
-0.018683 18 6 0
0.019417 18 -6 0
0.001890 18 8 0
0.000336 18 -8 0
0.011519 18 10 0
-0.002020 18 -10 0
-0.001729 18 12 0
0.000177 18 -12 0
-0.001097 18 14 0
0.000901 18 -14 0
0.003425 18 16 0
-0.000829 18 -16 0
0.003118 18 18 0
0.000251 18 -18 0
0.002161 19 1 0
-0.007751 19 -1 0
-0.011644 19 3 0
0.006652 19 -3 0
-0.010580 19 5 0
0.009785 19 -5 0
0.018749 19 7 0
-0.007433 19 -7 0
0.002917 19 9 0
-0.002472 19 -9 0
-0.005494 19 11 0
