-0.036352 1 1 0
-0.075924 1 -1 0
-0.122651 2 0 0
0.028259 2 2 0
-0.032216 2 -2 0
-0.021195 3 1 0
0.142188 3 -1 0
-0.034886 3 3 0
-0.015982 3 -3 0
0.058158 4 0 0
0.071350 4 2 0
-0.124321 4 -2 0
0.021462 4 4 0
0.004982 4 -4 0
0.035271 5 1 0
-0.249404 5 -1 0
-0.048698 5 3 0
0.078315 5 -3 0
-0.008079 5 5 0
0.026791 5 -5 0
-0.025530 6 0 0
-0.000404 6 2 0
0.148561 6 -2 0
0.033002 6 4 0
-0.026156 6 -4 0
-0.034800 6 6 0
0.038275 6 -6 0
-0.029816 7 1 0
0.133060 7 -1 0
0.012576 7 3 0
-0.073619 7 -3 0
-0.024175 7 5 0
0.019794 7 -5 0
0.037392 7 7 0
-0.019745 7 -7 0
-0.073104 8 0 0
0.108419 8 2 0
-0.198410 8 -2 0
-0.008862 8 4 0
0.054981 8 -4 0
-0.027162 8 6 0
0.054932 8 -6 0
0.004641 8 8 0
0.017911 8 -8 0
0.003578 9 1 0
-0.091459 9 -1 0
-0.085034 9 3 0
0.132961 9 -3 0
0.000079 9 5 0
0.006110 9 -5 0
0.036767 9 7 0
-0.024119 9 -7 0
0.032353 9 9 0
-0.006965 9 -9 0
0.027105 10 0 0
0.017247 10 2 0
0.068224 10 -2 0
0.060311 10 4 0
-0.057945 10 -4 0
-0.040792 10 6 0
0.042316 10 -6 0
0.009053 10 8 0
0.018491 10 -8 0
0.053846 10 10 0
-0.004178 10 -10 0
0.003307 11 1 0
-0.030466 11 -1 0
0.009834 11 3 0
-0.059945 11 -3 0
-0.039102 11 5 0
0.048850 11 -5 0
0.030235 11 7 0
-0.011154 11 -7 0
0.025336 11 9 0
-0.010060 11 -9 0
-0.006454 11 11 0
0.002957 11 -11 0
-0.054296 12 0 0
0.056968 12 2 0
-0.064716 12 -2 0
-0.019442 12 4 0
0.053339 12 -4 0
-0.014377 12 6 0
0.032869 12 -6 0
0.013666 12 8 0
0.007652 12 -8 0
0.046553 12 10 0
0.001910 12 -10 0
0.009760 12 12 0
0.001216 12 -12 0
-0.015743 13 1 0
0.006677 13 -1 0
-0.049501 13 3 0
0.059686 13 -3 0
0.012432 13 5 0
-0.016706 13 -5 0
0.024232 13 7 0
-0.022181 13 -7 0
0.016153 13 9 0
-0.003154 13 -9 0
-0.000968 13 11 0
-0.003321 13 -11 0
0.003793 13 13 0
0.009263 13 -13 0
0.001237 14 0 0
0.033207 14 2 0
-0.014592 14 -2 0
0.039220 14 4 0
-0.036362 14 -4 0
-0.033897 14 6 0
0.037058 14 -6 0
0.004798 14 8 0
0.013466 14 -8 0
0.038032 14 10 0
-0.002013 14 -10 0
0.008399 14 12 0
0.001362 14 -12 0
-0.012544 14 14 0
0.004783 14 -14 0
0.009022 15 1 0
-0.038044 15 -1 0
-0.009112 15 3 0
-0.001692 15 -3 0
-0.028954 15 5 0
0.037768 15 -5 0
0.024622 15 7 0
-0.010946 15 -7 0
0.014242 15 9 0
-0.007838 15 -9 0
-0.002941 15 11 0
0.002937 15 -11 0
0.004514 15 13 0
0.006715 15 -13 0
-0.003934 15 15 0
-0.004005 15 -15 0
-0.013465 16 0 0
0.014415 16 2 0
-0.006593 16 -2 0
-0.005191 16 4 0
0.015058 16 -4 0
0.002102 16 6 0
0.005206 16 -6 0
0.006949 16 8 0
0.004244 16 -8 0
0.019318 16 10 0
-0.000283 16 -10 0
0.006015 16 12 0
0.000858 16 -12 0
-0.008894 16 14 0
0.004683 16 -14 0
0.002597 16 16 0
0.007176 16 -16 0
-0.008052 17 1 0
0.005639 17 -1 0
-0.013758 17 3 0
0.008261 17 -3 0
0.004594 17 5 0
-0.010334 17 -5 0
0.003980 17 7 0
-0.006715 17 -7 0
0.006241 17 9 0
0.000004 17 -9 0
-0.000780 17 11 0
-0.001952 17 -11 0
0.001807 17 13 0
0.003476 17 -13 0
-0.001183 17 15 0
-0.003714 17 -15 0
-0.001914 17 17 0
-0.002644 17 -17 0
-0.004957 18 0 0
0.015927 18 2 0
-0.013161 18 -2 0
0.010777 18 4 0
-0.005461 18 -4 0
-0.017605 18 6 0
0.019656 18 -6 0
0.004708 18 8 0
0.005337 18 -8 0
0.012235 18 10 0
-0.000378 18 -10 0
0.002774 18 12 0
0.001035 18 -12 0
-0.000801 18 14 0
0.002198 18 -14 0
-0.001061 18 16 0
0.003707 18 -16 0
0.000235 18 18 0
-0.000497 18 -18 0
0.002900 19 1 0
-0.009883 19 -1 0
-0.009721 19 3 0
0.005934 19 -3 0
-0.011455 19 5 0
0.013026 19 -5 0
0.013668 19 7 0
-0.007146 19 -7 0
0.004626 19 9 0
-0.003852 19 -9 0
-0.003418 19 11 0
