-0.024647 1 1 0
-0.036502 1 -1 0
0.124399 2 0 0
-0.003648 2 2 0
-0.034074 2 -2 0
0.045082 3 1 0
0.206259 3 -1 0
-0.031211 3 3 0
-0.021044 3 -3 0
-0.147635 4 0 0
0.058360 4 2 0
0.118095 4 -2 0
0.000325 4 4 0
-0.006290 4 -4 0
-0.073902 5 1 0
-0.343450 5 -1 0
0.022787 5 3 0
0.035991 5 -3 0
0.008366 5 5 0
0.008752 5 -5 0
0.061634 6 0 0
-0.060111 6 2 0
-0.192429 6 -2 0
0.009832 6 4 0
0.026767 6 -4 0
-0.012473 6 6 0
-0.007106 6 -6 0
0.036190 7 1 0
0.299037 7 -1 0
-0.055694 7 3 0
-0.093339 7 -3 0
0.016044 7 5 0
0.004758 7 -5 0
0.013386 7 7 0
0.008945 7 -7 0
0.009728 8 0 0
0.096007 8 2 0
0.219358 8 -2 0
-0.023476 8 4 0
-0.012207 8 -4 0
-0.016655 8 6 0
-0.009030 8 -6 0
-0.009965 8 8 0
-0.019816 8 -8 0
-0.048592 9 1 0
-0.179472 9 -1 0
0.050793 9 3 0
0.107666 9 -3 0
-0.001447 9 5 0
0.010009 9 -5 0
0.005573 9 7 0
0.000986 9 -7 0
-0.006997 9 9 0
0.001904 9 -9 0
-0.051936 10 0 0
-0.051528 10 2 0
-0.148330 10 -2 0
0.032426 10 4 0
0.062084 10 -4 0
-0.016227 10 6 0
0.009032 10 -6 0
-0.003669 10 8 0
-0.013099 10 -8 0
0.003860 10 10 0
0.004060 10 -10 0
-0.011898 11 1 0
0.071539 11 -1 0
-0.059843 11 3 0
-0.099133 11 -3 0
0.022967 11 5 0
0.022865 11 -5 0
0.010983 11 7 0
0.021834 11 -7 0
-0.009528 11 9 0
-0.004220 11 -9 0
0.002047 11 11 0
0.005805 11 -11 0
0.044874 12 0 0
0.058531 12 2 0
0.095452 12 -2 0
-0.031361 12 4 0
-0.033173 12 -4 0
-0.011077 12 6 0
-0.012417 12 -6 0
0.002818 12 8 0
-0.008660 12 -8 0
0.004517 12 10 0
0.004981 12 -10 0
0.001020 12 12 0
0.013987 12 -12 0
-0.007730 13 1 0
-0.013656 13 -1 0
0.035847 13 3 0
0.064106 13 -3 0
-0.009106 13 5 0
-0.005148 13 -5 0
0.002133 13 7 0
-0.004085 13 -7 0
-0.007895 13 9 0
0.002278 13 -9 0
-0.001739 13 11 0
-0.000144 13 -11 0
0.002018 13 13 0
0.006484 13 -13 0
-0.035985 14 0 0
-0.009046 14 2 0
-0.031362 14 -2 0
0.027639 14 4 0
0.057638 14 -4 0
-0.014899 14 6 0
0.004849 14 -6 0
-0.005987 14 8 0
-0.017455 14 -8 0
0.006844 14 10 0
0.006645 14 -10 0
0.002051 14 12 0
0.010814 14 -12 0
-0.005805 14 14 0
0.002163 14 -14 0
-0.027358 15 1 0
-0.014310 15 -1 0
-0.029719 15 3 0
-0.037543 15 -3 0
0.020071 15 5 0
0.029764 15 -5 0
0.008920 15 7 0
0.016765 15 -7 0
-0.008854 15 9 0
-0.006497 15 -9 0
0.003573 15 11 0
0.004968 15 -11 0
0.000718 15 13 0
0.001973 15 -13 0
0.005462 15 15 0
-0.001570 15 -15 0
0.015825 16 0 0
0.015852 16 2 0
0.014515 16 -2 0
-0.018944 16 4 0
-0.018685 16 -4 0
-0.002970 16 6 0
-0.000922 16 -6 0
0.005004 16 8 0
-0.000928 16 -8 0
0.000580 16 10 0
0.001972 16 -10 0
0.001182 16 12 0
0.009242 16 -12 0
-0.002764 16 14 0
0.002531 16 -14 0
0.001468 16 16 0
-0.003553 16 -16 0
0.004765 17 1 0
0.013235 17 -1 0
0.011352 17 3 0
0.015623 17 -3 0
-0.009257 17 5 0
-0.009084 17 -5 0
-0.000968 17 7 0
-0.003193 17 -7 0
-0.000892 17 9 0
0.001884 17 -9 0
0.000036 17 11 0
0.000628 17 -11 0
0.002107 17 13 0
0.005132 17 -13 0
0.004202 17 15 0
-0.000967 17 -15 0
-0.003799 17 17 0
-0.000961 17 -17 0
-0.009627 18 0 0
0.008418 18 2 0
0.001009 18 -2 0
0.014184 18 4 0
0.023065 18 -4 0
-0.010303 18 6 0
-0.004443 18 -6 0
-0.004349 18 8 0
-0.009853 18 -8 0
0.003622 18 10 0
0.005636 18 -10 0
0.000190 18 12 0
0.006359 18 -12 0
-0.002406 18 14 0
0.002494 18 -14 0
0.001509 18 16 0
-0.000530 18 -16 0
0.003035 18 18 0
0.000344 18 -18 0
-0.013974 19 1 0
-0.009599 19 -1 0
-0.008341 19 3 0
-0.005621 19 -3 0
0.009628 19 5 0
0.015981 19 -5 0
0.000566 19 7 0
0.006869 19 -7 0
-0.004997 19 9 0
-0.007101 19 -9 0
0.002756 19 11 0
