-0.011732 1 1 0
-0.083749 1 -1 0
0.148263 2 0 0
-0.024676 2 2 0
-0.009578 2 -2 0
0.011305 3 1 0
0.202869 3 -1 0
-0.025473 3 3 0
-0.012072 3 -3 0
-0.157702 4 0 0
0.063380 4 2 0
0.104034 4 -2 0
-0.003855 4 4 0
0.005713 4 -4 0
-0.066723 5 1 0
-0.326708 5 -1 0
0.019908 5 3 0
0.043832 5 -3 0
0.009721 5 5 0
0.011787 5 -5 0
0.058994 6 0 0
-0.051036 6 2 0
-0.192392 6 -2 0
0.007956 6 4 0
0.023055 6 -4 0
-0.010726 6 6 0
-0.005040 6 -6 0
0.032927 7 1 0
0.298100 7 -1 0
-0.066652 7 3 0
-0.089832 7 -3 0
0.011561 7 5 0
0.001790 7 -5 0
0.009714 7 7 0
0.011549 7 -7 0
0.006682 8 0 0
0.093795 8 2 0
0.212310 8 -2 0
-0.017384 8 4 0
-0.015240 8 -4 0
-0.013566 8 6 0
-0.005819 8 -6 0
-0.003682 8 8 0
-0.012179 8 -8 0
-0.050380 9 1 0
-0.172563 9 -1 0
0.049658 9 3 0
0.110343 9 -3 0
0.002701 9 5 0
0.013114 9 -5 0
0.006364 9 7 0
0.000813 9 -7 0
-0.011684 9 9 0
-0.001201 9 -9 0
-0.053283 10 0 0
-0.043140 10 2 0
-0.147929 10 -2 0
0.031298 10 4 0
0.061178 10 -4 0
-0.015379 10 6 0
0.011130 10 -6 0
-0.001391 10 8 0
-0.008330 10 -8 0
0.004956 10 10 0
0.010931 10 -10 0
-0.013315 11 1 0
0.074036 11 -1 0
-0.069196 11 3 0
-0.096640 11 -3 0
0.022178 11 5 0
0.021294 11 -5 0
0.014046 11 7 0
0.019640 11 -7 0
-0.009390 11 9 0
-0.006442 11 -9 0
-0.002475 11 11 0
-0.001170 11 -11 0
0.041044 12 0 0
0.057013 12 2 0
0.094418 12 -2 0
-0.027543 12 4 0
-0.037238 12 -4 0
-0.008380 12 6 0
-0.007871 12 -6 0
0.003508 12 8 0
-0.002597 12 -8 0
0.006279 12 10 0
0.009948 12 -10 0
0.001922 12 12 0
0.014419 12 -12 0
-0.008548 13 1 0
-0.007200 13 -1 0
0.030879 13 3 0
0.067915 13 -3 0
-0.005670 13 5 0
-0.003388 13 -5 0
0.000561 13 7 0
-0.004507 13 -7 0
-0.006467 13 9 0
0.001195 13 -9 0
-0.005079 13 11 0
-0.000730 13 -11 0
0.000135 13 13 0
0.002712 13 -13 0
-0.037212 14 0 0
-0.004234 14 2 0
-0.031740 14 -2 0
0.029499 14 4 0
0.055690 14 -4 0
-0.014107 14 6 0
0.007015 14 -6 0
-0.004793 14 8 0
-0.014559 14 -8 0
0.008311 14 10 0
0.011109 14 -10 0
0.001935 14 12 0
0.011278 14 -12 0
-0.002579 14 14 0
0.009489 14 -14 0
-0.027563 15 1 0
-0.012560 15 -1 0
-0.034519 15 3 0
-0.035729 15 -3 0
0.022049 15 5 0
0.028438 15 -5 0
0.010686 15 7 0
0.018058 15 -7 0
-0.010705 15 9 0
-0.006827 15 -9 0
0.001663 15 11 0
0.003400 15 -11 0
0.001636 15 13 0
0.000895 15 -13 0
0.003803 15 15 0
-0.004449 15 -15 0
0.014818 16 0 0
0.016197 16 2 0
0.014625 16 -2 0
-0.019325 16 4 0
-0.020839 16 -4 0
-0.001583 16 6 0
0.002136 16 -6 0
0.005767 16 8 0
0.002111 16 -8 0
0.002675 16 10 0
0.004065 16 -10 0
0.002833 16 12 0
0.008522 16 -12 0
-0.001801 16 14 0
0.006788 16 -14 0
0.001968 16 16 0
-0.000037 16 -16 0
0.004468 17 1 0
0.014589 17 -1 0
0.008801 17 3 0
0.016575 17 -3 0
-0.007288 17 5 0
-0.008105 17 -5 0
0.001358 17 7 0
-0.004298 17 -7 0
0.000811 17 9 0
0.003558 17 -9 0
-0.000405 17 11 0
0.000234 17 -11 0
0.001769 17 13 0
0.005040 17 -13 0
0.003161 17 15 0
-0.001628 17 -15 0
-0.003640 17 17 0
-0.000320 17 -17 0
-0.008744 18 0 0
0.008513 18 2 0
0.002291 18 -2 0
0.014750 18 4 0
0.023795 18 -4 0
-0.010669 18 6 0
-0.003737 18 -6 0
-0.002659 18 8 0
-0.007668 18 -8 0
0.004981 18 10 0
0.005813 18 -10 0
-0.000188 18 12 0
0.005088 18 -12 0
0.000012 18 14 0
0.002914 18 -14 0
-0.000230 18 16 0
-0.000667 18 -16 0
0.003699 18 18 0
0.001186 18 -18 0
-0.015087 19 1 0
-0.009330 19 -1 0
-0.010103 19 3 0
-0.005953 19 -3 0
0.010151 19 5 0
0.015740 19 -5 0
0.001004 19 7 0
0.007298 19 -7 0
-0.005265 19 9 0
-0.006227 19 -9 0
0.001897 19 11 0
