-0.001596 1 1 0
0.098490 1 -1 0
-0.112136 2 0 0
0.005676 2 2 0
0.018054 2 -2 0
-0.008209 3 1 0
-0.199808 3 -1 0
0.011321 3 3 0
0.018234 3 -3 0
0.114803 4 0 0
-0.032174 4 2 0
-0.111759 4 -2 0
0.007103 4 4 0
-0.007225 4 -4 0
0.047327 5 1 0
0.281433 5 -1 0
-0.021228 5 3 0
-0.029996 5 -3 0
0.009976 5 5 0
0.001902 5 -5 0
-0.047966 6 0 0
0.049159 6 2 0
0.163946 6 -2 0
-0.014956 6 4 0
-0.015368 6 -4 0
0.002341 6 6 0
0.013635 6 -6 0
-0.027153 7 1 0
-0.223819 7 -1 0
0.046442 7 3 0
0.080454 7 -3 0
-0.008413 7 5 0
-0.011403 7 -5 0
0.006333 7 7 0
-0.008926 7 -7 0
-0.009862 8 0 0
-0.065941 8 2 0
-0.168724 8 -2 0
0.023476 8 4 0
0.025455 8 -4 0
0.004220 8 6 0
0.005339 8 -6 0
-0.007308 8 8 0
0.011330 8 -8 0
0.023849 9 1 0
0.145551 9 -1 0
-0.034658 9 3 0
-0.077433 9 -3 0
-0.001624 9 5 0
-0.000951 9 -5 0
0.010570 9 7 0
-0.001006 9 -7 0
0.003729 9 9 0
0.005578 9 -9 0
0.041304 10 0 0
0.044253 10 2 0
0.112312 10 -2 0
-0.028197 10 4 0
-0.037331 10 -4 0
0.003681 10 6 0
-0.003723 10 -6 0
-0.001889 10 8 0
0.021436 10 -8 0
-0.004133 10 10 0
-0.005795 10 -10 0
0.000703 11 1 0
-0.045938 11 -1 0
0.051005 11 3 0
0.079162 11 -3 0
-0.017651 11 5 0
-0.010057 11 -5 0
0.006684 11 7 0
-0.009064 11 -7 0
0.007853 11 9 0
0.006691 11 -9 0
0.004316 11 11 0
0.002586 11 -11 0
-0.032223 12 0 0
-0.035572 12 2 0
-0.066018 12 -2 0
0.025826 12 4 0
0.038029 12 -4 0
0.003126 12 6 0
0.012838 12 -6 0
-0.005552 12 8 0
0.010906 12 -8 0
-0.000632 12 10 0
-0.000417 12 -10 0
0.003266 12 12 0
0.005954 12 -12 0
-0.004126 13 1 0
0.022064 13 -1 0
-0.020404 13 3 0
-0.039059 13 -3 0
0.005717 13 5 0
0.009034 13 -5 0
0.011109 13 7 0
0.004869 13 -7 0
0.000901 13 9 0
0.005074 13 -9 0
0.006309 13 11 0
0.002200 13 -11 0
-0.008547 13 13 0
0.004011 13 -13 0
0.027863 14 0 0
0.009895 14 2 0
0.022097 14 -2 0
-0.022382 14 4 0
-0.030424 14 -4 0
0.005621 14 6 0
0.000011 14 -6 0
0.003646 14 8 0
0.020199 14 -8 0
-0.002908 14 10 0
-0.001002 14 -10 0
0.003668 14 12 0
0.005259 14 -12 0
0.002002 14 14 0
0.002091 14 -14 0
0.012816 15 1 0
0.015533 15 -1 0
0.025291 15 3 0
0.031389 15 -3 0
-0.016887 15 5 0
-0.017007 15 -5 0
0.005834 15 7 0
-0.008507 15 -7 0
0.005018 15 9 0
0.008615 15 -9 0
0.005924 15 11 0
0.002137 15 -11 0
-0.004369 15 13 0
0.003687 15 -13 0
0.000728 15 15 0
0.003847 15 -15 0
-0.009796 16 0 0
-0.005352 16 2 0
-0.008182 16 -2 0
0.015138 16 4 0
0.020746 16 -4 0
-0.001615 16 6 0
0.000755 16 -6 0
-0.006267 16 8 0
0.007376 16 -8 0
0.002020 16 10 0
-0.002491 16 -10 0
0.002803 16 12 0
0.003281 16 -12 0
0.001626 16 14 0
0.002569 16 -14 0
0.000970 16 16 0
0.009644 16 -16 0
-0.005871 17 1 0
-0.004999 17 -1 0
-0.003107 17 3 0
-0.004717 17 -3 0
0.006446 17 5 0
0.010474 17 -5 0
0.003609 17 7 0
0.001350 17 -7 0
0.001485 17 9 0
0.002530 17 -9 0
0.005014 17 11 0
0.001693 17 -11 0
-0.003193 17 13 0
0.002943 17 -13 0
-0.000041 17 15 0
-0.001020 17 -15 0
0.000576 17 17 0
0.003072 17 -17 0
0.006851 18 0 0
-0.002953 18 2 0
-0.001787 18 -2 0
-0.008429 18 4 0
-0.010388 18 -4 0
0.006716 18 6 0
0.002824 18 -6 0
0.001799 18 8 0
0.007340 18 -8 0
-0.002296 18 10 0
-0.001588 18 -10 0
0.002306 18 12 0
0.001423 18 -12 0
0.000625 18 14 0
0.001990 18 -14 0
-0.000733 18 16 0
0.005759 18 -16 0
-0.001705 18 18 0
-0.000737 18 -18 0
0.006268 19 1 0
0.009742 19 -1 0
0.004177 19 3 0
0.001556 19 -3 0
-0.007719 19 5 0
-0.011755 19 -5 0
0.006447 19 7 0
-0.003793 19 -7 0
0.003286 19 9 0
0.003243 19 -9 0
0.000772 19 11 0
