0.077200 1 1 0
-0.187819 1 -1 0
0.153920 2 0 0
-0.004405 2 2 0
0.031812 2 -2 0
0.061699 3 1 0
-0.014588 3 -1 0
-0.005995 3 3 0
0.000100 3 -3 0
-0.241681 4 0 0
0.004813 4 2 0
0.001751 4 -2 0
-0.018546 4 4 0
-0.005629 4 -4 0
-0.069470 5 1 0
0.033175 5 -1 0
0.008343 5 3 0
0.014527 5 -3 0
-0.005922 5 5 0
-0.005002 5 -5 0
0.290046 6 0 0
0.007083 6 2 0
0.014323 6 -2 0
0.002050 6 4 0
-0.016575 6 -4 0
0.003970 6 6 0
0.004416 6 -6 0
0.119440 7 1 0
-0.070644 7 -1 0
0.016021 7 3 0
0.009178 7 -3 0
0.004042 7 5 0
0.010035 7 -5 0
0.010116 7 7 0
-0.000516 7 -7 0
-0.212591 8 0 0
-0.015858 8 2 0
-0.007675 8 -2 0
0.001806 8 4 0
0.001356 8 -4 0
-0.012750 8 6 0
-0.009992 8 -6 0
-0.013115 8 8 0
0.012640 8 -8 0
-0.093624 9 1 0
0.038436 9 -1 0
0.002421 9 3 0
0.006966 9 -3 0
0.007334 9 5 0
0.005555 9 -5 0
0.014745 9 7 0
0.001203 9 -7 0
0.007327 9 9 0
0.011946 9 -9 0
0.182513 10 0 0
0.018256 10 2 0
0.019291 10 -2 0
0.000390 10 4 0
-0.033807 10 -4 0
-0.008570 10 6 0
-0.005477 10 -6 0
-0.009480 10 8 0
0.010044 10 -8 0
-0.000514 10 10 0
-0.010049 10 -10 0
0.095086 11 1 0
-0.054157 11 -1 0
0.017505 11 3 0
0.017306 11 -3 0
-0.006228 11 5 0
0.008633 11 -5 0
0.011170 11 7 0
0.004844 11 -7 0
0.005927 11 9 0
0.009000 11 -9 0
0.002564 11 11 0
0.006021 11 -11 0
-0.084735 12 0 0
-0.016235 12 2 0
-0.006276 12 -2 0
-0.002677 12 4 0
0.013818 12 -4 0
-0.009208 12 6 0
-0.008294 12 -6 0
-0.006344 12 8 0
0.010468 12 -8 0
-0.000687 12 10 0
-0.012017 12 -10 0
-0.005127 12 12 0
-0.011597 12 -12 0
-0.045736 13 1 0
0.021752 13 -1 0
-0.000771 13 3 0
0.009949 13 -3 0
0.009444 13 5 0
0.003799 13 -5 0
0.008106 13 7 0
0.000985 13 -7 0
0.006242 13 9 0
0.010419 13 -9 0
0.007146 13 11 0
0.008896 13 -11 0
0.003347 13 13 0
0.015446 13 -13 0
0.072964 14 0 0
0.017042 14 2 0
0.007630 14 -2 0
-0.000797 14 4 0
-0.034315 14 -4 0
-0.006429 14 6 0
-0.011265 14 -6 0
-0.003749 14 8 0
0.011053 14 -8 0
-0.001370 14 10 0
-0.010176 14 -10 0
-0.007119 14 12 0
-0.005928 14 -12 0
-0.003159 14 14 0
-0.009369 14 -14 0
0.046074 15 1 0
-0.026777 15 -1 0
0.019018 15 3 0
0.014429 15 -3 0
-0.012219 15 5 0
0.011736 15 -5 0
0.009764 15 7 0
0.004505 15 -7 0
0.000804 15 9 0
0.010013 15 -9 0
0.001696 15 11 0
0.003094 15 -11 0
-0.001021 15 13 0
0.009892 15 -13 0
-0.008509 15 15 0
0.005729 15 -15 0
-0.022300 16 0 0
-0.010014 16 2 0
-0.000910 16 -2 0
-0.000282 16 4 0
0.009641 16 -4 0
-0.001088 16 6 0
-0.003450 16 -6 0
-0.003544 16 8 0
0.006949 16 -8 0
0.002232 16 10 0
-0.004239 16 -10 0
-0.005540 16 12 0
-0.007292 16 -12 0
-0.003365 16 14 0
-0.005333 16 -14 0
0.005255 16 16 0
0.010927 16 -16 0
-0.019905 17 1 0
0.009475 17 -1 0
-0.003054 17 3 0
0.002391 17 -3 0
0.008416 17 5 0
0.002606 17 -5 0
0.002801 17 7 0
0.000364 17 -7 0
0.002209 17 9 0
0.004083 17 -9 0
0.002231 17 11 0
0.003656 17 -11 0
0.001149 17 13 0
0.006353 17 -13 0
-0.004040 17 15 0
0.000537 17 -15 0
-0.003821 17 17 0
0.001379 17 -17 0
0.025306 18 0 0
0.007225 18 2 0
0.007150 18 -2 0
0.000091 18 4 0
-0.015733 18 -4 0
-0.004809 18 6 0
-0.005836 18 -6 0
-0.000805 18 8 0
0.003022 18 -8 0
0.000607 18 10 0
-0.003101 18 -10 0
-0.004543 18 12 0
-0.001360 18 -12 0
-0.002653 18 14 0
-0.002218 18 -14 0
0.004989 18 16 0
0.003899 18 -16 0
0.005837 18 18 0
-0.000578 18 -18 0
0.018556 19 1 0
-0.010349 19 -1 0
0.009734 19 3 0
0.007547 19 -3 0
-0.005685 19 5 0
0.004081 19 -5 0
0.002029 19 7 0
0.000755 19 -7 0
0.001899 19 9 0
0.005294 19 -9 0
-0.002146 19 11 0
