0.106128 1 1 0
-0.190701 1 -1 0
0.151810 2 0 0
0.060628 2 2 0
0.008847 2 -2 0
0.034863 3 1 0
-0.008705 3 -1 0
0.022729 3 3 0
0.001205 3 -3 0
-0.239954 4 0 0
-0.011380 4 2 0
0.007847 4 -2 0
-0.005834 4 4 0
0.003103 4 -4 0
-0.065865 5 1 0
0.039829 5 -1 0
-0.001420 5 3 0
0.008735 5 -3 0
-0.004232 5 5 0
-0.000558 5 -5 0
0.287704 6 0 0
0.014344 6 2 0
0.009392 6 -2 0
0.005025 6 4 0
-0.012849 6 -4 0
0.004074 6 6 0
0.004350 6 -6 0
0.111444 7 1 0
-0.071329 7 -1 0
0.010561 7 3 0
0.011043 7 -3 0
-0.001175 7 5 0
0.006539 7 -5 0
0.009575 7 7 0
0.004352 7 -7 0
-0.215707 8 0 0
-0.018603 8 2 0
-0.007629 8 -2 0
0.005360 8 4 0
0.000195 8 -4 0
-0.008903 8 6 0
-0.003299 8 -6 0
-0.010337 8 8 0
0.011622 8 -8 0
-0.096633 9 1 0
0.045778 9 -1 0
-0.004072 9 3 0
0.006951 9 -3 0
0.007681 9 5 0
0.005806 9 -5 0
0.011468 9 7 0
-0.002347 9 -7 0
0.002150 9 9 0
0.011936 9 -9 0
0.180126 10 0 0
0.025659 10 2 0
0.018909 10 -2 0
0.003951 10 4 0
-0.027234 10 -4 0
-0.006260 10 6 0
-0.000661 10 -6 0
-0.006372 10 8 0
0.010707 10 -8 0
0.002017 10 10 0
-0.005792 10 -10 0
0.091059 11 1 0
-0.050472 11 -1 0
0.013927 11 3 0
0.016210 11 -3 0
-0.011228 11 5 0
0.008789 11 -5 0
0.009323 11 7 0
0.007703 11 -7 0
0.003643 11 9 0
0.012666 11 -9 0
-0.003039 11 11 0
0.006509 11 -11 0
-0.086817 12 0 0
-0.017545 12 2 0
-0.004789 12 -2 0
0.001392 12 4 0
0.017846 12 -4 0
-0.007828 12 6 0
-0.004021 12 -6 0
-0.007941 12 8 0
0.010141 12 -8 0
0.001356 12 10 0
-0.007032 12 -10 0
-0.004624 12 12 0
-0.006709 12 -12 0
-0.050121 13 1 0
0.026556 13 -1 0
-0.005530 13 3 0
0.009431 13 -3 0
0.010669 13 5 0
0.002627 13 -5 0
0.005817 13 7 0
0.000345 13 -7 0
0.002404 13 9 0
0.010761 13 -9 0
0.000998 13 11 0
0.008884 13 -11 0
0.002232 13 13 0
0.013361 13 -13 0
0.071405 14 0 0
0.018413 14 2 0
0.008323 14 -2 0
0.001874 14 4 0
-0.032376 14 -4 0
-0.003439 14 6 0
-0.006114 14 -6 0
-0.002052 14 8 0
0.010074 14 -8 0
-0.001010 14 10 0
-0.007850 14 -10 0
-0.003939 14 12 0
-0.002110 14 -12 0
-0.005231 14 14 0
-0.003760 14 -14 0
0.043820 15 1 0
-0.025942 15 -1 0
0.015348 15 3 0
0.012229 15 -3 0
-0.012752 15 5 0
0.012115 15 -5 0
0.008553 15 7 0
0.004432 15 -7 0
0.000141 15 9 0
0.012699 15 -9 0
-0.002637 15 11 0
0.004580 15 -11 0
-0.000150 15 13 0
0.007334 15 -13 0
-0.003787 15 15 0
0.004713 15 -15 0
-0.022967 16 0 0
-0.009782 16 2 0
0.000061 16 -2 0
0.001171 16 4 0
0.012641 16 -4 0
-0.001443 16 6 0
-0.000363 16 -6 0
-0.003423 16 8 0
0.007927 16 -8 0
0.001451 16 10 0
-0.001540 16 -10 0
-0.003710 16 12 0
-0.003976 16 -12 0
-0.003245 16 14 0
-0.000748 16 -14 0
0.002865 16 16 0
0.010224 16 -16 0
-0.021971 17 1 0
0.011052 17 -1 0
-0.004178 17 3 0
0.003103 17 -3 0
0.008745 17 5 0
0.001958 17 -5 0
0.002969 17 7 0
0.000606 17 -7 0
0.001472 17 9 0
0.005704 17 -9 0
-0.000637 17 11 0
0.004698 17 -11 0
0.001631 17 13 0
0.006230 17 -13 0
-0.001381 17 15 0
0.000453 17 -15 0
-0.001961 17 17 0
0.002942 17 -17 0
0.025360 18 0 0
0.007305 18 2 0
0.008058 18 -2 0
0.001377 18 4 0
-0.012954 18 -4 0
-0.003880 18 6 0
-0.004122 18 -6 0
0.000374 18 8 0
0.003540 18 -8 0
-0.000099 18 10 0
-0.001663 18 -10 0
-0.005207 18 12 0
-0.000620 18 -12 0
-0.003807 18 14 0
0.000116 18 -14 0
0.005704 18 16 0
0.003862 18 -16 0
0.002982 18 18 0
-0.000883 18 -18 0
0.017489 19 1 0
-0.008623 19 -1 0
0.008001 19 3 0
0.005808 19 -3 0
-0.005728 19 5 0
0.003418 19 -5 0
0.003549 19 7 0
0.001023 19 -7 0
0.001256 19 9 0
0.006167 19 -9 0
-0.003309 19 11 0
