0.151627 1 1 0
-0.177645 1 -1 0
0.155420 2 0 0
0.017316 2 2 0
-0.017993 2 -2 0
0.024936 3 1 0
-0.030630 3 -1 0
0.005215 3 3 0
-0.004210 3 -3 0
-0.245786 4 0 0
-0.002187 4 2 0
0.023108 4 -2 0
-0.001340 4 4 0
0.002454 4 -4 0
-0.052091 5 1 0
0.034667 5 -1 0
0.000410 5 3 0
0.012322 5 -3 0
-0.002898 5 5 0
-0.009415 5 -5 0
0.296555 6 0 0
0.011178 6 2 0
0.006937 6 -2 0
0.001225 6 4 0
-0.013179 6 -4 0
-0.000641 6 6 0
-0.001585 6 -6 0
0.111950 7 1 0
-0.075187 7 -1 0
0.009354 7 3 0
0.011838 7 -3 0
-0.001062 7 5 0
0.012138 7 -5 0
0.007316 7 7 0
0.004156 7 -7 0
-0.217457 8 0 0
-0.018380 8 2 0
-0.001404 8 -2 0
0.001559 8 4 0
0.001406 8 -4 0
-0.011092 8 6 0
-0.002347 8 -6 0
-0.013349 8 8 0
0.009478 8 -8 0
-0.093541 9 1 0
0.040040 9 -1 0
-0.002052 9 3 0
0.010098 9 -3 0
0.007107 9 5 0
0.009874 9 -5 0
0.010523 9 7 0
0.002886 9 -7 0
0.007263 9 9 0
0.008728 9 -9 0
0.181422 10 0 0
0.022594 10 2 0
0.020810 10 -2 0
0.001964 10 4 0
-0.030096 10 -4 0
-0.006738 10 6 0
-0.004574 10 -6 0
-0.011944 10 8 0
0.007151 10 -8 0
-0.004389 10 10 0
-0.005913 10 -10 0
0.094918 11 1 0
-0.055709 11 -1 0
0.016500 11 3 0
0.016628 11 -3 0
-0.011688 11 5 0
0.012582 11 -5 0
0.009130 11 7 0
0.010077 11 -7 0
0.010494 11 9 0
0.010748 11 -9 0
0.006476 11 11 0
0.007904 11 -11 0
-0.086288 12 0 0
-0.016526 12 2 0
-0.002704 12 -2 0
0.000025 12 4 0
0.017679 12 -4 0
-0.010358 12 6 0
-0.004691 12 -6 0
-0.008168 12 8 0
0.008036 12 -8 0
-0.005628 12 10 0
-0.008552 12 -10 0
-0.010380 12 12 0
-0.008970 12 -12 0
-0.046315 13 1 0
0.022132 13 -1 0
-0.006698 13 3 0
0.012133 13 -3 0
0.009458 13 5 0
0.007296 13 -5 0
0.006002 13 7 0
0.003163 13 -7 0
0.005730 13 9 0
0.007931 13 -9 0
0.007507 13 11 0
0.009229 13 -11 0
0.007198 13 13 0
0.017183 13 -13 0
0.070569 14 0 0
0.017277 14 2 0
0.009811 14 -2 0
0.001163 14 4 0
-0.032606 14 -4 0
-0.006345 14 6 0
-0.008196 14 -6 0
-0.006012 14 8 0
0.006880 14 -8 0
-0.004864 14 10 0
-0.008436 14 -10 0
-0.006853 14 12 0
-0.004736 14 -12 0
-0.006935 14 14 0
-0.010096 14 -14 0
0.045492 15 1 0
-0.029619 15 -1 0
0.016609 15 3 0
0.013679 15 -3 0
-0.012572 15 5 0
0.014087 15 -5 0
0.008144 15 7 0
0.006346 15 -7 0
0.004192 15 9 0
0.012128 15 -9 0
0.005141 15 11 0
0.004260 15 -11 0
-0.000044 15 13 0
0.009983 15 -13 0
-0.004429 15 15 0
0.007344 15 -15 0
-0.023029 16 0 0
-0.008339 16 2 0
0.001028 16 -2 0
0.001712 16 4 0
0.011699 16 -4 0
-0.002604 16 6 0
0.000081 16 -6 0
-0.003411 16 8 0
0.005521 16 -8 0
-0.002351 16 10 0
-0.001977 16 -10 0
-0.005561 16 12 0
-0.005870 16 -12 0
-0.005314 16 14 0
-0.003212 16 -14 0
0.005861 16 16 0
0.003830 16 -16 0
-0.018772 17 1 0
0.007949 17 -1 0
-0.004988 17 3 0
0.004606 17 -3 0
0.006363 17 5 0
0.003764 17 -5 0
0.001605 17 7 0
0.002558 17 -7 0
0.003530 17 9 0
0.003983 17 -9 0
0.001893 17 11 0
0.004463 17 -11 0
0.003424 17 13 0
0.007589 17 -13 0
-0.002862 17 15 0
0.001178 17 -15 0
-0.000583 17 17 0
0.006056 17 -17 0
0.025138 18 0 0
0.006839 18 2 0
0.008206 18 -2 0
0.001778 18 4 0
-0.013093 18 -4 0
-0.006197 18 6 0
-0.005060 18 -6 0
-0.000356 18 8 0
0.001658 18 -8 0
-0.002035 18 10 0
-0.001960 18 -10 0
-0.004773 18 12 0
-0.000752 18 -12 0
-0.005128 18 14 0
-0.000809 18 -14 0
0.008567 18 16 0
0.001066 18 -16 0
0.004011 18 18 0
0.000562 18 -18 0
0.018304 19 1 0
-0.011035 19 -1 0
0.006914 19 3 0
0.006818 19 -3 0
-0.005970 19 5 0
0.005254 19 -5 0
0.001410 19 7 0
0.001268 19 -7 0
0.002832 19 9 0
0.005245 19 -9 0
-0.000936 19 11 0
