0.278285 1 1 0
-0.101304 1 -1 0
-0.123047 2 0 0
0.075319 2 2 0
0.007673 2 -2 0
-0.254886 3 1 0
-0.172658 3 -1 0
0.040621 3 3 0
-0.069193 3 -3 0
0.009674 4 0 0
-0.262831 4 2 0
0.059209 4 -2 0
0.024647 4 4 0
-0.003262 4 -4 0
0.180861 5 1 0
0.122065 5 -1 0
-0.098403 5 3 0
0.180387 5 -3 0
0.008548 5 5 0
0.007419 5 -5 0
0.104798 6 0 0
0.293753 6 2 0
-0.082241 6 -2 0
0.072850 6 4 0
0.100032 6 -4 0
0.014177 6 6 0
0.041331 6 -6 0
-0.012747 7 1 0
-0.032543 7 -1 0
0.098452 7 3 0
-0.227249 7 -3 0
0.075418 7 5 0
0.008217 7 -5 0
0.013336 7 7 0
0.007661 7 -7 0
-0.076031 8 0 0
-0.158927 8 2 0
0.022020 8 -2 0
-0.058789 8 4 0
-0.129917 8 -4 0
0.036145 8 6 0
-0.009105 8 -6 0
-0.029357 8 8 0
0.014330 8 -8 0
-0.073518 9 1 0
-0.086059 9 -1 0
-0.095236 9 3 0
0.172925 9 -3 0
-0.082919 9 5 0
-0.012000 9 -5 0
0.010606 9 7 0
-0.010687 9 -7 0
0.022827 9 9 0
0.035703 9 -9 0
0.033313 10 0 0
0.029537 10 2 0
-0.015334 10 -2 0
0.089912 10 4 0
0.131321 10 -4 0
-0.035863 10 6 0
0.061421 10 -6 0
-0.040073 10 8 0
-0.010796 10 -8 0
-0.014815 10 10 0
-0.077382 10 -10 0
0.065464 11 1 0
0.039967 11 -1 0
0.039874 11 3 0
-0.082226 11 -3 0
0.099537 11 5 0
0.019913 11 -5 0
0.005951 11 7 0
0.042361 11 -7 0
0.001196 11 9 0
0.030339 11 -9 0
0.002699 11 11 0
0.023115 11 -11 0
0.027177 12 0 0
0.042962 12 2 0
-0.013344 12 -2 0
-0.028287 12 4 0
-0.081620 12 -4 0
0.035822 12 6 0
-0.020769 12 -6 0
-0.009587 12 8 0
0.026930 12 -8 0
-0.022049 12 10 0
-0.050290 12 -10 0
0.040716 12 12 0
-0.024483 12 -12 0
-0.011357 13 1 0
-0.031716 13 -1 0
-0.012744 13 3 0
0.024517 13 -3 0
-0.059557 13 5 0
-0.002697 13 -5 0
0.002272 13 7 0
-0.012265 13 -7 0
0.030831 13 9 0
0.028699 13 -9 0
0.002084 13 11 0
0.030329 13 -11 0
-0.000774 13 13 0
0.003562 13 -13 0
-0.012810 14 0 0
-0.029465 14 2 0
-0.008260 14 -2 0
0.030719 14 4 0
0.046416 14 -4 0
-0.028817 14 6 0
0.041006 14 -6 0
-0.032955 14 8 0
-0.009224 14 -8 0
0.003628 14 10 0
-0.053930 14 -10 0
0.033555 14 12 0
-0.015623 14 -12 0
0.020891 14 14 0
0.012558 14 -14 0
-0.008746 15 1 0
-0.017969 15 -1 0
-0.012715 15 3 0
0.013935 15 -3 0
0.049443 15 5 0
0.018780 15 -5 0
0.006403 15 7 0
0.039092 15 -7 0
-0.008607 15 9 0
0.023047 15 -9 0
-0.002966 15 11 0
0.008598 15 -11 0
0.001692 15 13 0
0.002285 15 -13 0
-0.005051 15 15 0
-0.000196 15 -15 0
0.012372 16 0 0
0.014534 16 2 0
-0.000952 16 -2 0
0.000521 16 4 0
-0.010163 16 -4 0
0.015165 16 6 0
-0.015644 16 -6 0
0.000253 16 8 0
0.013396 16 -8 0
-0.013845 16 10 0
-0.015355 16 -10 0
0.016983 16 12 0
-0.010730 16 -12 0
0.013148 16 14 0
0.000840 16 -14 0
0.001902 16 16 0
0.004824 16 -16 0
0.014433 17 1 0
0.010476 17 -1 0
0.006920 17 3 0
-0.000366 17 -3 0
-0.010324 17 5 0
0.003195 17 -5 0
-0.001345 17 7 0
-0.000731 17 -7 0
0.016299 17 9 0
0.014765 17 -9 0
-0.000976 17 11 0
0.022552 17 -11 0
-0.000265 17 13 0
0.002980 17 -13 0
-0.000171 17 15 0
-0.000952 17 -15 0
0.000295 17 17 0
0.003579 17 -17 0
0.004486 18 0 0
0.002476 18 2 0
-0.004981 18 -2 0
0.004810 18 4 0
0.000544 18 -4 0
-0.016589 18 6 0
0.015868 18 -6 0
-0.015882 18 8 0
-0.004854 18 -8 0
0.006345 18 10 0
-0.021489 18 -10 0
0.016537 18 12 0
-0.002227 18 -12 0
0.006259 18 14 0
0.005070 18 -14 0
0.001460 18 16 0
0.001642 18 -16 0
-0.000982 18 18 0
-0.007795 18 -18 0
-0.001901 19 1 0
-0.013308 19 -1 0
-0.006174 19 3 0
0.006194 19 -3 0
0.010194 19 5 0
0.009614 19 -5 0
0.000945 19 7 0
0.020388 19 -7 0
-0.005598 19 9 0
0.013180 19 -9 0
-0.004030 19 11 0
