0.341167 1 1 0
-0.081479 1 -1 0
-0.114345 2 0 0
0.012895 2 2 0
0.016228 2 -2 0
-0.265353 3 1 0
-0.191817 3 -1 0
0.023365 3 3 0
-0.057865 3 -3 0
0.000443 4 0 0
-0.234285 4 2 0
0.054936 4 -2 0
0.004118 4 4 0
-0.016974 4 -4 0
0.183335 5 1 0
0.131660 5 -1 0
-0.095719 5 3 0
0.179449 5 -3 0
-0.001025 5 5 0
0.008081 5 -5 0
0.104514 6 0 0
0.294847 6 2 0
-0.075777 6 -2 0
0.082430 6 4 0
0.111137 6 -4 0
0.015418 6 6 0
0.026900 6 -6 0
-0.009341 7 1 0
-0.034650 7 -1 0
0.099074 7 3 0
-0.226988 7 -3 0
0.084359 7 5 0
0.000648 7 -5 0
0.028233 7 7 0
0.013610 7 -7 0
-0.071419 8 0 0
-0.151981 8 2 0
0.017392 8 -2 0
-0.051927 8 4 0
-0.135377 8 -4 0
0.041979 8 6 0
-0.011259 8 -6 0
-0.020809 8 8 0
0.017638 8 -8 0
-0.068051 9 1 0
-0.082933 9 -1 0
-0.096845 9 3 0
0.176425 9 -3 0
-0.079140 9 5 0
-0.009820 9 -5 0
0.012151 9 7 0
-0.009456 9 -7 0
0.030539 9 9 0
0.030013 9 -9 0
0.031645 10 0 0
0.037888 10 2 0
-0.016813 10 -2 0
0.093289 10 4 0
0.134563 10 -4 0
-0.029193 10 6 0
0.047763 10 -6 0
-0.035947 10 8 0
-0.009098 10 -8 0
-0.009015 10 10 0
-0.064092 10 -10 0
0.065367 11 1 0
0.039661 11 -1 0
0.039654 11 3 0
-0.083736 11 -3 0
0.108958 11 5 0
0.014533 11 -5 0
0.012931 11 7 0
0.044863 11 -7 0
0.008761 11 9 0
0.026363 11 -9 0
0.006408 11 11 0
0.019813 11 -11 0
0.027629 12 0 0
0.050314 12 2 0
-0.014154 12 -2 0
-0.024693 12 4 0
-0.082892 12 -4 0
0.039002 12 6 0
-0.027922 12 -6 0
-0.006289 12 8 0
0.027872 12 -8 0
-0.017838 12 10 0
-0.043033 12 -10 0
0.039985 12 12 0
-0.009524 12 -12 0
-0.008364 13 1 0
-0.031189 13 -1 0
-0.014994 13 3 0
0.024595 13 -3 0
-0.056991 13 5 0
-0.004313 13 -5 0
0.005047 13 7 0
-0.013946 13 -7 0
0.034503 13 9 0
0.024699 13 -9 0
0.005166 13 11 0
0.022778 13 -11 0
0.003535 13 13 0
0.000552 13 -13 0
-0.012073 14 0 0
-0.024942 14 2 0
-0.013031 14 -2 0
0.033840 14 4 0
0.046190 14 -4 0
-0.025369 14 6 0
0.033588 14 -6 0
-0.029448 14 8 0
-0.009346 14 -8 0
0.008517 14 10 0
-0.048504 14 -10 0
0.032206 14 12 0
-0.002943 14 -12 0
0.020908 14 14 0
0.013196 14 -14 0
-0.006769 15 1 0
-0.017842 15 -1 0
-0.011376 15 3 0
0.014086 15 -3 0
0.054965 15 5 0
0.014980 15 -5 0
0.008375 15 7 0
0.036850 15 -7 0
-0.004873 15 9 0
0.019954 15 -9 0
-0.001391 15 11 0
0.007166 15 -11 0
0.006416 15 13 0
-0.000011 15 -13 0
-0.003233 15 15 0
-0.000937 15 -15 0
0.011060 16 0 0
0.017893 16 2 0
-0.003231 16 -2 0
0.001630 16 4 0
-0.011736 16 -4 0
0.017514 16 6 0
-0.019664 16 -6 0
0.002446 16 8 0
0.012904 16 -8 0
-0.013472 16 10 0
-0.014769 16 -10 0
0.014663 16 12 0
-0.004297 16 -12 0
0.013667 16 14 0
0.001888 16 -14 0
0.006836 16 16 0
0.008531 16 -16 0
0.015606 17 1 0
0.009026 17 -1 0
0.006984 17 3 0
-0.000535 17 -3 0
-0.008524 17 5 0
0.000758 17 -5 0
0.000265 17 7 0
-0.002563 17 -7 0
0.018779 17 9 0
0.011888 17 -9 0
0.000164 17 11 0
0.020135 17 -11 0
0.002301 17 13 0
0.002519 17 -13 0
-0.001052 17 15 0
-0.001506 17 -15 0
0.004828 17 17 0
0.001077 17 -17 0
0.004459 18 0 0
0.005666 18 2 0
-0.006671 18 -2 0
0.006476 18 4 0
-0.000195 18 -4 0
-0.015443 18 6 0
0.011439 18 -6 0
-0.016072 18 8 0
-0.006342 18 -8 0
0.006192 18 10 0
-0.020735 18 -10 0
0.013822 18 12 0
0.001115 18 -12 0
0.005666 18 14 0
0.003945 18 -14 0
0.002713 18 16 0
0.003488 18 -16 0
0.001063 18 18 0
-0.005384 18 -18 0
-0.001193 19 1 0
-0.012585 19 -1 0
-0.005688 19 3 0
0.005246 19 -3 0
0.011214 19 5 0
0.007313 19 -5 0
0.000946 19 7 0
0.019117 19 -7 0
-0.003650 19 9 0
0.012715 19 -9 0
-0.002159 19 11 0
