0.234965 1 1 0
-0.142879 1 -1 0
-0.097847 2 0 0
0.032799 2 2 0
0.058180 2 -2 0
-0.224624 3 1 0
-0.153871 3 -1 0
0.008838 3 3 0
-0.070683 3 -3 0
-0.011873 4 0 0
-0.246457 4 2 0
0.051172 4 -2 0
0.004884 4 4 0
-0.009941 4 -4 0
0.177345 5 1 0
0.118274 5 -1 0
-0.094527 5 3 0
0.175508 5 -3 0
0.002598 5 5 0
-0.001046 5 -5 0
0.110231 6 0 0
0.294042 6 2 0
-0.081579 6 -2 0
0.080677 6 4 0
0.101903 6 -4 0
0.011485 6 6 0
0.023595 6 -6 0
-0.010888 7 1 0
-0.029358 7 -1 0
0.099908 7 3 0
-0.219199 7 -3 0
0.076303 7 5 0
0.005182 7 -5 0
0.013406 7 7 0
0.019120 7 -7 0
-0.075470 8 0 0
-0.154622 8 2 0
0.016521 8 -2 0
-0.055925 8 4 0
-0.134783 8 -4 0
0.040701 8 6 0
-0.009772 8 -6 0
-0.024105 8 8 0
0.014737 8 -8 0
-0.072798 9 1 0
-0.085010 9 -1 0
-0.096481 9 3 0
0.178352 9 -3 0
-0.085311 9 5 0
-0.005832 9 -5 0
0.015547 9 7 0
-0.013085 9 -7 0
0.028307 9 9 0
0.027716 9 -9 0
0.031584 10 0 0
0.032897 10 2 0
-0.017092 10 -2 0
0.092391 10 4 0
0.133760 10 -4 0
-0.032815 10 6 0
0.050779 10 -6 0
-0.044146 10 8 0
-0.010211 10 -8 0
-0.011131 10 10 0
-0.066628 10 -10 0
0.066095 11 1 0
0.041114 11 -1 0
0.038314 11 3 0
-0.082235 11 -3 0
0.101904 11 5 0
0.017192 11 -5 0
0.009789 11 7 0
0.049221 11 -7 0
0.007236 11 9 0
0.028892 11 -9 0
0.008311 11 11 0
0.021346 11 -11 0
0.026259 12 0 0
0.047773 12 2 0
-0.013387 12 -2 0
-0.026728 12 4 0
-0.085900 12 -4 0
0.037353 12 6 0
-0.024302 12 -6 0
-0.009793 12 8 0
0.025107 12 -8 0
-0.017096 12 10 0
-0.044881 12 -10 0
0.041441 12 12 0
-0.012906 12 -12 0
-0.011106 13 1 0
-0.034125 13 -1 0
-0.014215 13 3 0
0.025856 13 -3 0
-0.061159 13 5 0
-0.003288 13 -5 0
0.003538 13 7 0
-0.013550 13 -7 0
0.035401 13 9 0
0.024875 13 -9 0
0.007613 13 11 0
0.025094 13 -11 0
0.000864 13 13 0
0.004548 13 -13 0
-0.010895 14 0 0
-0.025284 14 2 0
-0.011004 14 -2 0
0.031881 14 4 0
0.045630 14 -4 0
-0.028098 14 6 0
0.036333 14 -6 0
-0.034043 14 8 0
-0.009462 14 -8 0
0.005613 14 10 0
-0.051608 14 -10 0
0.036377 14 12 0
-0.004999 14 -12 0
0.018860 14 14 0
0.010173 14 -14 0
-0.009926 15 1 0
-0.017213 15 -1 0
-0.014928 15 3 0
0.012285 15 -3 0
0.049643 15 5 0
0.015783 15 -5 0
0.006275 15 7 0
0.038559 15 -7 0
-0.006263 15 9 0
0.022169 15 -9 0
0.001326 15 11 0
0.010075 15 -11 0
0.002591 15 13 0
0.003249 15 -13 0
0.001132 15 15 0
0.001419 15 -15 0
0.012438 16 0 0
0.016436 16 2 0
-0.000850 16 -2 0
0.000786 16 4 0
-0.011143 16 -4 0
0.015203 16 6 0
-0.017031 16 -6 0
0.000328 16 8 0
0.012571 16 -8 0
-0.011739 16 10 0
-0.015773 16 -10 0
0.015964 16 12 0
-0.006561 16 -12 0
0.014085 16 14 0
0.002733 16 -14 0
-0.001487 16 16 0
0.006797 16 -16 0
0.014721 17 1 0
0.008308 17 -1 0
0.006368 17 3 0
-0.000277 17 -3 0
-0.010379 17 5 0
0.000344 17 -5 0
-0.000067 17 7 0
-0.002185 17 -7 0
0.018700 17 9 0
0.012538 17 -9 0
0.000890 17 11 0
0.021014 17 -11 0
-0.000054 17 13 0
0.003036 17 -13 0
0.000242 17 15 0
0.000456 17 -15 0
0.005758 17 17 0
0.001419 17 -17 0
0.005681 18 0 0
0.004604 18 2 0
-0.004538 18 -2 0
0.004943 18 4 0
-0.000224 18 -4 0
-0.017318 18 6 0
0.014740 18 -6 0
-0.017548 18 8 0
-0.005703 18 -8 0
0.006166 18 10 0
-0.021773 18 -10 0
0.015650 18 12 0
0.001747 18 -12 0
0.005892 18 14 0
0.003906 18 -14 0
0.000530 18 16 0
0.003074 18 -16 0
0.001776 18 18 0
-0.005394 18 -18 0
-0.002971 19 1 0
-0.013265 19 -1 0
-0.007399 19 3 0
0.005260 19 -3 0
0.010668 19 5 0
0.007784 19 -5 0
-0.000306 19 7 0
0.018928 19 -7 0
-0.004987 19 9 0
0.013252 19 -9 0
-0.001540 19 11 0
