0.019031 1 1 0
-0.148651 1 -1 0
0.076614 2 0 0
0.052025 2 2 0
0.014566 2 -2 0
0.045886 3 1 0
-0.011644 3 -1 0
-0.030801 3 3 0
-0.001553 3 -3 0
-0.165184 4 0 0
-0.010252 4 2 0
-0.006676 4 -2 0
0.000533 4 4 0
0.021153 4 -4 0
-0.021249 5 1 0
0.043732 5 -1 0
0.005863 5 3 0
0.006122 5 -3 0
-0.005351 5 5 0
-0.013400 5 -5 0
0.186953 6 0 0
0.007204 6 2 0
0.000303 6 -2 0
0.004884 6 4 0
-0.011323 6 -4 0
0.004667 6 6 0
0.004109 6 -6 0
0.051222 7 1 0
-0.059313 7 -1 0
0.004375 7 3 0
0.007141 7 -3 0
-0.006027 7 5 0
0.001764 7 -5 0
0.000987 7 7 0
0.000248 7 -7 0
-0.151278 8 0 0
-0.013067 8 2 0
-0.000701 8 -2 0
0.005534 8 4 0
0.007585 8 -4 0
-0.001215 8 6 0
0.000025 8 -6 0
-0.005145 8 8 0
-0.003388 8 -8 0
-0.049412 9 1 0
0.047976 9 -1 0
-0.006897 9 3 0
0.002334 9 -3 0
0.003466 9 5 0
-0.006811 9 -5 0
0.003599 9 7 0
-0.004169 9 -7 0
-0.010042 9 9 0
0.004728 9 -9 0
0.114363 10 0 0
0.019874 10 2 0
0.004391 10 -2 0
0.008607 10 4 0
-0.017790 10 -4 0
-0.002096 10 6 0
0.005452 10 -6 0
0.002175 10 8 0
-0.001784 10 -8 0
0.011606 10 10 0
0.004803 10 -10 0
0.048139 11 1 0
-0.045526 11 -1 0
0.003076 11 3 0
0.007752 11 -3 0
-0.011921 11 5 0
0.000820 11 -5 0
0.005599 11 7 0
0.002763 11 -7 0
-0.006416 11 9 0
0.003065 11 -9 0
-0.010075 11 11 0
-0.009842 11 -11 0
-0.066558 12 0 0
-0.013094 12 2 0
-0.000438 12 -2 0
0.001891 12 4 0
0.016092 12 -4 0
-0.001369 12 6 0
0.001390 12 -6 0
-0.002665 12 8 0
-0.004214 12 -8 0
0.007139 12 10 0
0.002040 12 -10 0
-0.002098 12 12 0
0.006272 12 -12 0
-0.024498 13 1 0
0.029851 13 -1 0
-0.006552 13 3 0
0.000490 13 -3 0
0.002993 13 5 0
-0.007556 13 -5 0
0.001157 13 7 0
-0.002713 13 -7 0
-0.006990 13 9 0
0.003067 13 -9 0
-0.003345 13 11 0
-0.003975 13 -11 0
0.006525 13 13 0
0.002109 13 -13 0
0.042085 14 0 0
0.016089 14 2 0
-0.000736 14 -2 0
0.003338 14 4 0
-0.017461 14 -4 0
-0.000717 14 6 0
0.000946 14 -6 0
0.001617 14 8 0
0.001083 14 -8 0
0.006331 14 10 0
0.000588 14 -10 0
-0.004321 14 12 0
0.006481 14 -12 0
-0.007607 14 14 0
0.002214 14 -14 0
0.023949 15 1 0
-0.025408 15 -1 0
0.003826 15 3 0
0.008101 15 -3 0
-0.008536 15 5 0
0.003936 15 -5 0
0.004428 15 7 0
0.001554 15 -7 0
-0.006884 15 9 0
0.007210 15 -9 0
-0.004863 15 11 0
-0.004364 15 -11 0
0.002750 15 13 0
0.002015 15 -13 0
0.003964 15 15 0
0.002353 15 -15 0
-0.020931 16 0 0
-0.005994 16 2 0
0.000239 16 -2 0
0.002153 16 4 0
0.011984 16 -4 0
0.000502 16 6 0
0.001774 16 -6 0
-0.001012 16 8 0
-0.001269 16 -8 0
0.004220 16 10 0
0.002096 16 -10 0
-0.003212 16 12 0
0.001719 16 -12 0
-0.003186 16 14 0
-0.000061 16 -14 0
-0.002690 16 16 0
0.001495 16 -16 0
-0.011109 17 1 0
0.013114 17 -1 0
-0.004896 17 3 0
0.000727 17 -3 0
0.003309 17 5 0
-0.006042 17 -5 0
0.000887 17 7 0
-0.001556 17 -7 0
-0.003876 17 9 0
0.000421 17 -9 0
-0.003438 17 11 0
-0.000027 17 -11 0
0.003351 17 13 0
0.002948 17 -13 0
0.002482 17 15 0
-0.000402 17 -15 0
-0.002180 17 17 0
0.004118 17 -17 0
0.014141 18 0 0
0.007036 18 2 0
0.001519 18 -2 0
0.002664 18 4 0
-0.007866 18 -4 0
-0.004674 18 6 0
-0.000170 18 -6 0
0.001450 18 8 0
-0.000074 18 -8 0
0.003211 18 10 0
0.000445 18 -10 0
-0.001108 18 12 0
0.001325 18 -12 0
-0.004349 18 14 0
0.001041 18 -14 0
0.001535 18 16 0
-0.000771 18 -16 0
0.003126 18 18 0
0.002570 18 -18 0
0.011153 19 1 0
-0.009374 19 -1 0
0.001272 19 3 0
0.002803 19 -3 0
-0.004314 19 5 0
0.000935 19 -5 0
-0.000028 19 7 0
0.001163 19 -7 0
-0.001414 19 9 0
0.002811 19 -9 0
-0.005918 19 11 0
