0.188567 1 1 0
-0.195165 1 -1 0
0.069569 2 0 0
0.023945 2 2 0
-0.003335 2 -2 0
0.031518 3 1 0
0.001862 3 -1 0
0.024061 3 3 0
-0.004119 3 -3 0
-0.161124 4 0 0
-0.003145 4 2 0
0.011983 4 -2 0
-0.002986 4 4 0
0.008425 4 -4 0
-0.042223 5 1 0
0.023470 5 -1 0
-0.014184 5 3 0
0.017700 5 -3 0
0.001155 5 5 0
-0.004555 5 -5 0
0.193726 6 0 0
0.014630 6 2 0
-0.000824 6 -2 0
0.006799 6 4 0
-0.015080 6 -4 0
0.012757 6 6 0
0.008747 6 -6 0
0.076409 7 1 0
-0.042497 7 -1 0
0.009893 7 3 0
0.009034 7 -3 0
-0.004526 7 5 0
0.004503 7 -5 0
0.006873 7 7 0
0.001489 7 -7 0
-0.149538 8 0 0
-0.010284 8 2 0
-0.005905 8 -2 0
0.004375 8 4 0
0.004427 8 -4 0
-0.011344 8 6 0
-0.000679 8 -6 0
-0.011283 8 8 0
0.006185 8 -8 0
-0.061756 9 1 0
0.033760 9 -1 0
-0.008622 9 3 0
0.011648 9 -3 0
0.003114 9 5 0
0.000542 9 -5 0
0.009659 9 7 0
-0.005004 9 -7 0
0.006036 9 9 0
0.006822 9 -9 0
0.118552 10 0 0
0.020939 10 2 0
0.011442 10 -2 0
0.008393 10 4 0
-0.024585 10 -4 0
-0.003210 10 6 0
0.006472 10 -6 0
-0.005277 10 8 0
0.008067 10 -8 0
0.004268 10 10 0
-0.002672 10 -10 0
0.063215 11 1 0
-0.033646 11 -1 0
0.008520 11 3 0
0.015172 11 -3 0
-0.008869 11 5 0
0.004832 11 -5 0
0.008085 11 7 0
0.003992 11 -7 0
0.000524 11 9 0
0.007838 11 -9 0
-0.001397 11 11 0
0.003329 11 -11 0
-0.060342 12 0 0
-0.008731 12 2 0
-0.006216 12 -2 0
0.001373 12 4 0
0.012905 12 -4 0
-0.008138 12 6 0
0.001969 12 -6 0
-0.007024 12 8 0
0.007436 12 -8 0
0.001312 12 10 0
-0.004889 12 -10 0
-0.002090 12 12 0
-0.006103 12 -12 0
-0.031020 13 1 0
0.020827 13 -1 0
-0.005671 13 3 0
0.012109 13 -3 0
0.006202 13 5 0
0.001716 13 -5 0
0.005375 13 7 0
-0.001299 13 -7 0
0.002227 13 9 0
0.004443 13 -9 0
0.000056 13 11 0
0.005366 13 -11 0
0.005172 13 13 0
0.011000 13 -13 0
0.046370 14 0 0
0.016303 14 2 0
0.006198 14 -2 0
0.003876 14 4 0
-0.021631 14 -4 0
-0.002771 14 6 0
-0.002427 14 -6 0
-0.003830 14 8 0
0.005928 14 -8 0
0.001740 14 10 0
-0.002831 14 -10 0
-0.002082 14 12 0
-0.002484 14 -12 0
-0.005344 14 14 0
0.000817 14 -14 0
0.033861 15 1 0
-0.018237 15 -1 0
0.010028 15 3 0
0.010301 15 -3 0
-0.009388 15 5 0
0.007641 15 -5 0
0.006077 15 7 0
0.002697 15 -7 0
0.000236 15 9 0
0.010319 15 -9 0
-0.001375 15 11 0
0.002438 15 -11 0
-0.000932 15 13 0
0.007456 15 -13 0
-0.006699 15 15 0
0.002610 15 -15 0
-0.017266 16 0 0
-0.003958 16 2 0
-0.000741 16 -2 0
0.000192 16 4 0
0.009214 16 -4 0
-0.001245 16 6 0
0.004630 16 -6 0
-0.001801 16 8 0
0.005398 16 -8 0
0.000452 16 10 0
-0.000024 16 -10 0
-0.001249 16 12 0
-0.002732 16 -12 0
-0.001030 16 14 0
-0.000829 16 -14 0
0.005337 16 16 0
0.006783 16 -16 0
-0.014726 17 1 0
0.008739 17 -1 0
-0.003807 17 3 0
0.005062 17 -3 0
0.004944 17 5 0
0.000019 17 -5 0
0.000956 17 7 0
-0.000143 17 -7 0
0.000997 17 9 0
0.002965 17 -9 0
-0.000821 17 11 0
0.002303 17 -11 0
0.000746 17 13 0
0.007117 17 -13 0
-0.002687 17 15 0
-0.001816 17 -15 0
-0.003339 17 17 0
0.003665 17 -17 0
0.016103 18 0 0
0.005925 18 2 0
0.005187 18 -2 0
0.003634 18 4 0
-0.010072 18 -4 0
-0.004939 18 6 0
-0.002161 18 -6 0
0.000846 18 8 0
0.001164 18 -8 0
0.002048 18 10 0
-0.000444 18 -10 0
-0.003524 18 12 0
-0.001351 18 -12 0
-0.004290 18 14 0
0.001694 18 -14 0
0.007509 18 16 0
0.002349 18 -16 0
0.005177 18 18 0
0.002414 18 -18 0
0.013847 19 1 0
-0.007067 19 -1 0
0.004597 19 3 0
0.004708 19 -3 0
-0.003069 19 5 0
0.002435 19 -5 0
0.001043 19 7 0
0.000814 19 -7 0
0.000661 19 9 0
0.003680 19 -9 0
-0.002758 19 11 0
