0.130412 1 1 0
-0.189294 1 -1 0
0.089694 2 0 0
0.007929 2 2 0
0.027418 2 -2 0
0.056658 3 1 0
0.009757 3 -1 0
-0.001443 3 3 0
0.000655 3 -3 0
-0.169078 4 0 0
0.005423 4 2 0
-0.010770 4 -2 0
0.002513 4 4 0
0.012612 4 -4 0
-0.042124 5 1 0
0.019131 5 -1 0
-0.000466 5 3 0
0.016835 5 -3 0
-0.000599 5 5 0
-0.008915 5 -5 0
0.197087 6 0 0
0.008795 6 2 0
0.005635 6 -2 0
0.003686 6 4 0
-0.014817 6 -4 0
0.008283 6 6 0
0.005964 6 -6 0
0.075784 7 1 0
-0.037790 7 -1 0
-0.001930 7 3 0
0.014461 7 -3 0
-0.006946 7 5 0
0.000129 7 -5 0
0.007509 7 7 0
-0.005322 7 -7 0
-0.146186 8 0 0
-0.009244 8 2 0
-0.006677 8 -2 0
0.003765 8 4 0
-0.004891 8 -4 0
-0.012381 8 6 0
0.002037 8 -6 0
-0.010771 8 8 0
0.006052 8 -8 0
-0.065101 9 1 0
0.027703 9 -1 0
-0.004338 9 3 0
0.010177 9 -3 0
0.003972 9 5 0
-0.000553 9 -5 0
0.010501 9 7 0
-0.007187 9 -7 0
-0.000390 9 9 0
0.005136 9 -9 0
0.119753 10 0 0
0.018370 10 2 0
0.008664 10 -2 0
0.010759 10 4 0
-0.020986 10 -4 0
-0.007318 10 6 0
0.004152 10 -6 0
-0.007332 10 8 0
0.005994 10 -8 0
0.006598 10 10 0
-0.003571 10 -10 0
0.064458 11 1 0
-0.031339 11 -1 0
0.004114 11 3 0
0.016065 11 -3 0
-0.012799 11 5 0
0.004008 11 -5 0
0.006867 11 7 0
0.000008 11 -7 0
0.000256 11 9 0
0.006027 11 -9 0
-0.006996 11 11 0
0.000344 11 -11 0
-0.058900 12 0 0
-0.010013 12 2 0
-0.005266 12 -2 0
0.000163 12 4 0
0.008713 12 -4 0
-0.010100 12 6 0
-0.000065 12 -6 0
-0.006182 12 8 0
0.005066 12 -8 0
0.004296 12 10 0
-0.005434 12 -10 0
0.000728 12 12 0
-0.006420 12 -12 0
-0.031864 13 1 0
0.019928 13 -1 0
-0.007089 13 3 0
0.012994 13 -3 0
0.004402 13 5 0
-0.003109 13 -5 0
0.006670 13 7 0
-0.005528 13 -7 0
0.001024 13 9 0
0.003563 13 -9 0
-0.000577 13 11 0
0.006648 13 -11 0
0.001557 13 13 0
0.009793 13 -13 0
0.046771 14 0 0
0.015339 14 2 0
0.003163 14 -2 0
0.004089 14 4 0
-0.025722 14 -4 0
-0.004066 14 6 0
-0.002573 14 -6 0
-0.001058 14 8 0
0.006300 14 -8 0
0.002416 14 10 0
-0.003611 14 -10 0
0.000212 14 12 0
-0.004010 14 -12 0
-0.003208 14 14 0
-0.000213 14 -14 0
0.032295 15 1 0
-0.018747 15 -1 0
0.009250 15 3 0
0.011282 15 -3 0
-0.009672 15 5 0
0.006464 15 -5 0
0.007036 15 7 0
0.001417 15 -7 0
-0.001205 15 9 0
0.007829 15 -9 0
-0.004017 15 11 0
0.000426 15 -11 0
-0.001348 15 13 0
0.006269 15 -13 0
-0.006345 15 15 0
0.003209 15 -15 0
-0.015716 16 0 0
-0.006262 16 2 0
-0.002317 16 -2 0
0.001869 16 4 0
0.007665 16 -4 0
-0.003033 16 6 0
0.003248 16 -6 0
-0.002825 16 8 0
0.003342 16 -8 0
0.002598 16 10 0
-0.000658 16 -10 0
-0.000891 16 12 0
-0.004350 16 -12 0
-0.001940 16 14 0
-0.000338 16 -14 0
0.005769 16 16 0
0.006280 16 -16 0
-0.014104 17 1 0
0.009126 17 -1 0
-0.004796 17 3 0
0.005900 17 -3 0
0.003865 17 5 0
-0.000089 17 -5 0
0.001518 17 7 0
-0.004639 17 -7 0
-0.000427 17 9 0
0.001646 17 -9 0
-0.001652 17 11 0
0.002704 17 -11 0
0.001245 17 13 0
0.004968 17 -13 0
-0.001952 17 15 0
-0.002479 17 -15 0
-0.002196 17 17 0
0.002600 17 -17 0
0.017138 18 0 0
0.005750 18 2 0
0.005808 18 -2 0
0.003513 18 4 0
-0.011161 18 -4 0
-0.005577 18 6 0
-0.002959 18 -6 0
0.001491 18 8 0
0.000630 18 -8 0
0.001691 18 10 0
0.000141 18 -10 0
-0.001301 18 12 0
-0.001131 18 -12 0
-0.003507 18 14 0
0.001345 18 -14 0
0.008120 18 16 0
0.003566 18 -16 0
0.004106 18 18 0
0.001275 18 -18 0
0.014247 19 1 0
-0.007814 19 -1 0
0.004511 19 3 0
0.005094 19 -3 0
-0.004342 19 5 0
0.000714 19 -5 0
0.000237 19 7 0
-0.000858 19 -7 0
0.001107 19 9 0
0.003037 19 -9 0
-0.004759 19 11 0
