0.162437 1 1 0
-0.119758 1 -1 0
0.060410 2 0 0
-0.087383 2 2 0
0.040907 2 -2 0
0.158243 3 1 0
0.007283 3 -1 0
0.024653 3 3 0
-0.029995 3 -3 0
-0.057652 4 0 0
0.014008 4 2 0
-0.125181 4 -2 0
0.006177 4 4 0
-0.000760 4 -4 0
-0.211624 5 1 0
0.014490 5 -1 0
-0.058069 5 3 0
0.027918 5 -3 0
0.012233 5 5 0
-0.001533 5 -5 0
-0.030639 6 0 0
0.016705 6 2 0
0.163458 6 -2 0
0.014319 6 4 0
0.026397 6 -4 0
0.009492 6 6 0
0.038230 6 -6 0
0.136302 7 1 0
0.001279 7 -1 0
0.130442 7 3 0
-0.015310 7 -3 0
0.036742 7 5 0
-0.013611 7 -5 0
0.023922 7 7 0
-0.006013 7 -7 0
0.049727 8 0 0
-0.008485 8 2 0
-0.179451 8 -2 0
-0.011697 8 4 0
-0.054949 8 -4 0
0.001911 8 6 0
0.013800 8 -6 0
0.021441 8 8 0
0.010634 8 -8 0
-0.033194 9 1 0
0.008728 9 -1 0
-0.106653 9 3 0
0.029105 9 -3 0
-0.007563 9 5 0
0.001432 9 -5 0
0.012432 9 7 0
-0.010437 9 -7 0
0.003633 9 9 0
0.011669 9 -9 0
-0.054678 10 0 0
0.010580 10 2 0
0.069925 10 -2 0
0.021466 10 4 0
0.069847 10 -4 0
0.009754 10 6 0
0.033226 10 -6 0
0.017471 10 8 0
-0.004693 10 -8 0
0.015576 10 10 0
-0.022531 10 -10 0
-0.019868 11 1 0
0.009575 11 -1 0
0.091801 11 3 0
-0.005575 11 -3 0
0.059407 11 5 0
-0.014185 11 -5 0
0.011686 11 7 0
-0.007234 11 -7 0
-0.002233 11 9 0
0.013242 11 -9 0
0.006661 11 11 0
-0.000133 11 -11 0
0.024476 12 0 0
-0.000286 12 2 0
-0.042560 12 -2 0
-0.008591 12 4 0
-0.056333 12 -4 0
-0.001506 12 6 0
0.004450 12 -6 0
0.014184 12 8 0
0.011054 12 -8 0
0.016340 12 10 0
-0.016353 12 -10 0
0.020896 12 12 0
-0.005990 12 -12 0
0.032695 13 1 0
-0.001116 13 -1 0
-0.029034 13 3 0
0.014023 13 -3 0
-0.025039 13 5 0
0.006265 13 -5 0
0.010878 13 7 0
-0.004082 13 -7 0
0.005469 13 9 0
0.007898 13 -9 0
0.006494 13 11 0
-0.001461 13 -11 0
0.013136 13 13 0
0.000124 13 -13 0
-0.014771 14 0 0
-0.001374 14 2 0
-0.016195 14 -2 0
0.012557 14 4 0
0.036862 14 -4 0
0.008647 14 6 0
0.034326 14 -6 0
0.012742 14 8 0
-0.000666 14 -8 0
0.010810 14 10 0
-0.015926 14 -10 0
0.015801 14 12 0
-0.008762 14 -12 0
0.006690 14 14 0
0.003135 14 -14 0
-0.026742 15 1 0
0.006893 15 -1 0
0.014441 15 3 0
0.006489 15 -3 0
0.043747 15 5 0
-0.007066 15 -5 0
0.014527 15 7 0
-0.004675 15 -7 0
-0.003634 15 9 0
0.009804 15 -9 0
-0.001097 15 11 0
0.001092 15 -11 0
0.007744 15 13 0
-0.001038 15 -13 0
-0.001282 15 15 0
-0.002273 15 -15 0
0.001012 16 0 0
0.003141 16 2 0
0.002870 16 -2 0
-0.001930 16 4 0
-0.017758 16 -4 0
-0.003100 16 6 0
-0.010661 16 -6 0
0.006761 16 8 0
0.005165 16 -8 0
0.004768 16 10 0
-0.003964 16 -10 0
0.011201 16 12 0
-0.003744 16 -12 0
0.004565 16 14 0
-0.001338 16 -14 0
0.007829 16 16 0
-0.005162 16 -16 0
0.012879 17 1 0
0.002838 17 -1 0
0.006063 17 3 0
0.005903 17 -3 0
-0.009747 17 5 0
0.004861 17 -5 0
0.000829 17 7 0
0.003466 17 -7 0
0.003066 17 9 0
0.006471 17 -9 0
0.002875 17 11 0
0.001814 17 -11 0
0.006299 17 13 0
-0.002805 17 -13 0
-0.000279 17 15 0
-0.002778 17 -15 0
-0.004461 17 17 0
0.002921 17 -17 0
0.000537 18 0 0
-0.003601 18 2 0
-0.014142 18 -2 0
0.001156 18 4 0
0.002801 18 -4 0
0.004327 18 6 0
0.022699 18 -6 0
0.002509 18 8 0
0.000220 18 -8 0
0.000200 18 10 0
-0.006451 18 -10 0
0.003394 18 12 0
-0.004398 18 -12 0
0.000045 18 14 0
0.000538 18 -14 0
0.005284 18 16 0
-0.000041 18 -16 0
0.004125 18 18 0
-0.001111 18 -18 0
-0.006738 19 1 0
-0.001663 19 -1 0
-0.002840 19 3 0
0.004469 19 -3 0
0.011664 19 5 0
-0.001961 19 -5 0
0.010718 19 7 0
-0.002248 19 -7 0
-0.000068 19 9 0
0.005813 19 -9 0
-0.001916 19 11 0
