0.118601 1 1 0
-0.108888 1 -1 0
0.062232 2 0 0
-0.026535 2 2 0
0.048225 2 -2 0
0.155881 3 1 0
0.002158 3 -1 0
0.042335 3 3 0
-0.019605 3 -3 0
-0.064182 4 0 0
-0.012649 4 2 0
-0.133403 4 -2 0
0.017783 4 4 0
-0.000127 4 -4 0
-0.211533 5 1 0
0.025639 5 -1 0
-0.064523 5 3 0
0.021569 5 -3 0
0.015908 5 5 0
0.000488 5 -5 0
-0.027561 6 0 0
0.022187 6 2 0
0.170773 6 -2 0
0.005636 6 4 0
0.027785 6 -4 0
0.009263 6 6 0
0.026235 6 -6 0
0.130239 7 1 0
-0.000891 7 -1 0
0.134458 7 3 0
-0.016430 7 -3 0
0.025167 7 5 0
-0.012796 7 -5 0
0.019600 7 7 0
-0.006066 7 -7 0
0.046331 8 0 0
-0.014656 8 2 0
-0.177053 8 -2 0
-0.004544 8 4 0
-0.064680 8 -4 0
0.003279 8 6 0
0.012726 8 -6 0
0.008953 8 8 0
0.006642 8 -8 0
-0.033838 9 1 0
0.008436 9 -1 0
-0.112202 9 3 0
0.023782 9 -3 0
-0.013706 9 5 0
0.007616 9 -5 0
0.006497 9 7 0
-0.003246 9 -7 0
-0.008413 9 9 0
0.001874 9 -9 0
-0.056025 10 0 0
0.011405 10 2 0
0.075169 10 -2 0
0.019344 10 4 0
0.070025 10 -4 0
0.007776 10 6 0
0.031753 10 -6 0
0.010316 10 8 0
-0.005743 10 -8 0
0.011374 10 10 0
-0.013528 10 -10 0
-0.024637 11 1 0
0.012606 11 -1 0
0.090019 11 3 0
-0.007407 11 -3 0
0.051789 11 5 0
-0.008692 11 -5 0
0.009100 11 7 0
-0.003568 11 -7 0
-0.007086 11 9 0
0.006136 11 -9 0
0.005727 11 11 0
-0.007480 11 -11 0
0.024248 12 0 0
-0.003083 12 2 0
-0.036645 12 -2 0
-0.006385 12 4 0
-0.062764 12 -4 0
-0.001993 12 6 0
0.004988 12 -6 0
0.008115 12 8 0
0.007776 12 -8 0
0.011348 12 10 0
-0.007675 12 -10 0
0.016505 12 12 0
-0.003073 12 -12 0
0.028590 13 1 0
-0.002803 13 -1 0
-0.030815 13 3 0
0.011538 13 -3 0
-0.030563 13 5 0
0.007284 13 -5 0
0.009530 13 7 0
0.000294 13 -7 0
-0.001321 13 9 0
0.004007 13 -9 0
0.007776 13 11 0
-0.008979 13 -11 0
0.011862 13 13 0
-0.000297 13 -13 0
-0.015316 14 0 0
-0.001695 14 2 0
-0.010796 14 -2 0
0.010905 14 4 0
0.036610 14 -4 0
0.008564 14 6 0
0.035011 14 -6 0
0.007836 14 8 0
-0.001408 14 -8 0
0.007177 14 10 0
-0.009608 14 -10 0
0.012316 14 12 0
-0.005801 14 -12 0
0.002883 14 14 0
0.009293 14 -14 0
-0.028127 15 1 0
0.007118 15 -1 0
0.014196 15 3 0
0.004597 15 -3 0
0.040169 15 5 0
-0.006393 15 -5 0
0.011567 15 7 0
-0.003105 15 -7 0
-0.008194 15 9 0
0.005658 15 -9 0
0.000762 15 11 0
-0.003109 15 -11 0
0.004543 15 13 0
-0.000961 15 -13 0
-0.001214 15 15 0
-0.003873 15 -15 0
0.002102 16 0 0
0.001798 16 2 0
0.007926 16 -2 0
0.000549 16 4 0
-0.018466 16 -4 0
-0.002039 16 6 0
-0.009259 16 -6 0
0.002993 16 8 0
0.005313 16 -8 0
0.003891 16 10 0
0.002112 16 -10 0
0.007717 16 12 0
-0.001122 16 -12 0
0.004141 16 14 0
0.002476 16 -14 0
0.002147 16 16 0
-0.006887 16 -16 0
0.010517 17 1 0
0.002305 17 -1 0
0.005192 17 3 0
0.004079 17 -3 0
-0.011368 17 5 0
0.006063 17 -5 0
0.000109 17 7 0
0.004446 17 -7 0
0.000144 17 9 0
0.003431 17 -9 0
0.002990 17 11 0
-0.001769 17 -11 0
0.005045 17 13 0
-0.000350 17 -13 0
-0.001941 17 15 0
-0.001807 17 -15 0
-0.004521 17 17 0
0.001066 17 -17 0
0.000389 18 0 0
-0.004879 18 2 0
-0.010557 18 -2 0
0.001806 18 4 0
0.002040 18 -4 0
0.002883 18 6 0
0.023637 18 -6 0
0.001532 18 8 0
-0.000431 18 -8 0
-0.000024 18 10 0
-0.003866 18 -10 0
0.002710 18 12 0
-0.002850 18 -12 0
0.001433 18 14 0
0.002450 18 -14 0
0.003005 18 16 0
-0.002508 18 -16 0
0.002260 18 18 0
0.000772 18 -18 0
-0.007678 19 1 0
-0.000672 19 -1 0
-0.004267 19 3 0
0.003213 19 -3 0
0.010136 19 5 0
-0.001038 19 -5 0
0.011330 19 7 0
-0.001641 19 -7 0
-0.002236 19 9 0
0.004924 19 -9 0
-0.001209 19 11 0
