0.102740 1 1 0
-0.148583 1 -1 0
0.068253 2 0 0
-0.016401 2 2 0
0.049686 2 -2 0
0.165183 3 1 0
0.009617 3 -1 0
0.031085 3 3 0
-0.033549 3 -3 0
-0.051259 4 0 0
-0.008734 4 2 0
-0.137748 4 -2 0
0.006226 4 4 0
0.003748 4 -4 0
-0.217548 5 1 0
0.014365 5 -1 0
-0.064508 5 3 0
0.022312 5 -3 0
0.019349 5 5 0
0.004084 5 -5 0
-0.028034 6 0 0
0.024566 6 2 0
0.170813 6 -2 0
0.015276 6 4 0
0.027177 6 -4 0
0.009651 6 6 0
0.032236 6 -6 0
0.138220 7 1 0
-0.003275 7 -1 0
0.130165 7 3 0
-0.017165 7 -3 0
0.030384 7 5 0
-0.010253 7 -5 0
0.018907 7 7 0
0.002570 7 -7 0
0.051571 8 0 0
-0.015215 8 2 0
-0.173046 8 -2 0
-0.006949 8 4 0
-0.056338 8 -4 0
0.009336 8 6 0
0.012200 8 -6 0
0.011779 8 8 0
0.007866 8 -8 0
-0.032882 9 1 0
0.001549 9 -1 0
-0.115054 9 3 0
0.023508 9 -3 0
-0.006827 9 5 0
0.007889 9 -5 0
0.007543 9 7 0
0.001499 9 -7 0
0.006114 9 9 0
0.012419 9 -9 0
-0.051886 10 0 0
0.014577 10 2 0
0.072835 10 -2 0
0.023881 10 4 0
0.071537 10 -4 0
0.011783 10 6 0
0.032633 10 -6 0
0.009749 10 8 0
-0.004063 10 -8 0
0.006647 10 10 0
-0.033450 10 -10 0
-0.020430 11 1 0
0.005244 11 -1 0
0.086766 11 3 0
-0.008527 11 -3 0
0.059042 11 5 0
-0.008700 11 -5 0
0.007851 11 7 0
-0.001301 11 -7 0
0.003570 11 9 0
0.011375 11 -9 0
0.016233 11 11 0
0.002083 11 -11 0
0.027042 12 0 0
-0.000903 12 2 0
-0.039015 12 -2 0
-0.006869 12 4 0
-0.059536 12 -4 0
0.001062 12 6 0
0.003726 12 -6 0
0.006913 12 8 0
0.011858 12 -8 0
0.008885 12 10 0
-0.022570 12 -10 0
0.022834 12 12 0
-0.007434 12 -12 0
0.031733 13 1 0
-0.004899 13 -1 0
-0.034881 13 3 0
0.010368 13 -3 0
-0.025922 13 5 0
0.008532 13 -5 0
0.008924 13 7 0
0.004035 13 -7 0
0.007798 13 9 0
0.007822 13 -9 0
0.017890 13 11 0
-0.002685 13 -11 0
0.021159 13 13 0
0.001482 13 -13 0
-0.013473 14 0 0
0.000962 14 2 0
-0.014661 14 -2 0
0.012702 14 4 0
0.038172 14 -4 0
0.011390 14 6 0
0.034361 14 -6 0
0.006810 14 8 0
-0.000382 14 -8 0
0.005176 14 10 0
-0.021025 14 -10 0
0.013932 14 12 0
-0.010647 14 -12 0
0.007385 14 14 0
0.004761 14 -14 0
-0.026342 15 1 0
0.004612 15 -1 0
0.010146 15 3 0
0.004690 15 -3 0
0.043818 15 5 0
-0.005762 15 -5 0
0.010705 15 7 0
-0.000539 15 -7 0
-0.001466 15 9 0
0.006361 15 -9 0
0.005647 15 11 0
0.002869 15 -11 0
0.011630 15 13 0
0.001960 15 -13 0
-0.006174 15 15 0
-0.003285 15 -15 0
0.002405 16 0 0
0.003412 16 2 0
0.005259 16 -2 0
0.000702 16 4 0
-0.018460 16 -4 0
-0.001743 16 6 0
-0.011039 16 -6 0
0.002781 16 8 0
0.007067 16 -8 0
0.002532 16 10 0
-0.004764 16 -10 0
0.011505 16 12 0
-0.004928 16 -12 0
0.005220 16 14 0
-0.000222 16 -14 0
0.005120 16 16 0
-0.004300 16 -16 0
0.012123 17 1 0
0.000445 17 -1 0
0.003363 17 3 0
0.003429 17 -3 0
-0.009114 17 5 0
0.007689 17 -5 0
0.000465 17 7 0
0.004301 17 -7 0
0.003537 17 9 0
0.004811 17 -9 0
0.005765 17 11 0
0.001221 17 -11 0
0.008273 17 13 0
0.000898 17 -13 0
-0.003332 17 15 0
-0.002860 17 -15 0
-0.001785 17 17 0
0.001194 17 -17 0
0.000598 18 0 0
-0.003237 18 2 0
-0.012890 18 -2 0
0.000578 18 4 0
0.002529 18 -4 0
0.004107 18 6 0
0.022231 18 -6 0
0.002020 18 8 0
0.001359 18 -8 0
0.000969 18 10 0
-0.008056 18 -10 0
0.004202 18 12 0
-0.003456 18 -12 0
0.001408 18 14 0
-0.000093 18 -14 0
0.003311 18 16 0
-0.001046 18 -16 0
-0.001275 18 18 0
-0.000984 18 -18 0
-0.006943 19 1 0
-0.002453 19 -1 0
-0.004834 19 3 0
0.003394 19 -3 0
0.011400 19 5 0
-0.000106 19 -5 0
0.009917 19 7 0
-0.001474 19 -7 0
-0.000929 19 9 0
0.003454 19 -9 0
-0.001046 19 11 0
