-0.047991 1 1 0
-0.003212 1 -1 0
-0.109111 2 0 0
-0.022252 2 2 0
0.023666 2 -2 0
0.163145 3 1 0
-0.160579 3 -1 0
-0.019729 3 3 0
-0.013352 3 -3 0
0.029514 4 0 0
0.179672 4 2 0
-0.015193 4 -2 0
-0.003815 4 4 0
0.001309 4 -4 0
-0.148211 5 1 0
0.155495 5 -1 0
0.087480 5 3 0
0.067753 5 -3 0
-0.014604 5 5 0
-0.009166 5 -5 0
0.044050 6 0 0
-0.217792 6 2 0
0.010633 6 -2 0
0.009090 6 4 0
0.055283 6 -4 0
0.007465 6 6 0
0.006364 6 -6 0
0.065535 7 1 0
-0.064340 7 -1 0
-0.117592 7 3 0
-0.090347 7 -3 0
-0.023765 7 5 0
0.030325 7 -5 0
-0.001597 7 7 0
-0.007946 7 -7 0
-0.061383 8 0 0
0.159155 8 2 0
-0.010897 8 -2 0
-0.005530 8 4 0
-0.083982 8 -4 0
-0.020525 8 6 0
0.006478 8 -6 0
-0.002574 8 8 0
0.002965 8 -8 0
0.011225 9 1 0
-0.014664 9 -1 0
0.097919 9 3 0
0.083490 9 -3 0
0.025283 9 5 0
-0.039946 9 -5 0
-0.012835 9 7 0
-0.013466 9 -7 0
0.001682 9 9 0
0.000103 9 -9 0
0.030700 10 0 0
-0.065841 10 2 0
0.002413 10 -2 0
0.017522 10 4 0
0.076273 10 -4 0
0.031709 10 6 0
-0.000589 10 -6 0
-0.005838 10 8 0
-0.008833 10 -8 0
-0.005107 10 10 0
-0.002569 10 -10 0
-0.034064 11 1 0
0.036347 11 -1 0
-0.069227 11 3 0
-0.053679 11 -3 0
-0.027208 11 5 0
0.033553 11 -5 0
0.014659 11 7 0
0.009806 11 -7 0
0.007899 11 9 0
-0.008514 11 -9 0
-0.000540 11 11 0
-0.000563 11 -11 0
-0.001191 12 0 0
0.003033 12 2 0
-0.002066 12 -2 0
-0.005692 12 4 0
-0.062780 12 -4 0
-0.021990 12 6 0
0.005262 12 -6 0
0.001565 12 8 0
0.014485 12 -8 0
0.003866 12 10 0
-0.002969 12 -10 0
0.000317 12 12 0
-0.005392 12 -12 0
0.020981 13 1 0
-0.019006 13 -1 0
0.026296 13 3 0
0.028699 13 -3 0
0.015188 13 5 0
-0.028305 13 -5 0
-0.016577 13 7 0
-0.012616 13 -7 0
-0.004280 13 9 0
0.008589 13 -9 0
0.004439 13 11 0
0.003877 13 -11 0
0.002169 13 13 0
-0.000424 13 -13 0
-0.012521 14 0 0
0.017058 14 2 0
-0.000702 14 -2 0
0.006012 14 4 0
0.035554 14 -4 0
0.024098 14 6 0
-0.003030 14 -6 0
-0.003850 14 8 0
-0.010539 14 -8 0
-0.010940 14 10 0
0.001307 14 -10 0
0.001374 14 12 0
0.000941 14 -12 0
0.005078 14 14 0
0.000488 14 -14 0
-0.004860 15 1 0
0.003194 15 -1 0
-0.008918 15 3 0
-0.004730 15 -3 0
-0.017372 15 5 0
0.019009 15 -5 0
0.009823 15 7 0
0.006204 15 -7 0
0.006450 15 9 0
-0.009363 15 -9 0
-0.004006 15 11 0
-0.000615 15 -11 0
-0.002566 15 13 0
0.001958 15 -13 0
-0.000803 15 15 0
0.001526 15 -15 0
0.008685 16 0 0
-0.014366 16 2 0
-0.001959 16 -2 0
0.000778 16 4 0
-0.019485 16 -4 0
-0.007954 16 6 0
0.003274 16 -6 0
0.001106 16 8 0
0.011479 16 -8 0
0.007059 16 10 0
-0.002365 16 -10 0
-0.000220 16 12 0
-0.000165 16 -12 0
0.001441 16 14 0
-0.000805 16 -14 0
-0.000165 16 16 0
0.002689 16 -16 0
-0.006967 17 1 0
0.005348 17 -1 0
-0.000950 17 3 0
-0.000279 17 -3 0
0.006672 17 5 0
-0.009525 17 -5 0
-0.005632 17 7 0
-0.006163 17 -7 0
-0.004951 17 9 0
0.006690 17 -9 0
0.006443 17 11 0
0.004788 17 -11 0
-0.000226 17 13 0
0.003410 17 -13 0
0.000724 17 15 0
0.000424 17 -15 0
-0.003156 17 17 0
-0.001123 17 -17 0
-0.002824 18 0 0
0.003975 18 2 0
-0.000327 18 -2 0
0.003253 18 4 0
0.008124 18 -4 0
0.008193 18 6 0
-0.000445 18 -6 0
-0.000421 18 8 0
-0.002052 18 -8 0
-0.007604 18 10 0
-0.001054 18 -10 0
0.002119 18 12 0
0.003245 18 -12 0
-0.000120 18 14 0
0.000531 18 -14 0
0.003145 18 16 0
-0.000867 18 -16 0
-0.000604 18 18 0
0.000701 18 -18 0
0.003980 19 1 0
-0.004085 19 -1 0
0.001075 19 3 0
0.004289 19 -3 0
-0.006063 19 5 0
0.006784 19 -5 0
0.000257 19 7 0
0.000268 19 -7 0
0.002106 19 9 0
-0.002911 19 -9 0
-0.003251 19 11 0
