-0.117307 1 1 0
0.074732 1 -1 0
-0.125304 2 0 0
-0.004303 2 2 0
-0.007163 2 -2 0
0.165188 3 1 0
-0.162358 3 -1 0
-0.016096 3 3 0
-0.013632 3 -3 0
0.034228 4 0 0
0.179028 4 2 0
-0.010750 4 -2 0
-0.003847 4 4 0
-0.002921 4 -4 0
-0.138039 5 1 0
0.150499 5 -1 0
0.089421 5 3 0
0.071941 5 -3 0
-0.006404 5 5 0
-0.003209 5 -5 0
0.045443 6 0 0
-0.216995 6 2 0
0.016288 6 -2 0
0.012041 6 4 0
0.053394 6 -4 0
0.001922 6 6 0
0.003898 6 -6 0
0.060436 7 1 0
-0.066836 7 -1 0
-0.118264 7 3 0
-0.093660 7 -3 0
-0.023362 7 5 0
0.028630 7 -5 0
-0.004234 7 7 0
-0.005133 7 -7 0
-0.062517 8 0 0
0.156641 8 2 0
-0.012329 8 -2 0
-0.011861 8 4 0
-0.083906 8 -4 0
-0.020222 8 6 0
0.000909 8 -6 0
-0.003041 8 8 0
0.000013 8 -8 0
0.014703 9 1 0
-0.019211 9 -1 0
0.100389 9 3 0
0.081632 9 -3 0
0.028292 9 5 0
-0.038415 9 -5 0
-0.013013 9 7 0
-0.013408 9 -7 0
-0.000067 9 9 0
-0.000108 9 -9 0
0.033159 10 0 0
-0.068880 10 2 0
0.006086 10 -2 0
0.015139 10 4 0
0.074372 10 -4 0
0.029710 10 6 0
0.000194 10 -6 0
-0.004166 10 8 0
-0.010008 10 -8 0
-0.004758 10 10 0
0.000348 10 -10 0
-0.035067 11 1 0
0.032955 11 -1 0
-0.067694 11 3 0
-0.056167 11 -3 0
-0.025195 11 5 0
0.032967 11 -5 0
0.014488 11 7 0
0.010500 11 -7 0
0.010198 11 9 0
-0.008411 11 -9 0
-0.000685 11 11 0
-0.000617 11 -11 0
0.000352 12 0 0
0.001879 12 2 0
0.001821 12 -2 0
-0.006569 12 4 0
-0.062501 12 -4 0
-0.020793 12 6 0
0.003129 12 -6 0
0.001999 12 8 0
0.014173 12 -8 0
-0.000137 12 10 0
-0.004248 12 -10 0
0.000479 12 12 0
-0.005924 12 -12 0
0.023245 13 1 0
-0.021501 13 -1 0
0.028837 13 3 0
0.027062 13 -3 0
0.015535 13 5 0
-0.026040 13 -5 0
-0.016551 13 7 0
-0.011076 13 -7 0
-0.003840 13 9 0
0.008634 13 -9 0
0.005764 13 11 0
0.006076 13 -11 0
0.001888 13 13 0
0.001567 13 -13 0
-0.010745 14 0 0
0.014490 14 2 0
0.001035 14 -2 0
0.003267 14 4 0
0.036733 14 -4 0
0.021500 14 6 0
-0.002424 14 -6 0
-0.005325 14 8 0
-0.011157 14 -8 0
-0.010671 14 10 0
-0.001132 14 -10 0
-0.000619 14 12 0
0.000650 14 -12 0
0.001029 14 14 0
-0.000750 14 -14 0
-0.004968 15 1 0
0.001626 15 -1 0
-0.007287 15 3 0
-0.005819 15 -3 0
-0.015368 15 5 0
0.018912 15 -5 0
0.011155 15 7 0
0.007001 15 -7 0
0.007734 15 9 0
-0.009481 15 -9 0
-0.002495 15 11 0
-0.000172 15 -11 0
-0.000061 15 13 0
0.001658 15 -13 0
0.002652 15 15 0
0.003060 15 -15 0
0.010492 16 0 0
-0.014878 16 2 0
-0.000487 16 -2 0
-0.000174 16 4 0
-0.018393 16 -4 0
-0.008096 16 6 0
0.001807 16 -6 0
0.001660 16 8 0
0.012704 16 -8 0
0.006097 16 10 0
-0.001135 16 -10 0
0.000483 16 12 0
-0.000640 16 -12 0
0.000793 16 14 0
-0.000306 16 -14 0
0.000129 16 16 0
0.001661 16 -16 0
-0.006335 17 1 0
0.003636 17 -1 0
-0.000305 17 3 0
0.000677 17 -3 0
0.007485 17 5 0
-0.009657 17 -5 0
-0.005526 17 7 0
-0.005417 17 -7 0
-0.005250 17 9 0
0.007103 17 -9 0
0.008199 17 11 0
0.004249 17 -11 0
-0.001346 17 13 0
0.004081 17 -13 0
0.001739 17 15 0
0.000292 17 -15 0
-0.003582 17 17 0
0.001954 17 -17 0
-0.002194 18 0 0
0.004754 18 2 0
-0.000156 18 -2 0
0.001906 18 4 0
0.007997 18 -4 0
0.006079 18 6 0
-0.001808 18 -6 0
-0.002499 18 8 0
-0.002920 18 -8 0
-0.007706 18 10 0
-0.001095 18 -10 0
0.001384 18 12 0
0.004835 18 -12 0
0.000046 18 14 0
0.000471 18 -14 0
0.001511 18 16 0
-0.000858 18 -16 0
0.000082 18 18 0
-0.000295 18 -18 0
0.003545 19 1 0
-0.003846 19 -1 0
0.001314 19 3 0
0.004302 19 -3 0
-0.005233 19 5 0
0.008750 19 -5 0
0.001605 19 7 0
0.001925 19 -7 0
0.003396 19 9 0
-0.001179 19 -9 0
-0.003382 19 11 0
