-0.073627 1 1 0
-0.043206 1 -1 0
-0.115540 2 0 0
-0.022265 2 2 0
-0.021981 2 -2 0
0.157325 3 1 0
-0.152502 3 -1 0
-0.013176 3 3 0
-0.018438 3 -3 0
0.036592 4 0 0
0.176362 4 2 0
-0.001239 4 -2 0
-0.005132 4 4 0
0.003224 4 -4 0
-0.142105 5 1 0
0.156036 5 -1 0
0.089284 5 3 0
0.073733 5 -3 0
-0.014210 5 5 0
-0.002445 5 -5 0
0.041775 6 0 0
-0.216762 6 2 0
0.011598 6 -2 0
0.015629 6 4 0
0.053411 6 -4 0
0.010960 6 6 0
0.001106 6 -6 0
0.059470 7 1 0
-0.067669 7 -1 0
-0.118627 7 3 0
-0.093892 7 -3 0
-0.024451 7 5 0
0.029505 7 -5 0
-0.003481 7 7 0
-0.007583 7 -7 0
-0.062172 8 0 0
0.160853 8 2 0
-0.013323 8 -2 0
-0.010830 8 4 0
-0.080301 8 -4 0
-0.022174 8 6 0
0.002327 8 -6 0
-0.003282 8 8 0
0.001340 8 -8 0
0.010911 9 1 0
-0.015936 9 -1 0
0.099714 9 3 0
0.080592 9 -3 0
0.026602 9 5 0
-0.039472 9 -5 0
-0.011836 9 7 0
-0.013326 9 -7 0
-0.002035 9 9 0
0.001568 9 -9 0
0.032257 10 0 0
-0.065405 10 2 0
0.003174 10 -2 0
0.016838 10 4 0
0.076568 10 -4 0
0.030414 10 6 0
-0.001141 10 -6 0
-0.004525 10 8 0
-0.011108 10 -8 0
-0.006040 10 10 0
-0.002443 10 -10 0
-0.036339 11 1 0
0.036631 11 -1 0
-0.067740 11 3 0
-0.056479 11 -3 0
-0.026415 11 5 0
0.031289 11 -5 0
0.015396 11 7 0
0.010688 11 -7 0
0.007512 11 9 0
-0.008342 11 -9 0
-0.002626 11 11 0
0.000049 11 -11 0
-0.000563 12 0 0
0.001522 12 2 0
-0.000829 12 -2 0
-0.005110 12 4 0
-0.059760 12 -4 0
-0.022428 12 6 0
0.004710 12 -6 0
0.002285 12 8 0
0.016696 12 -8 0
0.003244 12 10 0
-0.003701 12 -10 0
0.000114 12 12 0
-0.006675 12 -12 0
0.022598 13 1 0
-0.019445 13 -1 0
0.026287 13 3 0
0.026999 13 -3 0
0.015708 13 5 0
-0.027268 13 -5 0
-0.016605 13 7 0
-0.011630 13 -7 0
-0.003140 13 9 0
0.009679 13 -9 0
0.005915 13 11 0
0.005224 13 -11 0
0.001599 13 13 0
0.001025 13 -13 0
-0.011163 14 0 0
0.017770 14 2 0
0.000079 14 -2 0
0.004162 14 4 0
0.034837 14 -4 0
0.022612 14 6 0
-0.003651 14 -6 0
-0.003844 14 8 0
-0.011909 14 -8 0
-0.011499 14 10 0
-0.000096 14 -10 0
0.001047 14 12 0
0.000429 14 -12 0
0.003893 14 14 0
-0.001618 14 -14 0
-0.005391 15 1 0
0.002804 15 -1 0
-0.009588 15 3 0
-0.006213 15 -3 0
-0.015067 15 5 0
0.019442 15 -5 0
0.009386 15 7 0
0.007693 15 -7 0
0.005988 15 9 0
-0.009729 15 -9 0
-0.003176 15 11 0
-0.000664 15 -11 0
-0.001030 15 13 0
0.001919 15 -13 0
0.000362 15 15 0
0.002506 15 -15 0
0.008806 16 0 0
-0.013941 16 2 0
-0.000583 16 -2 0
0.000797 16 4 0
-0.019042 16 -4 0
-0.008682 16 6 0
0.004192 16 -6 0
0.001993 16 8 0
0.011107 16 -8 0
0.008013 16 10 0
-0.001090 16 -10 0
-0.000556 16 12 0
-0.000460 16 -12 0
-0.000283 16 14 0
-0.000396 16 -14 0
-0.000938 16 16 0
0.002164 16 -16 0
-0.005459 17 1 0
0.004461 17 -1 0
0.000115 17 3 0
0.000220 17 -3 0
0.006885 17 5 0
-0.009781 17 -5 0
-0.006892 17 7 0
-0.005142 17 -7 0
-0.004246 17 9 0
0.006667 17 -9 0
0.006689 17 11 0
0.003169 17 -11 0
0.000971 17 13 0
0.002560 17 -13 0
0.000280 17 15 0
0.002371 17 -15 0
-0.000419 17 17 0
0.000492 17 -17 0
-0.002280 18 0 0
0.005499 18 2 0
0.001913 18 -2 0
0.002494 18 4 0
0.008171 18 -4 0
0.007263 18 6 0
-0.001285 18 -6 0
-0.000690 18 8 0
-0.003386 18 -8 0
-0.007139 18 10 0
0.000206 18 -10 0
0.001419 18 12 0
0.002969 18 -12 0
-0.000965 18 14 0
0.002193 18 -14 0
0.001088 18 16 0
-0.000736 18 -16 0
-0.001439 18 18 0
0.001271 18 -18 0
0.004598 19 1 0
-0.003563 19 -1 0
0.000849 19 3 0
0.004556 19 -3 0
-0.004864 19 5 0
0.006847 19 -5 0
0.000456 19 7 0
0.002459 19 -7 0
0.002977 19 9 0
-0.001703 19 -9 0
-0.003480 19 11 0
