0.107608 1 1 0
0.061450 1 -1 0
0.145977 2 0 0
0.024269 2 2 0
-0.019182 2 -2 0
0.035002 3 1 0
-0.278787 3 -1 0
0.022083 3 3 0
0.012633 3 -3 0
-0.105577 4 0 0
-0.086032 4 2 0
0.245788 4 -2 0
-0.015336 4 4 0
-0.014179 4 -4 0
-0.083934 5 1 0
0.469237 5 -1 0
0.079266 5 3 0
-0.124950 5 -3 0
0.061876 5 5 0
-0.018277 5 -5 0
0.008184 6 0 0
0.068181 6 2 0
-0.252432 6 -2 0
-0.062589 6 4 0
0.044507 6 -4 0
0.055515 6 6 0
-0.078425 6 -6 0
0.022272 7 1 0
-0.230471 7 -1 0
-0.048392 7 3 0
0.154341 7 -3 0
0.075570 7 5 0
-0.058670 7 -5 0
-0.007511 7 7 0
0.023250 7 -7 0
0.099406 8 0 0
-0.126161 8 2 0
0.345335 8 -2 0
0.019837 8 4 0
-0.075391 8 -4 0
0.052552 8 6 0
-0.089572 8 -6 0
0.002461 8 8 0
-0.022311 8 -8 0
-0.033716 9 1 0
0.160291 9 -1 0
0.134388 9 3 0
-0.222613 9 -3 0
0.037712 9 5 0
-0.002304 9 -5 0
-0.007100 9 7 0
0.026642 9 -7 0
-0.070854 9 9 0
-0.009362 9 -9 0
-0.075114 10 0 0
0.028557 10 2 0
-0.115751 10 -2 0
-0.098509 10 4 0
0.107563 10 -4 0
0.062354 10 6 0
-0.076034 10 -6 0
0.006284 10 8 0
-0.017937 10 -8 0
-0.056613 10 10 0
0.006922 10 -10 0
-0.033425 11 1 0
0.054296 11 -1 0
-0.033183 11 3 0
0.110398 11 -3 0
0.096823 11 5 0
-0.079260 11 -5 0
-0.006862 11 7 0
0.014709 11 -7 0
-0.069380 11 9 0
-0.003192 11 -9 0
-0.000481 11 11 0
-0.011204 11 -11 0
0.071682 12 0 0
-0.049141 12 2 0
0.116542 12 -2 0
0.028017 12 4 0
-0.086902 12 -4 0
0.030896 12 6 0
-0.062009 12 -6 0
-0.002980 12 8 0
-0.005439 12 -8 0
-0.043425 12 10 0
0.005427 12 -10 0
0.003730 12 12 0
0.012380 12 -12 0
0.003073 13 1 0
-0.003945 13 -1 0
0.070772 13 3 0
-0.096110 13 -3 0
0.009716 13 5 0
0.019473 13 -5 0
-0.008520 13 7 0
0.027481 13 -7 0
-0.046458 13 9 0
-0.011046 13 -9 0
-0.004937 13 11 0
-0.007957 13 -11 0
0.000044 13 13 0
-0.009100 13 -13 0
-0.022953 14 0 0
-0.017134 14 2 0
0.019458 14 -2 0
-0.061994 14 4 0
0.068824 14 -4 0
0.052286 14 6 0
-0.065963 14 -6 0
0.009225 14 8 0
-0.018727 14 -8 0
-0.035927 14 10 0
0.011893 14 -10 0
0.008262 14 12 0
0.007130 14 -12 0
0.019662 14 14 0
0.004360 14 -14 0
-0.030609 15 1 0
0.068430 15 -1 0
0.005820 15 3 0
0.008471 15 -3 0
0.064595 15 5 0
-0.065080 15 -5 0
-0.012291 15 7 0
0.012118 15 -7 0
-0.042107 15 9 0
0.004773 15 -9 0
0.004510 15 11 0
-0.004056 15 -11 0
0.000152 15 13 0
-0.002828 15 -13 0
0.011127 15 15 0
0.007042 15 -15 0
0.014727 16 0 0
-0.002241 16 2 0
0.013694 16 -2 0
0.007983 16 4 0
-0.029962 16 -4 0
0.002675 16 6 0
-0.013069 16 -6 0
-0.001841 16 8 0
0.001428 16 -8 0
-0.014175 16 10 0
-0.001483 16 -10 0
0.002097 16 12 0
0.006858 16 -12 0
0.010846 16 14 0
0.002305 16 -14 0
0.001556 16 16 0
0.000750 16 -16 0
0.005896 17 1 0
-0.007273 17 -1 0
0.015586 17 3 0
-0.016152 17 -3 0
0.002264 17 5 0
0.014418 17 -5 0
0.002066 17 7 0
0.009597 17 -7 0
-0.015111 17 9 0
-0.005964 17 -9 0
-0.003725 17 11 0
0.000783 17 -11 0
-0.000568 17 13 0
-0.001570 17 -13 0
0.003076 17 15 0
0.001161 17 -15 0
-0.005247 17 17 0
0.011119 17 -17 0
0.000653 18 0 0
-0.016841 18 2 0
0.023963 18 -2 0
-0.018342 18 4 0
0.014499 18 -4 0
0.025666 18 6 0
-0.039102 18 -6 0
-0.000410 18 8 0
-0.006816 18 -8 0
-0.012986 18 10 0
0.005561 18 -10 0
0.004305 18 12 0
0.001409 18 -12 0
0.004837 18 14 0
0.002816 18 -14 0
-0.001909 18 16 0
-0.000005 18 -16 0
0.003823 18 18 0
0.002835 18 -18 0
-0.009023 19 1 0
0.022385 19 -1 0
0.009533 19 3 0
-0.011947 19 -3 0
0.025109 19 5 0
-0.023288 19 -5 0
-0.012639 19 7 0
0.013021 19 -7 0
-0.011752 19 9 0
0.002985 19 -9 0
0.002430 19 11 0
