0.015083 1 1 0
0.105864 1 -1 0
0.175648 2 0 0
-0.006245 2 2 0
-0.001378 2 -2 0
0.048800 3 1 0
-0.277206 3 -1 0
0.024288 3 3 0
0.018691 3 -3 0
-0.099802 4 0 0
-0.092482 4 2 0
0.229460 4 -2 0
-0.026662 4 4 0
-0.012735 4 -4 0
-0.082016 5 1 0
0.487527 5 -1 0
0.101028 5 3 0
-0.128773 5 -3 0
0.072533 5 5 0
-0.026812 5 -5 0
0.001857 6 0 0
0.053208 6 2 0
-0.260247 6 -2 0
-0.056386 6 4 0
0.016374 6 -4 0
0.069453 6 6 0
-0.088355 6 -6 0
0.023707 7 1 0
-0.215963 7 -1 0
-0.042572 7 3 0
0.148437 7 -3 0
0.071440 7 5 0
-0.046547 7 -5 0
-0.017965 7 7 0
0.018620 7 -7 0
0.107054 8 0 0
-0.137683 8 2 0
0.335486 8 -2 0
0.029330 8 4 0
-0.091008 8 -4 0
0.073074 8 6 0
-0.085384 8 -6 0
0.027007 8 8 0
-0.003113 8 -8 0
-0.031615 9 1 0
0.175808 9 -1 0
0.141755 9 3 0
-0.223985 9 -3 0
0.030331 9 5 0
-0.005304 9 -5 0
-0.025976 9 7 0
0.014160 9 -7 0
-0.063284 9 9 0
-0.018637 9 -9 0
-0.074667 10 0 0
0.020510 10 2 0
-0.125556 10 -2 0
-0.096991 10 4 0
0.091041 10 -4 0
0.079878 10 6 0
-0.076122 10 -6 0
0.028896 10 8 0
-0.000892 10 -8 0
-0.049254 10 10 0
0.025581 10 -10 0
-0.032515 11 1 0
0.071688 11 -1 0
-0.027528 11 3 0
0.106028 11 -3 0
0.092762 11 5 0
-0.078439 11 -5 0
-0.019391 11 7 0
0.003280 11 -7 0
-0.059759 11 9 0
-0.015681 11 -9 0
-0.000162 11 11 0
-0.022919 11 -11 0
0.073626 12 0 0
-0.061749 12 2 0
0.111057 12 -2 0
0.032966 12 4 0
-0.099561 12 -4 0
0.044904 12 6 0
-0.059626 12 -6 0
0.012703 12 8 0
0.010815 12 -8 0
-0.038460 12 10 0
0.018134 12 -10 0
0.013232 12 12 0
0.019139 12 -12 0
0.006586 13 1 0
0.006461 13 -1 0
0.075366 13 3 0
-0.100014 13 -3 0
0.005288 13 5 0
0.019142 13 -5 0
-0.018838 13 7 0
0.020180 13 -7 0
-0.038534 13 9 0
-0.019985 13 -9 0
-0.000992 13 11 0
-0.015894 13 -11 0
-0.003173 13 13 0
-0.025388 13 -13 0
-0.021498 14 0 0
-0.023975 14 2 0
0.015094 14 -2 0
-0.058699 14 4 0
0.059959 14 -4 0
0.062901 14 6 0
-0.063647 14 -6 0
0.021272 14 8 0
-0.007181 14 -8 0
-0.033305 14 10 0
0.020503 14 -10 0
0.012387 14 12 0
0.011325 14 -12 0
0.023094 14 14 0
0.011568 14 -14 0
-0.030513 15 1 0
0.076302 15 -1 0
0.006384 15 3 0
0.008142 15 -3 0
0.062317 15 5 0
-0.066523 15 -5 0
-0.018923 15 7 0
0.005354 15 -7 0
-0.038254 15 9 0
-0.001619 15 -9 0
0.005957 15 11 0
-0.010573 15 -11 0
-0.002437 15 13 0
-0.015106 15 -13 0
0.013342 15 15 0
0.003208 15 -15 0
0.014870 16 0 0
-0.007363 16 2 0
0.010524 16 -2 0
0.009932 16 4 0
-0.034269 16 -4 0
0.009064 16 6 0
-0.011709 16 -6 0
0.005999 16 8 0
0.007531 16 -8 0
-0.011502 16 10 0
0.002378 16 -10 0
0.005090 16 12 0
0.009034 16 -12 0
0.013329 16 14 0
0.005501 16 -14 0
-0.003483 16 16 0
0.002204 16 -16 0
0.005465 17 1 0
-0.001941 17 -1 0
0.015907 17 3 0
-0.016900 17 -3 0
-0.000722 17 5 0
0.014503 17 -5 0
-0.002354 17 7 0
0.004414 17 -7 0
-0.011793 17 9 0
-0.009836 17 -9 0
-0.000496 17 11 0
-0.002570 17 -11 0
-0.000713 17 13 0
-0.006125 17 -13 0
0.003628 17 15 0
0.000302 17 -15 0
-0.006688 17 17 0
0.008816 17 -17 0
0.000069 18 0 0
-0.019224 18 2 0
0.022046 18 -2 0
-0.017295 18 4 0
0.013651 18 -4 0
0.028301 18 6 0
-0.034934 18 -6 0
0.004616 18 8 0
-0.004206 18 -8 0
-0.011728 18 10 0
0.007029 18 -10 0
0.008031 18 12 0
0.003172 18 -12 0
0.005936 18 14 0
0.004471 18 -14 0
-0.003187 18 16 0
0.001674 18 -16 0
0.003459 18 18 0
0.000104 18 -18 0
-0.008873 19 1 0
0.024730 19 -1 0
0.008765 19 3 0
-0.012049 19 -3 0
0.023502 19 5 0
-0.023051 19 -5 0
-0.014406 19 7 0
0.009698 19 -7 0
-0.009968 19 9 0
0.000843 19 -9 0
0.003137 19 11 0
