0.048071 1 1 0
0.027971 1 -1 0
0.159680 2 0 0
-0.012025 2 2 0
-0.031241 2 -2 0
0.029616 3 1 0
-0.283188 3 -1 0
0.022924 3 3 0
-0.004039 3 -3 0
-0.105926 4 0 0
-0.088321 4 2 0
0.226503 4 -2 0
-0.019220 4 4 0
-0.015869 4 -4 0
-0.078082 5 1 0
0.481864 5 -1 0
0.080303 5 3 0
-0.122143 5 -3 0
0.054938 5 5 0
-0.020157 5 -5 0
0.006691 6 0 0
0.066304 6 2 0
-0.252596 6 -2 0
-0.048444 6 4 0
0.038716 6 -4 0
0.071095 6 6 0
-0.081060 6 -6 0
0.018854 7 1 0
-0.225909 7 -1 0
-0.050886 7 3 0
0.154067 7 -3 0
0.079637 7 5 0
-0.057039 7 -5 0
-0.008962 7 7 0
0.017234 7 -7 0
0.100650 8 0 0
-0.127246 8 2 0
0.337738 8 -2 0
0.031022 8 4 0
-0.080539 8 -4 0
0.064113 8 6 0
-0.077064 8 -6 0
0.009940 8 8 0
-0.012690 8 -8 0
-0.033035 9 1 0
0.170312 9 -1 0
0.129879 9 3 0
-0.222543 9 -3 0
0.034535 9 5 0
-0.004486 9 -5 0
-0.011953 9 7 0
0.020814 9 -7 0
-0.071202 9 9 0
-0.011720 9 -9 0
-0.076472 10 0 0
0.029544 10 2 0
-0.122455 10 -2 0
-0.088675 10 4 0
0.103265 10 -4 0
0.072188 10 6 0
-0.071579 10 -6 0
0.016477 10 8 0
-0.015164 10 -8 0
-0.052610 10 10 0
0.017114 10 -10 0
-0.033542 11 1 0
0.059899 11 -1 0
-0.037116 11 3 0
0.109929 11 -3 0
0.095939 11 5 0
-0.080634 11 -5 0
-0.008324 11 7 0
0.009724 11 -7 0
-0.066013 11 9 0
-0.004172 11 -9 0
0.000405 11 11 0
-0.015245 11 -11 0
0.071917 12 0 0
-0.052870 12 2 0
0.112361 12 -2 0
0.036306 12 4 0
-0.090804 12 -4 0
0.038080 12 6 0
-0.054931 12 -6 0
0.002795 12 8 0
0.000039 12 -8 0
-0.038614 12 10 0
0.011490 12 -10 0
0.011997 12 12 0
0.016560 12 -12 0
0.004329 13 1 0
-0.000010 13 -1 0
0.069335 13 3 0
-0.098282 13 -3 0
0.010545 13 5 0
0.019463 13 -5 0
-0.010331 13 7 0
0.025237 13 -7 0
-0.043664 13 9 0
-0.011060 13 -9 0
-0.002727 13 11 0
-0.007018 13 -11 0
0.004540 13 13 0
-0.008558 13 -13 0
-0.021684 14 0 0
-0.018036 14 2 0
0.018434 14 -2 0
-0.055678 14 4 0
0.065369 14 -4 0
0.060669 14 6 0
-0.061994 14 -6 0
0.014744 14 8 0
-0.017012 14 -8 0
-0.033033 14 10 0
0.014314 14 -10 0
0.013732 14 12 0
0.010181 14 -12 0
0.030649 14 14 0
0.013492 14 -14 0
-0.030537 15 1 0
0.072078 15 -1 0
0.004405 15 3 0
0.008255 15 -3 0
0.062717 15 5 0
-0.065674 15 -5 0
-0.012822 15 7 0
0.009040 15 -7 0
-0.040821 15 9 0
0.005357 15 -9 0
0.005822 15 11 0
-0.004417 15 -11 0
0.001850 15 13 0
-0.000594 15 -13 0
0.013859 15 15 0
0.004913 15 -15 0
0.015783 16 0 0
-0.004746 16 2 0
0.011053 16 -2 0
0.012165 16 4 0
-0.031253 16 -4 0
0.006328 16 6 0
-0.011002 16 -6 0
0.001179 16 8 0
0.001866 16 -8 0
-0.011906 16 10 0
0.000396 16 -10 0
0.006485 16 12 0
0.008956 16 -12 0
0.017405 16 14 0
0.007338 16 -14 0
0.002661 16 16 0
0.007054 16 -16 0
0.006287 17 1 0
-0.006430 17 -1 0
0.015524 17 3 0
-0.017274 17 -3 0
0.002238 17 5 0
0.015328 17 -5 0
0.003143 17 7 0
0.006865 17 -7 0
-0.013704 17 9 0
-0.004900 17 -9 0
-0.001785 17 11 0
0.000097 17 -11 0
0.002094 17 13 0
-0.001710 17 -13 0
0.003616 17 15 0
0.002206 17 -15 0
-0.002324 17 17 0
0.010509 17 -17 0
0.000616 18 0 0
-0.018222 18 2 0
0.022470 18 -2 0
-0.017766 18 4 0
0.013684 18 -4 0
0.027728 18 6 0
-0.036857 18 -6 0
0.002561 18 8 0
-0.006628 18 -8 0
-0.010953 18 10 0
0.005030 18 -10 0
0.005813 18 12 0
0.001543 18 -12 0
0.008390 18 14 0
0.005385 18 -14 0
-0.001279 18 16 0
0.003862 18 -16 0
0.002421 18 18 0
0.003764 18 -18 0
-0.009040 19 1 0
0.022844 19 -1 0
0.008416 19 3 0
-0.011857 19 -3 0
0.022679 19 5 0
-0.023589 19 -5 0
-0.011564 19 7 0
0.011619 19 -7 0
-0.012396 19 9 0
0.004774 19 -9 0
0.001848 19 11 0
