0.015594 1 1 0
-0.021655 1 -1 0
0.042652 2 0 0
0.007104 2 2 0
-0.028013 2 -2 0
0.005654 3 1 0
0.066435 3 -1 0
-0.011989 3 3 0
-0.005890 3 -3 0
-0.045816 4 0 0
0.022827 4 2 0
0.031091 4 -2 0
0.009842 4 4 0
-0.000210 4 -4 0
-0.020715 5 1 0
-0.107741 5 -1 0
0.008038 5 3 0
0.013339 5 -3 0
0.004052 5 5 0
0.009334 5 -5 0
0.016354 6 0 0
-0.015940 6 2 0
-0.070520 6 -2 0
0.003359 6 4 0
0.002171 6 -4 0
-0.005130 6 6 0
-0.003134 6 -6 0
0.013424 7 1 0
0.101562 7 -1 0
-0.021881 7 3 0
-0.028095 7 -3 0
0.004945 7 5 0
-0.010224 7 -5 0
0.005462 7 7 0
0.001575 7 -7 0
-0.000228 8 0 0
0.032391 8 2 0
0.068517 8 -2 0
-0.003688 8 4 0
-0.006391 8 -4 0
-0.003131 8 6 0
-0.002275 8 -6 0
-0.004205 8 8 0
-0.003100 8 -8 0
-0.018632 9 1 0
-0.060164 9 -1 0
0.017948 9 3 0
0.035500 9 -3 0
-0.005167 9 5 0
0.005255 9 -5 0
0.000023 9 7 0
-0.005972 9 -7 0
-0.000199 9 9 0
-0.006444 9 -9 0
-0.020940 10 0 0
-0.011371 10 2 0
-0.056365 10 -2 0
0.013918 10 4 0
0.019238 10 -4 0
-0.006852 10 6 0
0.003459 10 -6 0
0.001504 10 8 0
0.000143 10 -8 0
-0.000450 10 10 0
0.005899 10 -10 0
-0.002049 11 1 0
0.026177 11 -1 0
-0.015725 11 3 0
-0.034967 11 -3 0
0.003906 11 5 0
0.004234 11 -5 0
0.004369 11 7 0
0.006077 11 -7 0
-0.001691 11 9 0
-0.006799 11 -9 0
0.004287 11 11 0
-0.001596 11 -11 0
0.011249 12 0 0
0.021347 12 2 0
0.027633 12 -2 0
-0.005441 12 4 0
-0.016356 12 -4 0
-0.000703 12 6 0
-0.003215 12 -6 0
0.000992 12 8 0
0.000254 12 -8 0
0.000276 12 10 0
0.006943 12 -10 0
-0.002033 12 12 0
0.008114 12 -12 0
-0.003780 13 1 0
-0.003128 13 -1 0
0.010357 13 3 0
0.022559 13 -3 0
-0.005802 13 5 0
-0.004323 13 -5 0
0.000044 13 7 0
-0.005805 13 -7 0
-0.001163 13 9 0
-0.004003 13 -9 0
0.003166 13 11 0
-0.004597 13 -11 0
-0.000566 13 13 0
0.000609 13 -13 0
-0.015126 14 0 0
-0.000044 14 2 0
-0.017665 14 -2 0
0.012435 14 4 0
0.019004 14 -4 0
-0.005874 14 6 0
0.000964 14 -6 0
-0.000590 14 8 0
-0.004335 14 -8 0
0.003348 14 10 0
0.007776 14 -10 0
0.002632 14 12 0
0.004575 14 -12 0
-0.002294 14 14 0
0.003669 14 -14 0
-0.008982 15 1 0
-0.004042 15 -1 0
-0.007884 15 3 0
-0.014293 15 -3 0
0.005883 15 5 0
0.008208 15 -5 0
0.002169 15 7 0
0.004877 15 -7 0
-0.001714 15 9 0
-0.006126 15 -9 0
0.006645 15 11 0
0.001909 15 -11 0
-0.002418 15 13 0
0.000713 15 -13 0
0.002339 15 15 0
-0.001594 15 -15 0
0.003037 16 0 0
0.007871 16 2 0
0.000258 16 -2 0
-0.003196 16 4 0
-0.009971 16 -4 0
0.000470 16 6 0
0.001234 16 -6 0
0.001864 16 8 0
0.001049 16 -8 0
0.000244 16 10 0
0.000513 16 -10 0
0.001834 16 12 0
0.004366 16 -12 0
-0.001726 16 14 0
0.003423 16 -14 0
0.002154 16 16 0
0.000395 16 -16 0
0.002595 17 1 0
0.004132 17 -1 0
0.004461 17 3 0
0.004298 17 -3 0
-0.003678 17 5 0
-0.004647 17 -5 0
0.000976 17 7 0
-0.002784 17 -7 0
0.001934 17 9 0
-0.000194 17 -9 0
0.002930 17 11 0
-0.000440 17 -11 0
-0.000476 17 13 0
0.002675 17 -13 0
0.000573 17 15 0
-0.001563 17 -15 0
-0.001551 17 17 0
0.001023 17 -17 0
-0.003539 18 0 0
0.004827 18 2 0
-0.002571 18 -2 0
0.007920 18 4 0
0.007804 18 -4 0
-0.004427 18 6 0
-0.003161 18 -6 0
-0.000851 18 8 0
-0.003510 18 -8 0
0.000317 18 10 0
0.004757 18 -10 0
0.001622 18 12 0
0.001807 18 -12 0
0.000111 18 14 0
0.002289 18 -14 0
-0.000434 18 16 0
0.001646 18 -16 0
0.000505 18 18 0
-0.001116 18 -18 0
-0.004084 19 1 0
-0.003276 19 -1 0
-0.003314 19 3 0
-0.002726 19 -3 0
0.002695 19 5 0
0.003005 19 -5 0
-0.000181 19 7 0
0.002187 19 -7 0
-0.000782 19 9 0
-0.003797 19 -9 0
0.003569 19 11 0
