0.189983 1 1 0
-0.140100 1 -1 0
-0.008669 2 0 0
-0.014856 2 2 0
0.023936 2 -2 0
-0.070751 3 1 0
-0.027327 3 -1 0
-0.007743 3 3 0
-0.035748 3 -3 0
-0.015312 4 0 0
-0.080022 4 2 0
0.016027 4 -2 0
0.004473 4 4 0
0.010792 4 -4 0
0.061084 5 1 0
0.038386 5 -1 0
-0.021199 5 3 0
0.064604 5 -3 0
0.028974 5 5 0
0.002116 5 -5 0
0.028792 6 0 0
0.100148 6 2 0
-0.034032 6 -2 0
0.038360 6 4 0
0.019316 6 -4 0
0.017070 6 6 0
0.013043 6 -6 0
0.005713 7 1 0
-0.001441 7 -1 0
0.041044 7 3 0
-0.070993 7 -3 0
0.031065 7 5 0
-0.008916 7 -5 0
0.039534 7 7 0
-0.005856 7 -7 0
-0.032593 8 0 0
-0.046454 8 2 0
-0.002923 8 -2 0
-0.011369 8 4 0
-0.035314 8 -4 0
0.019146 8 6 0
-0.001724 8 -6 0
0.004227 8 8 0
0.017187 8 -8 0
-0.014689 9 1 0
-0.021826 9 -1 0
-0.025371 9 3 0
0.063065 9 -3 0
-0.013273 9 5 0
-0.003761 9 -5 0
0.021899 9 7 0
0.001680 9 -7 0
0.021011 9 9 0
0.011031 9 -9 0
0.005246 10 0 0
0.012065 10 2 0
-0.005302 10 -2 0
0.040125 10 4 0
0.039238 10 -4 0
-0.004860 10 6 0
0.021332 10 -6 0
-0.004352 10 8 0
-0.007332 10 -8 0
0.014587 10 10 0
-0.026407 10 -10 0
0.027808 11 1 0
0.016841 11 -1 0
0.022993 11 3 0
-0.022482 11 -3 0
0.042949 11 5 0
0.005901 11 -5 0
0.025667 11 7 0
0.013938 11 -7 0
0.010002 11 9 0
0.008742 11 -9 0
0.016022 11 11 0
-0.005500 11 -11 0
0.003877 12 0 0
0.018500 12 2 0
-0.010394 12 -2 0
-0.002506 12 4 0
-0.025680 12 -4 0
0.015839 12 6 0
-0.008438 12 -6 0
0.005163 12 8 0
0.007728 12 -8 0
0.008930 12 10 0
-0.017200 12 -10 0
0.037850 12 12 0
-0.006222 12 -12 0
0.004108 13 1 0
-0.006934 13 -1 0
0.001623 13 3 0
0.014093 13 -3 0
-0.012432 13 5 0
-0.001510 13 -5 0
0.014437 13 7 0
-0.000416 13 -7 0
0.018557 13 9 0
0.009942 13 -9 0
0.011722 13 11 0
-0.002488 13 -11 0
0.012756 13 13 0
0.000876 13 -13 0
-0.008531 14 0 0
-0.006528 14 2 0
-0.005375 14 -2 0
0.016583 14 4 0
0.013174 14 -4 0
-0.004864 14 6 0
0.013543 14 -6 0
-0.005546 14 8 0
-0.002145 14 -8 0
0.014499 14 10 0
-0.019371 14 -10 0
0.029555 14 12 0
-0.005039 14 -12 0
0.019647 14 14 0
0.005449 14 -14 0
0.000967 15 1 0
-0.003930 15 -1 0
-0.000619 15 3 0
0.009754 15 -3 0
0.022226 15 5 0
0.007149 15 -5 0
0.012901 15 7 0
0.012564 15 -7 0
0.003357 15 9 0
0.008769 15 -9 0
0.006449 15 11 0
-0.001164 15 -11 0
0.008692 15 13 0
0.000529 15 -13 0
0.004371 15 15 0
-0.003444 15 -15 0
0.001324 16 0 0
0.004911 16 2 0
-0.002570 16 -2 0
0.002122 16 4 0
-0.004085 16 -4 0
0.006215 16 6 0
-0.007933 16 -6 0
0.002989 16 8 0
0.002951 16 -8 0
0.002056 16 10 0
-0.007738 16 -10 0
0.014821 16 12 0
-0.005558 16 -12 0
0.010707 16 14 0
-0.001660 16 -14 0
0.009761 16 16 0
-0.003022 16 -16 0
0.008093 17 1 0
0.007569 17 -1 0
0.004634 17 3 0
0.004521 17 -3 0
0.000638 17 5 0
0.003435 17 -5 0
0.006457 17 7 0
0.002949 17 -7 0
0.007964 17 9 0
0.007194 17 -9 0
0.002590 17 11 0
0.005347 17 -11 0
0.002923 17 13 0
0.003247 17 -13 0
0.003168 17 15 0
-0.001428 17 -15 0
0.005847 17 17 0
0.004191 17 -17 0
0.000859 18 0 0
0.000462 18 2 0
-0.001479 18 -2 0
0.002948 18 4 0
-0.002750 18 -4 0
-0.006765 18 6 0
0.004389 18 -6 0
-0.004512 18 8 0
-0.003258 18 -8 0
0.006174 18 10 0
-0.007636 18 -10 0
0.009218 18 12 0
-0.000528 18 -12 0
0.004874 18 14 0
0.001986 18 -14 0
0.003304 18 16 0
-0.001796 18 -16 0
0.001692 18 18 0
-0.002747 18 -18 0
0.002223 19 1 0
-0.005234 19 -1 0
-0.001451 19 3 0
0.004886 19 -3 0
0.005612 19 5 0
0.003479 19 -5 0
0.003194 19 7 0
0.008751 19 -7 0
0.000679 19 9 0
0.006236 19 -9 0
0.001579 19 11 0
