0.188292 1 1 0
-0.195530 1 -1 0
-0.020042 2 0 0
-0.026794 2 2 0
0.007347 2 -2 0
-0.051501 3 1 0
-0.028398 3 -1 0
0.019045 3 3 0
-0.017768 3 -3 0
-0.012964 4 0 0
-0.066519 4 2 0
0.007289 4 -2 0
0.014274 4 4 0
0.002167 4 -4 0
0.042877 5 1 0
0.033388 5 -1 0
-0.034859 5 3 0
0.054716 5 -3 0
0.018099 5 5 0
0.000132 5 -5 0
0.028812 6 0 0
0.106519 6 2 0
-0.017688 6 -2 0
0.036943 6 4 0
0.028704 6 -4 0
0.009828 6 6 0
0.020549 6 -6 0
0.000986 7 1 0
-0.000364 7 -1 0
0.032508 7 3 0
-0.067553 7 -3 0
0.030864 7 5 0
-0.003813 7 -5 0
0.023256 7 7 0
0.011110 7 -7 0
-0.023496 8 0 0
-0.041130 8 2 0
-0.000361 8 -2 0
-0.005986 8 4 0
-0.039853 8 -4 0
0.026381 8 6 0
-0.001750 8 -6 0
-0.002895 8 8 0
0.011159 8 -8 0
-0.023181 9 1 0
-0.026459 9 -1 0
-0.033609 9 3 0
0.055673 9 -3 0
-0.013482 9 5 0
-0.002163 9 -5 0
0.015770 9 7 0
0.008470 9 -7 0
0.007002 9 9 0
0.011559 9 -9 0
0.004490 10 0 0
0.020749 10 2 0
0.000077 10 -2 0
0.037726 10 4 0
0.037051 10 -4 0
-0.002438 10 6 0
0.022981 10 -6 0
-0.006938 10 8 0
-0.006106 10 -8 0
-0.002605 10 10 0
-0.031077 10 -10 0
0.019976 11 1 0
0.015344 11 -1 0
0.014413 11 3 0
-0.021166 11 -3 0
0.041746 11 5 0
0.005268 11 -5 0
0.015314 11 7 0
0.020574 11 -7 0
0.002349 11 9 0
0.010303 11 -9 0
0.028307 11 11 0
-0.004792 11 -11 0
0.007654 12 0 0
0.021711 12 2 0
-0.004841 12 -2 0
-0.000438 12 4 0
-0.028363 12 -4 0
0.017287 12 6 0
-0.003936 12 -6 0
0.001345 12 8 0
0.010279 12 -8 0
-0.004015 12 10 0
-0.025394 12 -10 0
0.021415 12 12 0
-0.008689 12 -12 0
-0.000633 13 1 0
-0.009467 13 -1 0
-0.003788 13 3 0
0.010371 13 -3 0
-0.012060 13 5 0
0.002796 13 -5 0
0.010505 13 7 0
0.004582 13 -7 0
0.009478 13 9 0
0.010146 13 -9 0
0.026389 13 11 0
-0.002544 13 -11 0
0.022767 13 13 0
0.003232 13 -13 0
-0.006324 14 0 0
-0.002893 14 2 0
-0.001882 14 -2 0
0.015563 14 4 0
0.013074 14 -4 0
-0.002918 14 6 0
0.014589 14 -6 0
-0.007754 14 8 0
-0.002405 14 -8 0
0.003710 14 10 0
-0.025216 14 -10 0
0.018828 14 12 0
-0.004771 14 -12 0
0.008092 14 14 0
0.008003 14 -14 0
-0.000926 15 1 0
-0.005434 15 -1 0
-0.004154 15 3 0
0.011642 15 -3 0
0.021781 15 5 0
0.007667 15 -5 0
0.008317 15 7 0
0.017210 15 -7 0
-0.002165 15 9 0
0.010203 15 -9 0
0.012739 15 11 0
-0.001363 15 -11 0
0.012363 15 13 0
0.002171 15 -13 0
0.002972 15 15 0
0.000268 15 -15 0
0.002462 16 0 0
0.008012 16 2 0
0.000968 16 -2 0
0.004171 16 4 0
-0.005862 16 -4 0
0.007467 16 6 0
-0.006019 16 -6 0
0.001536 16 8 0
0.004421 16 -8 0
-0.002482 16 10 0
-0.010926 16 -10 0
0.008821 16 12 0
-0.004616 16 -12 0
0.006016 16 14 0
0.000184 16 -14 0
0.003023 16 16 0
-0.007707 16 -16 0
0.006233 17 1 0
0.006121 17 -1 0
0.003076 17 3 0
0.003372 17 -3 0
0.001096 17 5 0
0.004582 17 -5 0
0.004524 17 7 0
0.005232 17 -7 0
0.004317 17 9 0
0.006211 17 -9 0
0.007737 17 11 0
0.005153 17 -11 0
0.006318 17 13 0
0.003362 17 -13 0
0.000793 17 15 0
0.001028 17 -15 0
0.004481 17 17 0
0.006215 17 -17 0
0.001018 18 0 0
0.002027 18 2 0
-0.001309 18 -2 0
0.003491 18 4 0
-0.002659 18 -4 0
-0.005937 18 6 0
0.006054 18 -6 0
-0.004867 18 8 0
-0.004199 18 -8 0
0.002090 18 10 0
-0.008993 18 -10 0
0.006345 18 12 0
-0.000468 18 -12 0
0.002407 18 14 0
0.002039 18 -14 0
0.003091 18 16 0
-0.004344 18 -16 0
0.001613 18 18 0
-0.004041 18 -18 0
0.001817 19 1 0
-0.006192 19 -1 0
-0.001817 19 3 0
0.005991 19 -3 0
0.005354 19 5 0
0.005347 19 -5 0
0.001845 19 7 0
0.009873 19 -7 0
-0.003678 19 9 0
0.005413 19 -9 0
0.002595 19 11 0
