0.118666 1 1 0
-0.080058 1 -1 0
-0.070098 2 0 0
0.026597 2 2 0
0.057260 2 -2 0
-0.088616 3 1 0
-0.045700 3 -1 0
0.003459 3 3 0
-0.019554 3 -3 0
0.006047 4 0 0
-0.080229 4 2 0
-0.003285 4 -2 0
0.008789 4 4 0
0.008124 4 -4 0
0.060770 5 1 0
0.039049 5 -1 0
-0.031301 5 3 0
0.047182 5 -3 0
0.008591 5 5 0
0.003924 5 -5 0
0.028397 6 0 0
0.099923 6 2 0
-0.017756 6 -2 0
0.021513 6 4 0
0.021278 6 -4 0
0.006876 6 6 0
0.013533 6 -6 0
-0.006105 7 1 0
-0.008965 7 -1 0
0.034752 7 3 0
-0.066566 7 -3 0
0.029117 7 5 0
-0.002275 7 -5 0
0.012859 7 7 0
0.003289 7 -7 0
-0.022020 8 0 0
-0.046033 8 2 0
0.004422 8 -2 0
-0.015854 8 4 0
-0.044315 8 -4 0
0.021010 8 6 0
-0.008728 8 -6 0
0.004133 8 8 0
0.008983 8 -8 0
-0.020514 9 1 0
-0.025086 9 -1 0
-0.031568 9 3 0
0.055372 9 -3 0
-0.022471 9 5 0
0.000324 9 -5 0
0.002001 9 7 0
-0.004727 9 -7 0
0.007121 9 9 0
0.013190 9 -9 0
0.006385 10 0 0
0.014459 10 2 0
-0.004825 10 -2 0
0.028278 10 4 0
0.039851 10 -4 0
-0.008205 10 6 0
0.018679 10 -6 0
0.000775 10 8 0
-0.005056 10 -8 0
-0.010134 10 10 0
-0.028040 10 -10 0
0.018813 11 1 0
0.012975 11 -1 0
0.012933 11 3 0
-0.021652 11 -3 0
0.039487 11 5 0
0.008421 11 -5 0
0.005080 11 7 0
0.013219 11 -7 0
0.001940 11 9 0
0.013606 11 -9 0
0.020638 11 11 0
-0.001608 11 -11 0
0.008693 12 0 0
0.018279 12 2 0
-0.003320 12 -2 0
-0.008915 12 4 0
-0.031301 12 -4 0
0.014899 12 6 0
-0.009331 12 -6 0
0.006236 12 8 0
0.008207 12 -8 0
-0.006996 12 10 0
-0.017209 12 -10 0
0.004094 12 12 0
-0.000977 12 -12 0
-0.002492 13 1 0
-0.007668 13 -1 0
-0.002228 13 3 0
0.010941 13 -3 0
-0.016577 13 5 0
0.003433 13 -5 0
0.003541 13 7 0
-0.000398 13 -7 0
0.008959 13 9 0
0.012257 13 -9 0
0.017821 13 11 0
0.000209 13 -11 0
0.020097 13 13 0
-0.008391 13 -13 0
-0.006290 14 0 0
-0.003770 14 2 0
-0.002560 14 -2 0
0.011553 14 4 0
0.013438 14 -4 0
-0.007773 14 6 0
0.010522 14 -6 0
0.000160 14 8 0
-0.003339 14 -8 0
0.001114 14 10 0
-0.018344 14 -10 0
0.003076 14 12 0
0.000159 14 -12 0
0.002996 14 14 0
0.008503 14 -14 0
-0.001562 15 1 0
-0.006736 15 -1 0
-0.005100 15 3 0
0.008556 15 -3 0
0.018660 15 5 0
0.008258 15 -5 0
0.002859 15 7 0
0.012822 15 -7 0
-0.002213 15 9 0
0.010100 15 -9 0
0.008269 15 11 0
-0.001072 15 -11 0
0.013460 15 13 0
-0.004880 15 -13 0
0.000760 15 15 0
-0.003780 15 -15 0
0.003134 16 0 0
0.007015 16 2 0
0.000915 16 -2 0
0.000013 16 4 0
-0.005817 16 -4 0
0.007112 16 6 0
-0.005198 16 -6 0
0.003334 16 8 0
0.005640 16 -8 0
-0.004399 16 10 0
-0.005885 16 -10 0
0.001479 16 12 0
-0.001536 16 -12 0
0.002456 16 14 0
0.001884 16 -14 0
0.004371 16 16 0
0.000126 16 -16 0
0.004904 17 1 0
0.006413 17 -1 0
0.002419 17 3 0
0.003929 17 -3 0
-0.002567 17 5 0
0.005434 17 -5 0
-0.001043 17 7 0
0.000876 17 -7 0
0.003535 17 9 0
0.006728 17 -9 0
0.005752 17 11 0
0.004738 17 -11 0
0.006314 17 13 0
-0.002219 17 -13 0
0.000575 17 15 0
-0.001626 17 -15 0
0.002108 17 17 0
-0.000647 17 -17 0
0.000727 18 0 0
0.004323 18 2 0
0.000137 18 -2 0
0.002520 18 4 0
-0.001509 18 -4 0
-0.005557 18 6 0
0.005804 18 -6 0
-0.000645 18 8 0
-0.001829 18 -8 0
0.002029 18 10 0
-0.007017 18 -10 0
0.002330 18 12 0
0.003149 18 -12 0
0.001190 18 14 0
0.002363 18 -14 0
0.003235 18 16 0
0.002167 18 -16 0
-0.002008 18 18 0
-0.001026 18 -18 0
0.001036 19 1 0
-0.005660 19 -1 0
-0.001873 19 3 0
0.003735 19 -3 0
0.004669 19 5 0
0.005115 19 -5 0
-0.000023 19 7 0
0.007996 19 -7 0
-0.001371 19 9 0
0.006939 19 -9 0
0.001277 19 11 0
