0.097339 1 1 0
-0.188297 1 -1 0
-0.091358 2 0 0
0.037256 2 2 0
-0.022076 2 -2 0
-0.028120 3 1 0
0.025949 3 -1 0
-0.020552 3 3 0
0.017521 3 -3 0
0.091060 4 0 0
0.006800 4 2 0
0.012486 4 -2 0
0.002754 4 4 0
-0.005657 4 -4 0
0.044289 5 1 0
-0.018131 5 -1 0
-0.001968 5 3 0
0.005291 5 -3 0
-0.010710 5 5 0
-0.018065 5 -5 0
-0.101050 6 0 0
-0.000152 6 2 0
-0.009202 6 -2 0
0.004227 6 4 0
0.002741 6 -4 0
0.012810 6 6 0
0.009451 6 -6 0
-0.039922 7 1 0
0.036748 7 -1 0
0.000185 7 3 0
0.001603 7 -3 0
-0.004096 7 5 0
0.000389 7 -5 0
-0.005761 7 7 0
-0.009364 7 -7 0
0.081061 8 0 0
0.006178 8 2 0
-0.002265 8 -2 0
0.009561 8 4 0
-0.001802 8 -4 0
-0.000769 8 6 0
0.004380 8 -6 0
-0.001376 8 8 0
0.002145 8 -8 0
0.026604 9 1 0
-0.022980 9 -1 0
-0.005120 9 3 0
0.003575 9 -3 0
-0.002957 9 5 0
-0.000468 9 -5 0
0.003793 9 7 0
-0.004291 9 -7 0
-0.006157 9 9 0
-0.000794 9 -9 0
-0.062314 10 0 0
0.002499 10 2 0
-0.002526 10 -2 0
0.004595 10 4 0
0.006625 10 -4 0
0.004997 10 6 0
0.007382 10 -6 0
0.002354 10 8 0
0.004888 10 -8 0
0.006439 10 10 0
0.003503 10 -10 0
-0.019428 11 1 0
0.026306 11 -1 0
-0.003082 11 3 0
0.003026 11 -3 0
-0.003385 11 5 0
-0.006176 11 -5 0
-0.000615 11 7 0
-0.000213 11 -7 0
0.002032 11 9 0
-0.004122 11 -9 0
-0.003385 11 11 0
-0.007612 11 -11 0
0.033539 12 0 0
0.004107 12 2 0
0.001482 12 -2 0
0.003847 12 4 0
-0.006512 12 -4 0
-0.002847 12 6 0
0.003477 12 -6 0
-0.000449 12 8 0
-0.001004 12 -8 0
-0.001206 12 10 0
0.003667 12 -10 0
-0.001965 12 12 0
0.001430 12 -12 0
0.016468 13 1 0
-0.007600 13 -1 0
-0.002037 13 3 0
0.005670 13 -3 0
-0.003978 13 5 0
0.000047 13 -5 0
-0.001839 13 7 0
-0.003943 13 -7 0
0.000729 13 9 0
-0.002431 13 -9 0
0.001167 13 11 0
-0.000465 13 -11 0
0.000524 13 13 0
0.001633 13 -13 0
-0.025822 14 0 0
0.003319 14 2 0
-0.005477 14 -2 0
0.001385 14 4 0
0.006258 14 -4 0
0.005992 14 6 0
0.003577 14 -6 0
0.001230 14 8 0
0.004934 14 -8 0
0.000861 14 10 0
0.003953 14 -10 0
-0.002774 14 12 0
0.001021 14 -12 0
-0.002412 14 14 0
0.003700 14 -14 0
-0.009892 15 1 0
0.012789 15 -1 0
-0.002570 15 3 0
0.001602 15 -3 0
0.001880 15 5 0
-0.001319 15 -5 0
-0.000591 15 7 0
-0.000264 15 -7 0
0.000499 15 9 0
0.000261 15 -9 0
0.000615 15 11 0
-0.001628 15 -11 0
-0.001965 15 13 0
0.001729 15 -13 0
-0.002563 15 15 0
0.001349 15 -15 0
0.009082 16 0 0
0.003482 16 2 0
0.001933 16 -2 0
0.001323 16 4 0
-0.006309 16 -4 0
-0.000390 16 6 0
0.002596 16 -6 0
0.000755 16 8 0
0.000054 16 -8 0
0.000199 16 10 0
0.003033 16 -10 0
-0.001380 16 12 0
0.000675 16 -12 0
-0.001633 16 14 0
0.001397 16 -14 0
-0.004479 16 16 0
0.001580 16 -16 0
0.006662 17 1 0
-0.002172 17 -1 0
0.001116 17 3 0
0.003911 17 -3 0
-0.002757 17 5 0
0.000703 17 -5 0
0.000028 17 7 0
-0.002231 17 -7 0
0.000295 17 9 0
-0.002719 17 -9 0
0.000410 17 11 0
0.001074 17 -11 0
0.001262 17 13 0
0.003075 17 -13 0
0.000736 17 15 0
0.001943 17 -15 0
0.001039 17 17 0
0.004503 17 -17 0
-0.005992 18 0 0
0.000540 18 2 0
-0.001299 18 -2 0
0.001366 18 4 0
0.004715 18 -4 0
-0.000629 18 6 0
0.002803 18 -6 0
0.001096 18 8 0
0.000379 18 -8 0
-0.000528 18 10 0
0.002916 18 -10 0
-0.002620 18 12 0
-0.002168 18 -12 0
-0.002878 18 14 0
0.001351 18 -14 0
0.000735 18 16 0
-0.002523 18 -16 0
-0.000674 18 18 0
0.000508 18 -18 0
-0.001990 19 1 0
0.005649 19 -1 0
-0.001443 19 3 0
-0.000420 19 -3 0
0.002287 19 5 0
-0.003180 19 -5 0
-0.002027 19 7 0
-0.002032 19 -7 0
0.003004 19 9 0
-0.000178 19 -9 0
-0.000626 19 11 0
