0.078961 1 1 0
-0.160711 1 -1 0
-0.070815 2 0 0
0.036042 2 2 0
-0.055070 2 -2 0
-0.014128 3 1 0
0.017023 3 -1 0
-0.009309 3 3 0
-0.001207 3 -3 0
0.086258 4 0 0
0.000973 4 2 0
0.010602 4 -2 0
0.007157 4 4 0
0.012999 4 -4 0
0.039457 5 1 0
-0.007616 5 -1 0
-0.002802 5 3 0
0.003134 5 -3 0
-0.012929 5 5 0
-0.010194 5 -5 0
-0.104661 6 0 0
0.002687 6 2 0
-0.005622 6 -2 0
0.005554 6 4 0
-0.005384 6 -4 0
0.007847 6 6 0
0.004057 6 -6 0
-0.039203 7 1 0
0.031529 7 -1 0
0.001838 7 3 0
0.008611 7 -3 0
-0.005269 7 5 0
0.001789 7 -5 0
-0.001138 7 7 0
-0.005297 7 -7 0
0.082857 8 0 0
0.004489 8 2 0
-0.000173 8 -2 0
0.007497 8 4 0
0.002028 8 -4 0
0.002589 8 6 0
0.002669 8 -6 0
-0.001663 8 8 0
0.001009 8 -8 0
0.024411 9 1 0
-0.023949 9 -1 0
-0.006213 9 3 0
0.001916 9 -3 0
-0.001384 9 5 0
-0.000363 9 -5 0
0.000597 9 7 0
-0.007598 9 -7 0
0.000793 9 9 0
-0.000303 9 -9 0
-0.062592 10 0 0
0.003365 10 2 0
-0.001861 10 -2 0
0.005626 10 4 0
0.004582 10 -4 0
0.005983 10 6 0
0.008667 10 -6 0
0.003453 10 8 0
0.003232 10 -8 0
0.006925 10 10 0
0.005813 10 -10 0
-0.022739 11 1 0
0.027889 11 -1 0
-0.000457 11 3 0
0.004023 11 -3 0
-0.005290 11 5 0
-0.006099 11 -5 0
0.002649 11 7 0
-0.001540 11 -7 0
0.000163 11 9 0
-0.003576 11 -9 0
-0.000482 11 11 0
-0.007159 11 -11 0
0.032268 12 0 0
0.004072 12 2 0
0.000870 12 -2 0
0.007008 12 4 0
-0.004911 12 -4 0
0.000351 12 6 0
0.000711 12 -6 0
0.000798 12 8 0
0.000942 12 -8 0
0.002742 12 10 0
0.003499 12 -10 0
0.000638 12 12 0
0.001172 12 -12 0
0.014131 13 1 0
-0.007385 13 -1 0
-0.002164 13 3 0
0.006180 13 -3 0
-0.007646 13 5 0
0.002624 13 -5 0
-0.001232 13 7 0
-0.006922 13 -7 0
0.002033 13 9 0
-0.002741 13 -9 0
0.004487 13 11 0
-0.001948 13 -11 0
0.000868 13 13 0
-0.001226 13 -13 0
-0.026184 14 0 0
0.003074 14 2 0
-0.005559 14 -2 0
0.001733 14 4 0
0.007641 14 -4 0
0.007351 14 6 0
0.004284 14 -6 0
0.002331 14 8 0
0.005690 14 -8 0
0.002353 14 10 0
0.002980 14 -10 0
-0.000102 14 12 0
0.002166 14 -12 0
-0.001954 14 14 0
0.002246 14 -14 0
-0.011737 15 1 0
0.012718 15 -1 0
-0.001888 15 3 0
0.002742 15 -3 0
-0.000882 15 5 0
-0.004004 15 -5 0
-0.000413 15 7 0
-0.002282 15 -7 0
0.001058 15 9 0
-0.000021 15 -9 0
0.001611 15 11 0
-0.002274 15 -11 0
-0.004096 15 13 0
0.000246 15 -13 0
-0.002544 15 15 0
0.000018 15 -15 0
0.009219 16 0 0
0.003613 16 2 0
0.001319 16 -2 0
0.001649 16 4 0
-0.004019 16 -4 0
0.000744 16 6 0
-0.000323 16 -6 0
0.002349 16 8 0
-0.001300 16 -8 0
0.001547 16 10 0
0.002048 16 -10 0
0.001184 16 12 0
0.001844 16 -12 0
0.000187 16 14 0
-0.000676 16 -14 0
-0.003330 16 16 0
0.001148 16 -16 0
0.004956 17 1 0
-0.001541 17 -1 0
0.001587 17 3 0
0.005078 17 -3 0
-0.003694 17 5 0
0.000971 17 -5 0
0.001520 17 7 0
-0.003197 17 -7 0
0.000792 17 9 0
-0.003277 17 -9 0
0.002107 17 11 0
-0.000340 17 -11 0
0.000346 17 13 0
0.001076 17 -13 0
0.000267 17 15 0
-0.000062 17 -15 0
-0.001286 17 17 0
0.003118 17 -17 0
-0.006444 18 0 0
0.000378 18 2 0
-0.001199 18 -2 0
0.002536 18 4 0
0.006678 18 -4 0
0.000438 18 6 0
0.002333 18 -6 0
0.002118 18 8 0
0.002031 18 -8 0
0.001932 18 10 0
0.001855 18 -10 0
-0.000347 18 12 0
-0.000436 18 -12 0
-0.001241 18 14 0
-0.000456 18 -14 0
0.003737 18 16 0
-0.002245 18 -16 0
0.001368 18 18 0
0.000612 18 -18 0
-0.003132 19 1 0
0.006520 19 -1 0
-0.002589 19 3 0
0.000154 19 -3 0
0.000279 19 5 0
-0.002954 19 -5 0
-0.001577 19 7 0
-0.002980 19 -7 0
0.002649 19 9 0
0.000879 19 -9 0
0.000473 19 11 0
