0.247074 1 1 0
-0.219368 1 -1 0
-0.079979 2 0 0
0.024403 2 2 0
0.026350 2 -2 0
-0.044139 3 1 0
0.029516 3 -1 0
0.020748 3 3 0
0.005310 3 -3 0
0.093817 4 0 0
0.007285 4 2 0
-0.011038 4 -2 0
-0.011278 4 4 0
0.013574 4 -4 0
0.034584 5 1 0
-0.018305 5 -1 0
-0.008263 5 3 0
0.002942 5 -3 0
-0.005770 5 5 0
-0.011574 5 -5 0
-0.104285 6 0 0
-0.004875 6 2 0
-0.003593 6 -2 0
0.010495 6 4 0
-0.007312 6 -4 0
0.009064 6 6 0
0.008569 6 -6 0
-0.036540 7 1 0
0.037369 7 -1 0
-0.005360 7 3 0
0.003895 7 -3 0
-0.006420 7 5 0
0.000782 7 -5 0
-0.001742 7 7 0
0.000798 7 -7 0
0.080534 8 0 0
0.009887 8 2 0
-0.002849 8 -2 0
0.005031 8 4 0
0.004920 8 -4 0
-0.001689 8 6 0
0.006236 8 -6 0
-0.003385 8 8 0
0.001532 8 -8 0
0.020243 9 1 0
-0.023016 9 -1 0
-0.008861 9 3 0
0.003654 9 -3 0
-0.001190 9 5 0
-0.000990 9 -5 0
0.001665 9 7 0
-0.006878 9 -7 0
-0.008056 9 9 0
-0.001363 9 -9 0
-0.064337 10 0 0
0.001683 10 2 0
-0.004261 10 -2 0
0.006450 10 4 0
0.003269 10 -4 0
0.001332 10 6 0
0.007310 10 -6 0
0.001558 10 8 0
-0.000106 10 -8 0
0.006182 10 10 0
0.006210 10 -10 0
-0.020709 11 1 0
0.028150 11 -1 0
-0.006871 11 3 0
0.003817 11 -3 0
-0.003188 11 5 0
-0.008029 11 -5 0
0.000864 11 7 0
0.001986 11 -7 0
-0.004251 11 9 0
-0.005360 11 -9 0
-0.001357 11 11 0
-0.013071 11 -11 0
0.031398 12 0 0
0.004684 12 2 0
0.002125 12 -2 0
0.004580 12 4 0
-0.006893 12 -4 0
-0.003068 12 6 0
0.003002 12 -6 0
-0.004114 12 8 0
-0.001711 12 -8 0
0.000077 12 10 0
0.004728 12 -10 0
-0.003908 12 12 0
0.003933 12 -12 0
0.013303 13 1 0
-0.006946 13 -1 0
-0.006907 13 3 0
0.005692 13 -3 0
-0.004272 13 5 0
0.002504 13 -5 0
-0.002627 13 7 0
-0.002934 13 -7 0
-0.001934 13 9 0
-0.001286 13 -9 0
-0.000177 13 11 0
-0.005354 13 -11 0
0.005804 13 13 0
0.000075 13 -13 0
-0.027416 14 0 0
0.003061 14 2 0
-0.006870 14 -2 0
0.001030 14 4 0
0.007415 14 -4 0
0.003671 14 6 0
0.003757 14 -6 0
0.001684 14 8 0
0.001232 14 -8 0
0.000254 14 10 0
0.005365 14 -10 0
-0.004268 14 12 0
0.000810 14 -12 0
-0.005096 14 14 0
0.001461 14 -14 0
-0.011025 15 1 0
0.012749 15 -1 0
-0.004805 15 3 0
0.001702 15 -3 0
0.000783 15 5 0
-0.003225 15 -5 0
-0.000594 15 7 0
0.000567 15 -7 0
-0.002911 15 9 0
-0.000047 15 -9 0
-0.001804 15 11 0
-0.002480 15 -11 0
-0.001811 15 13 0
0.000712 15 -13 0
-0.001258 15 15 0
0.003015 15 -15 0
0.009554 16 0 0
0.003323 16 2 0
0.001732 16 -2 0
0.001385 16 4 0
-0.005997 16 -4 0
-0.001365 16 6 0
0.002217 16 -6 0
-0.000880 16 8 0
-0.001148 16 -8 0
0.000350 16 10 0
0.003113 16 -10 0
-0.004146 16 12 0
0.001247 16 -12 0
-0.000564 16 14 0
-0.000846 16 -14 0
-0.001737 16 16 0
-0.000097 16 -16 0
0.004652 17 1 0
-0.001867 17 -1 0
-0.000978 17 3 0
0.004379 17 -3 0
-0.000624 17 5 0
0.001931 17 -5 0
-0.001171 17 7 0
-0.000209 17 -7 0
-0.002183 17 9 0
-0.003023 17 -9 0
-0.001560 17 11 0
-0.002118 17 -11 0
0.002853 17 13 0
0.000917 17 -13 0
0.000573 17 15 0
0.001197 17 -15 0
-0.000093 17 17 0
0.005575 17 -17 0
-0.006937 18 0 0
0.000587 18 2 0
-0.000486 18 -2 0
0.001697 18 4 0
0.004094 18 -4 0
-0.000145 18 6 0
0.003138 18 -6 0
0.000774 18 8 0
-0.000092 18 -8 0
0.000709 18 10 0
0.002640 18 -10 0
-0.003590 18 12 0
-0.000279 18 -12 0
-0.004897 18 14 0
0.000881 18 -14 0
0.002005 18 16 0
-0.003673 18 -16 0
0.000222 18 18 0
0.002243 18 -18 0
-0.003046 19 1 0
0.005993 19 -1 0
-0.004420 19 3 0
-0.000116 19 -3 0
0.001402 19 5 0
-0.002766 19 -5 0
-0.002075 19 7 0
-0.001511 19 -7 0
0.000761 19 9 0
0.000774 19 -9 0
-0.001510 19 11 0
