0.000000
0.000000
0.000000
0.000000
0.000000
0.000000
0.000000
0.000000
0.000000
0.000000
0.000000
0.000000
0.000000
0.000000
0.000000
0.000000
0.000000
0.000000
0.000000
0.000000
0.000000
0.000000
0.000000
0.000000
0.000000
0.000000
0.000000
0.000000
0.000000
0.000000
0.000000
0.000000
0.000000
0.000000
0.000000
0.000000
0.000000
0.000000
0.000000
0.000000
0.000000
0.000000
0.000000
0.000000
0.000000
0.000000
0.000000
0.000000
0.000000
0.000000
0.000000
0.000000
0.000000
0.000000
0.000000
0.000000
0.000000
0.000000
0.000000
0.000000
0.000000
0.000000
0.000000
0.000000

0.000000
0.000000
0.000000
0.000000
0.000000
0.000000
0.000000
0.000000
0.000000
0.000000
0.000000
0.000000
0.000000
0.000000
0.000000
0.000000
0.000000
0.000000
0.000000
0.000000
0.000000
0.000000
0.000000
0.000000
-8.272004
-7.858080
-7.514318
-7.237962
-7.026653
-6.878430
-6.791729
-6.765381
-6.798618
-6.891067
-7.042754
-7.254100
-7.525925
-7.859446
-8.256276
-8.718429
0.000000
0.000000
0.000000
0.000000
0.000000
0.000000
0.000000
0.000000
0.000000
0.000000
0.000000
0.000000
0.000000
0.000000
0.000000
0.000000
0.000000
0.000000
0.000000
0.000000
0.000000
0.000000
0.000000
0.000000

0.000000
0.000000
0.000000
0.000000
0.000000
0.000000
0.000000
0.000000
0.000000
0.000000
0.000000
0.000000
0.000000
0.000000
0.000000
0.000000
0.000000
0.000000
0.000000
0.000000
0.000000
-7.994805
-7.392453
-6.866737
-6.413711
-6.029824
-5.711921
-5.457247
-5.263442
-5.128546
-5.050993
-5.029617
-5.063648
-5.152714
-5.296839
-5.496447
-5.752356
-6.065783
-6.438343
-6.872047
-7.369303
-7.932919
-8.566097
0.000000
0.000000
0.000000
0.000000
0.000000
0.000000
0.000000
0.000000
0.000000
0.000000
0.000000
0.000000
0.000000
0.000000
0.000000
0.000000
0.000000
0.000000
0.000000
0.000000
0.000000

0.000000
0.000000
0.000000
0.000000
0.000000
0.000000
0.000000
0.000000
0.000000
0.000000
0.000000
0.000000
0.000000
0.000000
0.000000
0.000000
0.000000
0.000000
0.000000
-7.568449
-6.848680
-6.210591
-5.649440
-5.160882
-4.740967
-4.386146
-4.093264
-3.859566
-3.682693
-3.560682
-3.491971
-3.475391
-3.510173
-3.595945
-3.732731
-3.920954
-4.161434
-4.455387
-4.804427
-5.210567
-5.676214
-6.204174
-6.797652
-7.460248
-8.195960
0.000000
0.000000
0.000000
0.000000
0.000000
0.000000
0.000000
0.000000
0.000000
0.000000
0.000000
0.000000
0.000000
0.000000
0.000000
0.000000
0.000000
0.000000
0.000000

0.000000
0.000000
0.000000
0.000000
0.000000
0.000000
0.000000
0.000000
0.000000
0.000000
0.000000
0.000000
0.000000
0.000000
0.000000
0.000000
0.000000
-7.468485
-6.625022
-5.870005
-5.197895
-4.603553
-4.082237
-3.629599
-3.241694
-2.914969
-2.646271
-2.432844
-2.272328
-2.162764
-2.102585
-2.090626
-2.126115
-2.208682
-2.338351
-2.515545
-2.741082
-3.016179
-3.342452
-3.721910
-4.156964
-4.650419
-5.205479
-5.825743
-6.515212
-7.278278
-8.119736
0.000000
0.000000
0.000000
0.000000
0.000000
0.000000
0.000000
0.000000
0.000000
0.000000
0.000000
0.000000
0.000000
0.000000
0.000000
0.000000
0.000000

0.000000
0.000000
0.000000
0.000000
0.000000
0.000000
0.000000
0.000000
0.000000
0.000000
0.000000
0.000000
0.000000
0.000000
0.000000
-7.693157
-6.715750
-5.835275
-5.045400
-4.340189
-3.714107
-3.162012
-2.679161
-2.261211
-1.904211
-1.604612
-1.359260
-1.165399
-1.020669
-0.923109
-0.871156
-0.863641
-0.899796
-0.979247
-1.102021
-1.268538
-1.479619
-1.736480
-2.040736
-2.394398
-2.799875
-3.259973
-3.777895
-4.357243
-5.002013
-5.716602
-6.505802
-7.374803
-8.329192
0.000000
0.000000
0.000000
0.000000
0.000000
0.000000
0.000000
0.000000
0.000000
0.000000
0.000000
0.000000
0.000000
0.000000
0.000000

0.000000
0.000000
0.000000
0.000000
0.000000
0.000000
0.000000
0.000000
0.000000
0.000000
0.000000
0.000000
0.000000
0.000000
-7.125066
-6.106631
-5.188210
-4.363073
-3.624887
-2.967720
-2.386031
-1.874683
-1.428932
-1.044433
-0.717237
-0.443794
-0.220950
-0.045949
0.083568
0.169563
0.213600
0.216845
0.180069
0.103644
-0.012456
-0.168651
-0.365763
-0.605007
-0.887998
-1.216747
-1.593663
-2.021553
-2.503619
-3.043463
-3.645082
-4.312871
-5.051624
-5.866530
-6.763177
-7.747549
0.000000
0.000000
0.000000
0.000000
0.000000
0.000000
0.000000
0.000000
0.000000
0.000000
0.000000
0.000000
0.000000
0.000000

0.000000
0.000000
0.000000
0.000000
0.000000
0.000000
0.000000
0.000000
0.000000
0.000000
0.000000
0.000000
-7.867104
-6.694235
-5.632515
-4.674419
-3.812822
-3.040993
-2.352600
-1.741710
-1.202784
-0.730683
-0.320664
0.031619
0.330114
0.578372
0.779546
0.936392
1.051269
1.126139
1.162567
1.161718
1.124364
1.050876
0.941228
0.795000
0.611372
0.389126
0.126649
-0.178072
-0.527444
-0.924274
-1.371766
-1.873519
-2.433533
-3.056202
-3.746318
-4.509073
-5.350053
-6.275243
-7.291024
-8.404176
0.000000
0.000000
0.000000
0.000000
0.000000
0.000000
0.000000
0.000000
0.000000
0.000000
0.000000
0.000000

0.000000
0.000000
0.000000
0.000000
0.000000
0.000000
0.000000
0.000000
0.000000
0.000000
0.000000
-7.618181
-6.394436
-5.286378
-4.286085
-3.386034
-2.579097
-1.858547
-1.218050
-0.651673
-0.153877
0.280477
0.656133
0.977434
1.248331
1.472373
1.652714
1.792111
1.892921
1.957107
1.986234
1.981467
1.943577
1.872937
1.769520
1.632905
1.462273
1.256406
1.013691
0.732115
0.409271
0.042351
-0.371847
-0.836924
-1.356878
-1.936104
-2.579396
-3.291943
-4.079332
-4.947548
-5.902972
-6.952385
-8.102961
0.000000
0.000000
0.000000
0.000000
0.000000
0.000000
0.000000
0.000000
0.000000
0.000000
0.000000

0.000000
0.000000
0.000000
0.000000
0.000000
0.000000
0.000000
0.000000
0.000000
0.000000
-7.500028
-6.221029
-5.062785
-4.016977
-3.075685
-2.231383
-1.476946
-0.805645
-0.211147
0.312483
0.770781
1.168888
1.511547
1.803103
2.047504
2.248300
2.408647
2.531299
2.618615
2.672558
2.694691
2.686182
2.647800
2.579918
2.482510
2.355154
2.197032
2.006925
1.783220
1.523906
1.226573
0.888415
0.506229
0.076415
-0.405026
-0.942489
-1.540766
-2.205049
-2.940923
-3.754373
-4.651781
-5.639927
-6.725987
-7.917535
0.000000
0.000000
0.000000
0.000000
0.000000
0.000000
0.000000
0.000000
0.000000
0.000000

0.000000
0.000000
0.000000
0.000000
0.000000
0.000000
0.000000
0.000000
0.000000
-7.510387
-6.170963
-4.957891
-3.862456
-2.876340
-1.991621
-1.200774
-0.496675
0.127407
0.677805
1.160451
1.580884
1.944244
2.255273
2.518318
2.737326
2.915847
3.057036
3.163649
3.238045
3.282185
3.297633
3.285557
3.246726
3.181512
3.089891
2.971441
2.825341
2.650376
2.444930
2.206992
1.934154
1.623610
1.272155
0.876190
0.431716
-0.065661
-0.620736
-1.238697
-1.925132
-2.686025
-3.527758
-4.457111
-5.481260
-6.607778
-7.844637
0.000000
0.000000
0.000000
0.000000
0.000000
0.000000
0.000000
0.000000
0.000000

0.000000
0.000000
0.000000
0.000000
0.000000
0.000000
0.000000
0.000000
-7.648592
-6.242776
-4.969441
-3.819472
-2.784155
-1.855170
-1.024597
-0.284911
0.371013
0.949906
1.458099
1.901527
2.285727
2.615840
2.896608
3.132376
3.327093
3.484310
3.607180
3.698459
3.760506
3.795283
3.804355
3.788887
3.749650
3.687016
3.600961
3.491061
3.356498
3.196054
3.008116
2.790672
2.541312
2.257232
1.935228
1.571698
1.162645
0.703674
0.189992
-0.383592
-1.022663
-1.733207
-2.521606
-3.394639
-4.359482
-5.423709
-6.595291
-7.882597
0.000000
0.000000
0.000000
0.000000
0.000000
0.000000
0.000000
0.000000

0.000000
0.000000
0.000000
0.000000
0.000000
0.000000
0.000000
-7.915565
-6.436597
-5.096766
-3.886562
-2.796872
-1.818980
-0.944568
-0.165714
0.525105
1.135017
1.670749
2.138636
2.544610
2.894210
3.192575
3.444449
3.654176
3.825706
3.962588
4.067976
4.144626
4.194898
4.220753
4.223756
4.205072
4.165472
4.105329
4.024617
3.922914
3.799400
3.652860
3.481678
3.283842
3.056946
2.798181
2.504345
2.171837
1.796659
1.374416
0.900315
0.369166
-0.224618
-0.887022
-1.624427
-2.443612
-3.351755
-4.356429
-5.465605
-6.687652
-8.031334
0.000000
0.000000
0.000000
0.000000
0.000000
0.000000
0.000000

0.000000
0.000000
0.000000
0.000000
0.000000
0.000000
0.000000
-6.754141
-5.340789
-4.063854
-2.913826
-1.881590
-0.958432
-0.136033
0.593529
1.237776
1.803837
2.298439
2.727916
3.098202
3.414834
3.682952
3.907299
4.092220
4.241664
4.359181
4.447926
4.510653
4.549723
4.567096
4.564337
4.542613
4.502694
4.444951
4.369361
4.275501
4.162550
4.029294
3.874116
3.695006
3.489555
3.254957
2.988009
2.685109
2.342260
1.955066
1.518736
1.028078
0.477505
-0.138966
-0.827718
-1.595530
-2.449579
-3.397437
-4.447077
-5.606867
-6.885572
0.000000
0.000000
0.000000
0.000000
0.000000
0.000000
0.000000

0.000000
0.000000
0.000000
0.000000
0.000000
0.000000
-7.198716
-5.704023
-4.353066
-3.135938
-2.043127
-1.065522
-0.194406
0.578540
1.261236
1.861206
2.385578
2.841080
3.234045
3.570406
3.855702
4.095073
4.293261
4.454611
4.583073
4.682196
4.755134
4.804643
4.833083
4.842415
4.834203
4.809615
4.769419
4.713988
4.643298
4.556926
4.454052
4.333460
4.193536
4.032267
3.847246
3.635666
3.394324
3.119618
2.807552
2.453729
2.053358
1.601247
1.091811
0.519064
-0.123376
-0.842287
-1.644847
-2.538629
-3.531603
-4.632139
-5.849003
-7.191356
0.000000
0.000000
0.000000
0.000000
0.000000
0.000000

0.000000
0.000000
0.000000
0.000000
0.000000
-7.775217
-6.190567
-4.757503
-3.465719
-2.305309
-1.266760
-0.340961
0.480806
1.206857
1.845115
2.403103
2.887948
3.306379
3.664728
3.968931
4.224523
4.436646
4.610043
4.749057
4.857638
4.939337
4.997307
5.034304
5.052687
5.054418
5.041061
5.013783
4.973354
4.920146
4.854134
4.774896
4.681613
4.573066
4.447644
4.303333
4.137725
3.948014
3.730996
3.483072
3.200242
2.878112
2.511889
2.096382
1.626006
1.094774
0.496306
-0.176178
-0.929854
-1.772296
-2.711476
-3.755761
-4.913918
-6.195109
-7.608894
0.000000
0.000000
0.000000
0.000000
0.000000

0.000000
0.000000
0.000000
0.000000
0.000000
-6.806112
-5.282061
-3.907272
-2.671440
-1.564658
-0.577414
0.299404
1.074512
1.756228
2.352474
2.870775
3.318255
3.701645
4.027277
4.301085
4.528606
4.714982
4.864953
4.982867
5.072671
5.137916
5.181755
5.206945
5.215844
5.210415
5.192221
5.162429
5.121810
5.070735
5.009180
4.936722
4.852541
4.755422
4.643749
4.515512
4.368301
4.199310
4.005336
3.782779
3.527640
3.235524
2.901638
2.520792
2.087400
1.595476
1.038639
0.410109
-0.297290
-1.091131
-1.979386
-2.970424
-4.073009
-5.296305
-6.649873
0.000000
0.000000
0.000000
0.000000
0.000000

0.000000
0.000000
0.000000
0.000000
-7.557937
-5.933224
-4.466285
-3.146418
-1.963316
-0.907073
0.031822
0.862483
1.593625
2.233566
2.790228
3.271134
3.683412
4.033791
4.328602
4.573780
4.774863
4.936991
5.064906
5.162954
5.235083
5.284844
5.315390
5.329478
5.329467
5.317317
5.294594
5.262465
5.221698
5.172667
5.115346
5.049314
4.973750
4.887439
4.788765
4.675717
4.545886
4.396467
4.224256
4.025652
3.796657
3.532877
3.229517
2.881389
2.482905
2.028080
1.510533
0.923485
0.259758
-0.488220
-1.328421
-2.269214
-3.319363
-4.488032
-5.784782
-7.219570
0.000000
0.000000
0.000000
0.000000

0.000000
0.000000
0.000000
0.000000
-6.719067
-5.150039
-3.736726
-2.468425
-1.334832
-0.326039
0.567465
1.354793
2.044660
2.645385
3.164889
3.610697
3.989935
4.309331
4.575219
4.793532
4.969809
5.109189
5.216415
5.295832
5.351389
5.386636
5.404728
5.408419
5.400069
5.381640
5.354696
5.320404
5.279534
5.232457
5.179149
5.119189
5.051755
4.975632
4.889205
4.790463
4.676997
4.546001
4.394271
4.218207
4.013810
3.776686
3.502042
3.184688
2.819036
2.399102
1.918505
1.370464
0.747804
0.042951
-0.752066
-1.645617
-2.646465
-3.763776
-5.007107
-6.386419
0.000000
0.000000
0.000000
0.000000

0.000000
0.000000
0.000000
-7.649252
-5.967401
-4.450438
-3.087264
-1.867176
-0.779870
0.184562
1.035631
1.782450
2.433734
2.997803
3.482577
3.895580
4.243940
4.534384
4.773246
4.966459
5.119562
5.237694
5.325598
5.387620
5.427707
5.449411
5.455885
5.449885
5.433770
5.409502
5.378645
5.342366
5.301434
5.256223
5.206707
5.152463
5.092673
5.026120
4.951189
4.865868
4.767750
4.654028
4.521498
4.366560
4.185216
3.973070
3.725330
3.436806
3.101911
2.714660
2.268671
1.757166
1.172967
0.508501
-0.244204
-1.093515
-2.048198
-3.117417
-4.310731
-5.638099
-7.109875
0.000000
0.000000
0.000000

0.000000
0.000000
0.000000
-6.928829
-5.297217
-3.828701
-2.512179
-1.336951
-0.292710
0.630450
1.442041
2.151176
2.766569
3.296541
3.749011
4.131505
4.451148
4.714670
4.928402
5.098281
5.229842
5.328226
5.398176
5.444037
5.469757
5.478888
5.474582
5.459596
5.436289
5.406622
5.372160
5.334070
5.293120
5.249685
5.203738
5.154858
5.102225
5.044622
4.980435
4.907653
4.823866
4.726269
4.611658
4.476432
4.316594
4.127748
3.905102
3.643465
3.337251
2.980474
2.566754
2.089310
1.540966
0.914149
0.200887
-0.607188
-1.518841
-2.543236
-3.689933
-4.968890
-6.390462
0.000000
0.000000
0.000000

0.000000
0.000000
-8.046370
-6.288316
-4.703193
-3.279504
-2.006149
-0.872426
0.131971
1.016949
1.792018
2.466293
3.048487
3.546921
3.969515
4.323793
4.616882
4.855511
5.046012
5.194320
5.305972
5.386108
5.439472
5.470407
5.482863
5.480390
5.466143
5.442876
5.412949
5.378324
5.340565
5.300839
5.259915
5.218167
5.175568
5.131697
5.085734
5.036463
4.982268
4.921140
4.850668
4.768047
4.670074
4.553147
4.413269
4.246044
4.046680
3.809987
3.530378
3.201867
2.818074
2.372219
1.857125
1.265219
0.588529
-0.181312
-1.053071
-2.035910
-3.139391
-4.373469
-5.748501
-7.275239
0.000000
0.000000

0.000000
0.000000
-7.436577
-5.722789
-4.180404
-2.797923
-1.564248
-0.468675
0.499099
1.348984
2.090489
2.732727
3.284414
3.753870
4.149014
4.477372
4.746069
4.961835
5.131001
5.259504
5.352879
5.416267
5.454411
5.471656
5.471950
5.458844
5.435492
5.404650
5.368677
5.329534
5.288786
5.247600
5.206745
5.166593
5.127121
5.087904
5.048125
5.006566
4.961613
4.911255
4.853082
4.784288
4.701671
4.601630
4.480166
4.332884
4.154991
3.941299
3.686218
3.383765
3.027559
2.610819
2.126369
1.566636
0.923648
0.189037
-0.645962
-1.590513
-2.654177
-3.846910
-5.179067
-6.661402
0.000000
0.000000

0.000000
0.000000
-6.901124
-5.227719
-3.724320
-2.379429
-1.181946
-0.121171
0.813203
1.631083
2.341980
2.955007
3.478879
3.921915
4.292037
4.596769
4.843236
5.038168
5.187898
5.298359
5.375090
5.423230
5.447522
5.452311
5.441546
5.418778
5.387160
5.349448
5.308001
5.264781
5.221351
5.178880
5.138137
5.099493
5.062925
5.028010
4.993928
4.959462
4.922999
4.882526
4.835636
4.779521
4.710979
4.626409
4.521813
4.392795
4.234563
4.041927
3.809300
3.530697
3.199736
2.809638
2.353227
1.822929
1.210772
0.508389
-0.292986
-1.202517
-2.229764
-3.384684
-4.677632
-6.119360
0.000000
0.000000

0.000000
-8.253424
-6.435881
-4.798975
-3.330810
-2.019889
-0.855114
0.174218
1.078413
1.867378
2.550624
3.137263
3.636012
4.055189
4.402715
4.686115
4.912514
5.088643
5.220832
5.315018
5.376736
5.411128
5.422936
5.416505
5.395784
5.364323
5.325276
5.281399
5.235051
5.188194
5.142392
5.098812
5.058223
5.020998
4.987113
4.956144
4.927272
4.899281
4.870556
4.839086
4.802461
4.757877
4.702129
4.631616
4.542342
4.429910
4.289527
4.116005
3.903755
3.646793
3.338737
2.972809
2.541831
2.038229
1.454034
0.780875
0.009988
-0.867790
-1.862020
-2.982660
-4.240064
-5.644984
-7.208571
0.000000

0.000000
-7.820910
-6.037114
-4.432822
-2.996140
-1.715572
-0.580017
0.421226
1.298464
2.061603
2.720154
3.283230
3.759548
4.157425
4.484782
4.749145
4.957638
5.116993
5.233540
5.313214
5.361553
5.383696
5.384387
5.367971
5.338396
5.299212
5.253575
5.204238
5.153562
5.103509
5.055642
5.011128
4.970737
4.934842
4.903417
4.876041
4.851893
4.829757
4.808018
4.784666
4.757292
4.723089
4.678853
4.620985
4.545486
4.447961
4.323617
4.167265
3.973316
3.735788
3.448296
3.104064
2.695913
2.216271
1.657165
1.010229
0.266695
-0.582599
-1.547212
-2.637104
-3.862629
-5.234539
-6.763983
0.000000

0.000000
-7.455552
-5.701485
-4.125925
-2.716975
-1.463140
-0.353319
0.623190
1.476691
2.217094
2.853907
3.396245
3.852822
4.231959
4.541575
4.789194
4.981945
5.126554
5.229356
5.296284
5.332875
5.344270
5.335212
5.310045
5.272719
5.226783
5.175392
5.121302
5.066871
5.014061
4.964437
4.919165
4.879016
4.844360
4.815175
4.791037
4.771126
4.754226
4.738723
4.722606
4.703464
4.678493
4.644489
4.597852
4.534582
4.450286
4.340170
4.199044
4.021321
3.801017
3.531750
3.206740
2.818811
2.360389
1.823504
1.199786
0.480471
-0.343606
-1.282004
-2.344680
-3.541991
-4.884688
-6.383920
0.000000

0.000000
-7.154409
-5.426057
-3.875343
-2.490374
-1.259653
-0.172080
0.783048
1.616035
2.336790
2.954822
3.479245
3.918775
4.281730
4.576032
4.809203
4.988372
5.120267
5.211220
5.267166
5.293643
5.295789
5.278349
5.245667
5.201692
5.149975
5.093668
5.035529
4.977916
4.922791
4.871718
4.825863
4.785998
4.752494
4.725325
4.704071
4.687911
4.675629
4.665609
4.655842
4.643918
4.627031
4.601977
4.565156
4.512570
4.439824
4.342124
4.214281
4.050709
3.845421
3.592036
3.283776
2.913463
2.473525
1.955989
1.352487
0.654254
-0.147873
-1.063455
-2.102449
-3.275211
-4.592492
-6.065442
0.000000

0.000000
-6.914941
-5.208286
-3.678536
-2.313797
-1.102570
-0.033758
0.903343
1.719038
2.423234
3.025442
3.534774
3.959948
4.309281
4.590695
4.811714
4.979463
5.100673
5.181675
5.228404
5.246398
5.240796
5.216341
5.177380
5.127858
5.071329
5.010945
4.949462
4.889240
4.832239
4.780025
4.733764
4.694226
4.661783
4.636410
4.617686
4.604790
4.596506
4.591219
4.586918
4.581194
4.571242
4.553857
4.525439
4.481991
4.419116
4.332022
4.215519
4.064020
3.871541
3.631699
3.337715
2.982413
2.558219
2.057162
1.470873
0.790588
0.007142
-0.889024
-1.907869
-3.059746
-4.355409
-5.806007
0.000000

0.000000
-6.735002
-5.046029
-3.533358
-2.185097
-0.989747
0.063791
0.986219
1.787842
2.478569
3.067910
3.564977
3.978486
4.316757
4.587710
4.798869
4.957362
5.069916
5.142864
5.182141
5.193285
5.181434
5.151333
5.107326
5.053362
4.992991
4.929366
4.865245
4.802987
4.744551
4.691504
4.645012
4.605844
4.574373
4.550575
4.534026
4.523907
4.519002
4.517696
4.517978
4.517438
4.513272
4.502275
4.480847
4.444989
4.390307
4.312008
4.204902
4.063401
3.881521
3.652881
3.370700
3.027804
2.616616
2.129168
1.557090
0.891616
0.123584
-0.756567
-1.758794
-2.893453
-4.171295
-5.603470
0.000000

0.000000
-6.612845
-4.937537
-3.438063
-2.102528
-0.919436
0.122314
1.033424
1.824198
2.504544
3.083974
3.571599
3.976136
4.305904
4.568823
4.772418
4.923815
5.029744
5.096536
5.130126
5.136051
5.119452
5.085071
5.037254
4.979949
4.916706
4.850680
4.784626
4.720904
4.661474
4.607902
4.561354
4.522600
4.492012
4.469566
4.454838
4.447010
4.444865
4.446788
4.450769
4.454397
4.454868
4.448978
4.433125
4.403313
4.355146
4.283830
4.184177
4.050598
3.877110
3.657331
3.384480
3.051383
2.650464
2.173754
1.612883
0.959086
0.203200
-0.664335
-1.653478
-2.774583
-4.038402
-5.456085
0.000000

0.000000
-6.547121
-4.881462
-3.391300
-2.064740
-0.890286
0.143162
1.046307
1.829453
2.502508
3.074984
3.555992
3.954249
4.278073
4.535385
4.733710
4.880174
4.981507
5.044039
5.073707
5.076046
5.056199
5.018906
4.968514
4.908971
4.843827
4.776236
4.708955
4.644342
4.584358
4.530569
4.484141
4.445843
4.416049
4.394733
4.381473
4.375449
4.375445
4.379846
4.386641
4.393421
4.397381
4.395316
4.383625
4.358312
4.314980
4.248838
4.154694
4.026962
3.859657
3.646398
3.380404
3.054501
2.661113
2.192270
1.639604
0.994348
0.247341
-0.610980
-1.590571
-2.701787
-3.955380
-5.362501
0.000000

0.000000
-6.536876
-4.876849
-3.392116
-2.070780
-0.901346
0.127287
1.025821
1.804561
2.473415
3.041892
3.519107
3.913776
4.234216
4.488349
4.683698
4.827391
4.926157
4.986327
5.013837
5.014224
4.992627
4.953790
4.902058
4.841379
4.775304
4.706987
4.639183
4.574252
4.514156
4.460457
4.414325
4.376527
4.347437
4.327030
4.314883
4.310176
4.311694
4.317822
4.326548
4.335463
4.341762
4.342241
4.333299
4.310939
4.270765
4.207983
4.117406
3.993445
3.830115
3.621035
3.359425
3.038110
2.649515
2.185670
1.638205
0.998355
0.256958
-0.595548
-1.569120
-2.674112
-3.921277
-5.321765
0.000000

0.000000
-6.581555
-4.923145
-3.439956
-2.120093
-0.952059
0.075245
0.972522
1.750077
2.417818
2.985255
3.461502
3.855273
4.174888
4.428268
4.622937
4.766021
4.864250
4.923956
4.951073
4.951139
4.929293
4.890279
4.838442
4.777731
4.711695
4.643488
4.575868
4.511192
4.451422
4.398123
4.352461
4.315206
4.286731
4.267011
4.255623
4.251748
4.254168
4.261271
4.271044
4.281078
4.288568
4.290309
4.282702
4.261749
4.223053
4.161823
4.072868
3.950602
3.789039
3.581797
3.322099
3.002766
2.616226
2.154507
1.609241
0.971662
0.232607
-0.617484
-1.588569
-2.691002
-3.935537
-5.333322
0.000000

0.000000
-6.680999
-5.020190
-3.534662
-2.212521
-1.042269
-0.012807
0.886568
1.666160
2.335877
2.905230
3.383332
3.778899
4.100249
4.355303
4.551585
4.696223
4.795945
4.857083
4.885572
4.886949
4.866355
4.828531
4.777824
4.718182
4.653156
4.585898
4.519166
4.455318
4.396315
4.343723
4.298708
4.262039
4.234090
4.214835
4.203852
4.200321
4.203025
4.210351
4.220287
4.230424
4.237955
4.239679
4.231993
4.210900
4.172005
4.110515
4.021239
3.898591
3.736587
3.528844
3.268583
2.948627
2.561404
2.098941
1.552871
0.914427
0.174447
-0.676630
-1.648761
-2.752301
-3.998002
-5.397015
0.000000

0.000000
-6.835450
-5.168225
-3.676474
-2.348302
-1.172213
-0.137107
0.767719
1.552570
2.227353
2.801578
3.284360
3.684414
4.010058
4.269213
4.469404
4.617757
4.721001
4.785469
4.817094
4.821415
4.803572
4.768307
4.719965
4.662495
4.599448
4.533977
4.468839
4.406391
4.348597
4.297020
4.252826
4.216787
4.189274
4.170262
4.159330
4.155656
4.158026
4.164824
4.174038
4.183261
4.189686
4.190110
4.180932
4.158154
4.117380
4.053819
3.962279
3.837175
3.672520
3.461934
3.198638
2.875454
2.484809
2.018732
1.468855
0.826411
0.082238
-0.773224
-1.749934
-2.858246
-4.108912
-5.513082
0.000000

0.000000
-7.045541
-5.367884
-3.866027
-2.528074
-1.342529
-0.298292
0.615340
1.408670
2.091608
2.673663
3.163949
3.571181
3.903678
4.169362
4.375756
4.529986
4.638783
4.708477
4.745004
4.753902
4.740309
4.708969
4.664228
4.610033
4.549936
4.487089
4.424249
4.363776
4.307629
4.257375
4.214180
4.178813
4.151647
4.132657
4.121421
4.117118
4.118534
4.124052
4.131662
4.138955
4.143124
4.140967
4.128883
4.102873
4.058543
3.991099
3.895352
3.765715
3.596202
3.380433
3.111628
2.782610
2.385805
1.913244
1.356556
0.706977
-0.044656
-0.907905
-1.892726
-3.009474
-4.268902
-5.682159
0.000000

0.000000
-7.312309
-5.620204
-4.104355
-2.752870
-1.554250
-0.497396
0.428395
1.233427
1.927609
2.520450
3.021064
3.438167
3.780078
4.054716
4.269607
4.431877
4.548256
4.625074
4.668268
4.683374
4.675532
4.649485
4.609579
4.559762
4.503584
4.444200
4.384364
4.326437
4.272380
4.223756
4.181734
4.147083
4.120175
4.100985
4.089090
4.083673
4.083515
4.087002
4.092123
4.096469
4.097234
4.091215
4.074811
4.044024
3.994458
3.921321
3.819424
3.683178
3.506599
3.283305
3.006518
2.669061
2.263359
1.781442
1.214942
0.555092
-0.207270
-1.081704
-2.078169
-3.207019
-4.479007
-5.905281
0.000000

0.000000
-7.637183
-5.926613
-4.392891
-3.024121
-1.808807
-0.735849
0.205455
1.025410
1.733925
2.340509
2.854276
3.283941
3.637824
3.923844
4.149527
4.321999
4.447989
4.533829
4.585454
4.608400
4.607809
4.588423
4.554588
4.510251
4.458963
4.403878
4.347752
4.292944
4.241416
4.194732
4.154059
4.120166
4.093426
4.073814
4.060908
4.053888
4.051538
4.052243
4.053991
4.054374
4.050586
4.039424
4.017286
3.980175
3.923696
3.843055
3.733063
3.588132
3.402279
3.169121
2.881878
2.533376
2.116039
1.621896
1.042580
0.369324
-0.407034
-1.296055
-2.307696
-3.452313
-4.740657
-6.183879
0.000000

0.000000
-8.021992
-6.288942
-4.733461
-3.343656
-2.108030
-1.015482
-0.055310
0.782790
1.508727
2.132011
2.661754
3.106674
3.475088
3.774918
4.013688
4.198523
4.336154
4.432913
4.494733
4.527153
4.535313
4.523955
4.497425
4.459670
4.414243
4.364295
4.312585
4.261469
4.212911
4.168473
4.129324
4.096233
4.069573
4.049317
4.035045
4.025937
4.020775
4.017946
4.015437
4.010841
4.001352
3.983765
3.954480
3.909499
3.844427
3.754471
3.634441
3.478751
3.281414
3.036050
2.735880
2.373726
1.942016
1.432777
0.837643
0.147846
-0.645777
-1.552784
-2.583135
-3.747183
-5.055682
-6.519781
0.000000

0.000000
0.000000
-6.709415
-5.128293
-3.713701
-2.454143
-1.338518
-0.356125
0.503341
1.249790
1.892730
2.441275
2.904141
3.289646
3.605712
3.859862
4.059224
4.210526
4.320100
4.393881
4.437407
4.455817
4.453855
4.435865
4.405796
4.367199
4.323227
4.276636
4.229786
4.184637
4.142755
4.105306
4.073060
4.046389
4.025268
4.009276
3.997592
3.989000
3.981885
3.974236
3.963645
3.947304
3.922011
3.884166
3.829769
3.754426
3.653344
3.521333
3.352807
3.141779
2.881869
2.566297
2.187887
1.739065
1.211860
0.597904
-0.111570
-0.925724
-1.854118
-2.906711
-4.093856
-5.426307
0.000000
0.000000

0.000000
0.000000
-7.190656
-5.580008
-4.136879
-2.849770
-1.707582
-0.699614
0.184441
0.954490
1.620043
2.190213
2.673717
3.078873
3.413602
3.685428
3.901478
4.068480
4.192767
4.280274
4.336538
4.366699
4.375499
4.367285
4.346004
4.315207
4.278048
4.237283
4.195271
4.153973
4.114954
4.079380
4.048022
4.021252
3.999044
3.980977
3.966231
3.953590
3.941438
3.927764
3.910161
3.885821
3.851541
3.803721
3.738363
3.651070
3.537051
3.391116
3.207677
2.980750
2.703953
2.370507
1.973235
1.504563
0.956521
0.320740
-0.411545
-1.249499
-2.202680
-3.281047
-4.494955
-5.855155
0.000000
0.000000

0.000000
0.000000
-7.735685
-6.091628
-4.616209
-3.297931
-2.125694
-1.088796
-0.176931
0.619807
1.310930
1.905550
2.412384
2.839750
3.195569
3.487365
3.722264
3.906997
4.047895
4.150892
4.221526
4.264937
4.285868
4.288665
4.277274
4.255248
4.225740
4.191506
4.154904
4.117897
4.082049
4.048527
4.018100
3.991141
3.967624
3.947129
3.928834
3.911524
3.893584
3.873002
3.847370
3.813882
3.769334
3.710126
3.632259
3.531338
3.402572
3.240768
3.040342
2.795307
2.499282
2.145488
1.726749
1.235490
0.663740
0.003132
-0.755101
-1.620122
-2.601490
-3.709164
-4.953499
-6.345246
0.000000
0.000000

0.000000
0.000000
0.000000
-6.666570
-5.155110
-3.802044
-2.596271
-1.527089
-0.584193
0.242324
0.961973
1.583868
2.116723
2.568858
2.948194
3.262255
3.518167
3.722659
3.882064
4.002317
4.088953
4.147115
4.181544
4.196586
4.196189
4.183904
4.162884
4.135886
4.105268
4.072993
4.040624
4.009328
3.979875
3.952638
3.927591
3.904313
3.881983
3.859385
3.834905
3.806531
3.771854
3.728069
3.671972
3.599961
3.508041
3.391814
3.246488
3.066873
2.847383
2.582032
2.264439
1.887824
1.445011
0.928427
0.330100
-0.358339
-1.145655
-2.041010
-3.053966
-4.194480
-5.472907
0.000000
0.000000
0.000000

0.000000
0.000000
0.000000
-7.308649
-5.757397
-4.365923
-3.123128
-2.018309
-1.041160
-0.181775
0.569358
1.221350
1.782920
2.262383
2.667663
3.006283
3.285369
3.511651
3.691461
3.830733
3.935005
4.009417
4.058712
4.087234
4.098933
4.097359
4.085666
4.066609
4.042548
4.015444
3.986862
3.957968
3.929533
3.901929
3.875130
3.848714
3.821863
3.793358
3.761586
3.724536
3.679799
3.624567
3.555639
3.469414
3.361893
3.228680
3.064985
2.865616
2.624986
2.337110
1.995608
1.593699
1.124208
0.579560
-0.048216
-0.767488
-1.587021
-2.515980
-3.563923
-4.740809
-6.056993
0.000000
0.000000
0.000000

0.000000
0.000000
0.000000
0.000000
-6.427282
-4.993782
-3.710478
-2.566667
-1.552044
-0.656702
0.128871
0.813786
1.406761
1.916113
2.349764
2.715237
3.019660
3.269761
3.471873
3.631930
3.755469
3.847631
3.913159
3.956397
3.981295
3.991402
3.989872
3.979462
3.962531
3.941039
3.916552
3.890236
3.862862
3.834800
3.806028
3.776121
3.744261
3.709231
3.669416
3.622806
3.566991
3.499165
3.416125
3.314270
3.189603
3.037727
2.853850
2.632783
2.368938
2.056330
1.688578
1.258902
0.760126
0.184676
-0.475418
-1.228526
-2.083413
-3.049242
-4.135573
-5.352365
0.000000
0.000000
0.000000
0.000000

0.000000
0.000000
0.000000
0.000000
-7.169375
-5.690230
-4.362930
-3.176773
-2.121454
-1.187066
-0.364097
0.356566
0.983638
1.525437
1.989886
2.384508
2.716429
2.992379
3.218690
3.401296
3.545736
3.657148
3.740276
3.799465
3.838663
3.861422
3.870894
3.869836
3.860607
3.845169
3.825085
3.801522
3.775251
3.746644
3.715675
3.681923
3.644568
3.602393
3.553784
3.496730
3.428821
3.347252
3.248819
3.129921
2.986561
2.814343
2.608475
2.363766
2.074629
1.735081
1.338738
0.878822
0.348156
-0.260833
-0.956117
-1.746064
-2.639439
-3.645407
-4.773526
-6.033755
0.000000
0.000000
0.000000
0.000000

0.000000
0.000000
0.000000
0.000000
0.000000
-6.460273
-5.085491
-3.853635
-2.754398
-1.777874
-0.914552
-0.155318
0.508543
1.085350
1.583023
2.009088
2.370669
2.674498
2.926905
3.133826
3.300798
3.432960
3.535056
3.611431
3.666033
3.702413
3.723725
3.732725
3.731771
3.722825
3.707452
3.686819
3.661694
3.632452
3.599066
3.561114
3.517777
3.467839
3.409684
3.341301
3.260282
3.163821
3.048713
2.911359
2.747761
2.553522
2.323851
2.053557
1.737054
1.368356
0.941082
0.448452
-0.116709
-0.761976
-1.495319
-2.325108
-3.260108
-4.309481
-5.482789
0.000000
0.000000
0.000000
0.000000
0.000000

0.000000
0.000000
0.000000
0.000000
0.000000
-7.309315
-5.883566
-4.602656
-3.456280
-2.434531
-1.527899
-0.727270
-0.023928
0.590445
1.123771
1.583573
1.976977
2.310714
2.591115
2.824115
3.015251
3.169663
3.292095
3.386891
3.457999
3.508971
3.542960
3.562722
3.570617
3.568605
3.558251
3.540722
3.516787
3.486820
3.450795
3.408290
3.358485
3.300163
3.231711
3.151116
3.055971
2.943468
2.810405
2.653181
2.467798
2.249860
1.994575
1.696753
1.350806
0.950751
0.490205
-0.037611
-0.639873
-1.324156
-2.098430
-2.971063
-3.950822
-5.046869
-6.268765
0.000000
0.000000
0.000000
0.000000
0.000000

0.000000
0.000000
0.000000
0.000000
0.000000
0.000000
-6.762955
-5.429637
-4.232901
-3.162838
-2.209939
-1.365090
-0.619575
0.034923
0.606328
1.102161
1.529551
1.895226
2.205517
2.466361
2.683294
2.861456
3.005591
3.120043
3.208760
3.275294
3.322798
3.354028
3.371344
3.376706
3.371679
3.357430
3.334728
3.303947
3.265061
3.217648
3.160888
3.093565
3.014064
2.920373
2.810085
2.680393
2.528093
2.349585
2.140871
1.897555
1.614845
1.287551
0.910086
0.476465
-0.019694
-0.585169
-1.227138
-1.953175
-2.771249
-3.689730
-4.717384
-5.863372
0.000000
0.000000
0.000000
0.000000
0.000000
0.000000

0.000000
0.000000
0.000000
0.000000
0.000000
0.000000
0.000000
-6.340779
-5.090460
-3.968995
-2.966872
-2.074979
-1.284599
-0.587415
0.024495
0.558655
1.022191
1.421834
1.763914
2.054366
2.298728
2.502141
2.669345
2.804688
2.912117
2.995183
3.057040
3.100444
3.127753
3.140929
3.141537
3.130744
3.109319
3.077635
3.035666
2.982991
2.918789
2.841845
2.750543
2.642873
2.516426
2.368395
2.195577
1.994372
1.760780
1.490409
1.178463
0.819754
0.408694
-0.060701
-0.594813
-1.200422
-1.884703
-2.655231
-3.519976
-4.487308
-5.565992
0.000000
0.000000
0.000000
0.000000
0.000000
0.000000
0.000000

0.000000
0.000000
0.000000
0.000000
0.000000
0.000000
0.000000
-7.342676
-6.035553
-4.859596
-3.805293
-2.863531
-2.025595
-1.283167
-0.628324
-0.053543
0.448303
0.883942
1.259708
1.581534
1.854957
2.085119
2.276762
2.434231
2.561474
2.662043
2.739090
2.795372
2.833248
2.854679
2.861231
2.854068
2.833963
2.801286
2.756013
2.697721
2.625592
2.538407
2.434554
2.312020
2.168397
2.000879
1.806262
1.580945
1.320931
1.021824
0.678832
0.286764
-0.159966
-0.667343
-1.241750
-1.889964
-2.619163
-3.436921
-4.351208
-5.370393
-6.503242
0.000000
0.000000
0.000000
0.000000
0.000000
0.000000
0.000000

0.000000
0.000000
0.000000
0.000000
0.000000
0.000000
0.000000
0.000000
-7.075174
-5.841636
-4.732196
-3.737741
-2.849557
-2.059324
-1.359122
-0.741425
-0.199109
0.274558
0.685906
1.040870
1.344988
1.603400
1.820848
2.001678
2.149838
2.268879
2.361954
2.431820
2.480836
2.510963
2.523765
2.520409
2.501666
2.467907
2.419108
2.354846
2.274302
2.176258
2.059102
1.920820
1.759005
1.570851
1.353153
1.102312
0.814329
0.484809
0.108959
-0.318411
-0.802887
-1.350455
-1.967496
-2.660790
-3.437513
-4.305238
-5.271937
-6.345979
0.000000
0.000000
0.000000
0.000000
0.000000
0.000000
0.000000
0.000000

0.000000
0.000000
0.000000
0.000000
0.000000
0.000000
0.000000
0.000000
0.000000
-6.922505
-5.754971
-4.705000
-3.763875
-2.923279
-2.175290
-1.512383
-0.927433
-0.413710
0.035117
0.424985
0.761429
1.049590
1.294211
1.499637
1.669817
1.808301
1.918242
2.002397
2.063125
2.102388
2.121749
2.122376
2.105038
2.070108
2.017561
1.946975
1.857529
1.748008
1.616796
1.461883
1.280860
1.070921
0.828861
0.551081
0.233583
-0.128029
-0.538548
-1.003163
-1.527461
-2.117428
-2.779445
-3.520291
-4.347142
-5.267574
-6.289555
0.000000
0.000000
0.000000
0.000000
0.000000
0.000000
0.000000
0.000000
0.000000

0.000000
0.000000
0.000000
0.000000
0.000000
0.000000
0.000000
0.000000
0.000000
0.000000
-6.881407
-5.773095
-4.776338
-3.882819
-3.084616
-2.374205
-1.744459
-1.188650
-0.700446
-0.273910
0.096493
0.415904
0.689065
0.920322
1.113624
1.272520
1.400166
1.499315
1.572329
1.621168
1.647396
1.652181
1.636292
1.600101
1.543585
1.466319
1.367486
1.245867
1.099849
0.927421
0.726173
0.493300
0.225598
-0.080534
-0.429094
-0.824477
-1.271475
-1.775279
-2.341475
-2.976049
-3.685382
-4.476254
-5.355840
-6.331715
0.000000
0.000000
0.000000
0.000000
0.000000
0.000000
0.000000
0.000000
0.000000
0.000000

0.000000
0.000000
0.000000
0.000000
0.000000
0.000000
0.000000
0.000000
0.000000
0.000000
0.000000
-6.950211
-5.895131
-4.946129
-4.095286
-3.335075
-2.658373
-2.058448
-1.528968
-1.064000
-0.658006
-0.305846
-0.002777
0.255547
0.473073
0.653353
0.799539
0.914389
1.000261
1.059116
1.092519
1.101638
1.087241
1.049700
0.988992
0.904694
0.795986
0.661651
0.500076
0.309248
0.086759
-0.170197
-0.464823
-0.800721
-1.181888
-1.612720
-2.098008
-2.642944
-3.253115
-3.934504
-4.693494
-5.536864
-6.471791
0.000000
0.000000
0.000000
0.000000
0.000000
0.000000
0.000000
0.000000
0.000000
0.000000
0.000000

0.000000
0.000000
0.000000
0.000000
0.000000
0.000000
0.000000
0.000000
0.000000
0.000000
0.000000
0.000000
-7.128836
-6.121793
-5.215881
-4.403578
-3.677755
-3.031685
-2.459034
-1.953869
-1.510651
-1.124241
-0.789897
-0.503272
-0.260418
-0.057785
0.107781
0.239035
0.338338
0.407651
0.448537
0.462164
0.449302
0.410323
0.345202
0.253516
0.134447
-0.013223
-0.191108
-0.401219
-0.645965
-0.928152
-1.250984
-1.618061
-2.033382
-2.501341
-3.026731
-3.614743
-4.270963
-5.001376
-5.812364
-6.710706
0.000000
0.000000
0.000000
0.000000
0.000000
0.000000
0.000000
0.000000
0.000000
0.000000
0.000000
0.000000

0.000000
0.000000
0.000000
0.000000
0.000000
0.000000
0.000000
0.000000
0.000000
0.000000
0.000000
0.000000
0.000000
0.000000
-6.455383
-5.588692
-4.811587
-4.117342
-3.499622
-2.952494
-2.470421
-2.048262
-1.681275
-1.365113
-1.095830
-0.869873
-0.684091
-0.535725
-0.422418
-0.342208
-0.293531
-0.275219
-0.286503
-0.327011
-0.396767
-0.496194
-0.626111
-0.787735
-0.982680
-1.212959
-1.480979
-1.789546
-2.141865
-2.541535
-2.992555
-3.499320
-4.066623
-4.699654
-5.403999
-6.185644
0.000000
0.000000
0.000000
0.000000
0.000000
0.000000
0.000000
0.000000
0.000000
0.000000
0.000000
0.000000
0.000000
0.000000

0.000000
0.000000
0.000000
0.000000
0.000000
0.000000
0.000000
0.000000
0.000000
0.000000
0.000000
0.000000
0.000000
0.000000
0.000000
-6.899794
-6.069246
-5.324796
-4.660110
-4.069255
-3.546694
-3.087286
-2.686288
-2.339355
-2.042539
-1.792289
-1.585452
-1.419271
-1.291387
-1.199839
-1.143062
-1.119890
-1.129553
-1.171678
-1.246291
-1.353813
-1.495065
-1.671262
-1.884020
-2.135349
-2.427659
-2.763756
-3.146842
-3.580519
-4.068785
-4.616035
-5.227061
-5.907054
-6.661601
0.000000
0.000000
0.000000
0.000000
0.000000
0.000000
0.000000
0.000000
0.000000
0.000000
0.000000
0.000000
0.000000
0.000000
0.000000

0.000000
0.000000
0.000000
0.000000
0.000000
0.000000
0.000000
0.000000
0.000000
0.000000
0.000000
0.000000
0.000000
0.000000
0.000000
0.000000
0.000000
-6.663821
-5.950273
-5.313926
-4.749244
-4.251087
-3.814711
-3.435772
-3.110321
-2.834807
-2.606077
-2.421375
-2.278341
-2.175015
-2.109831
-2.081624
-2.089622
-2.133454
-2.213145
-2.329117
-2.482190
-2.673580
-2.904901
-3.178165
-3.495782
-3.860556
-4.275692
-4.744789
-5.271847
-5.861260
-6.517821
0.000000
0.000000
0.000000
0.000000
0.000000
0.000000
0.000000
0.000000
0.000000
0.000000
0.000000
0.000000
0.000000
0.000000
0.000000
0.000000
0.000000

0.000000
0.000000
0.000000
0.000000
0.000000
0.000000
0.000000
0.000000
0.000000
0.000000
0.000000
0.000000
0.000000
0.000000
0.000000
0.000000
0.000000
0.000000
0.000000
-6.696679
-6.088244
-5.549837
-5.076716
-4.664535
-4.309346
-4.007599
-3.756139
-3.552210
-3.393454
-3.277909
-3.204010
-3.170591
-3.176882
-3.222510
-3.307501
-3.432277
-3.597657
-3.804859
-4.055495
-4.351579
-4.695518
-5.090119
-5.538584
-6.044516
-6.611912
0.000000
0.000000
0.000000
0.000000
0.000000
0.000000
0.000000
0.000000
0.000000
0.000000
0.000000
0.000000
0.000000
0.000000
0.000000
0.000000
0.000000
0.000000
0.000000

0.000000
0.000000
0.000000
0.000000
0.000000
0.000000
0.000000
0.000000
0.000000
0.000000
0.000000
0.000000
0.000000
0.000000
0.000000
0.000000
0.000000
0.000000
0.000000
0.000000
0.000000
-6.994106
-6.482872
-6.036215
-5.650186
-5.321234
-5.046206
-4.822345
-4.647294
-4.519089
-4.436167
-4.397362
-4.401902
-4.449416
-4.539929
-4.673863
-4.852037
-5.075669
-5.346372
-5.666159
-6.037437
-6.463013
-6.946090
0.000000
0.000000
0.000000
0.000000
0.000000
0.000000
0.000000
0.000000
0.000000
0.000000
0.000000
0.000000
0.000000
0.000000
0.000000
0.000000
0.000000
0.000000
0.000000
0.000000
0.000000

0.000000
0.000000
0.000000
0.000000
0.000000
0.000000
0.000000
0.000000
0.000000
0.000000
0.000000
0.000000
0.000000
0.000000
0.000000
0.000000
0.000000
0.000000
0.000000
0.000000
0.000000
0.000000
0.000000
0.000000
-7.143805
-6.786679
-6.487245
-6.242747
-6.050827
-5.909523
-5.817270
-5.772902
-5.775649
-5.825138
-5.921394
-6.064840
-6.256295
-6.496977
-6.788498
-7.132871
0.000000
0.000000
0.000000
0.000000
0.000000
0.000000
0.000000
0.000000
0.000000
0.000000
0.000000
0.000000
0.000000
0.000000
0.000000
0.000000
0.000000
0.000000
0.000000
0.000000
0.000000
0.000000
0.000000
0.000000

0.000000
0.000000
0.000000
0.000000
0.000000
0.000000
0.000000
0.000000
0.000000
0.000000
0.000000
0.000000
0.000000
0.000000
0.000000
0.000000
0.000000
0.000000
0.000000
0.000000
0.000000
0.000000
0.000000
0.000000
0.000000
0.000000
0.000000
0.000000
0.000000
0.000000
0.000000
0.000000
0.000000
0.000000
0.000000
0.000000
0.000000
0.000000
0.000000
0.000000
0.000000
0.000000
0.000000
0.000000
0.000000
0.000000
0.000000
0.000000
0.000000
0.000000
0.000000
0.000000
0.000000
0.000000
0.000000
0.000000
0.000000
0.000000
0.000000
0.000000
0.000000
0.000000
0.000000
0.000000

