0.000000
0.000000
0.000000
0.000000
0.000000
0.000000
0.000000
0.000000
0.000000
0.000000
0.000000
0.000000
0.000000
0.000000
0.000000
0.000000
0.000000
0.000000
0.000000
0.000000
0.000000
0.000000
0.000000
0.000000
0.000000
0.000000
0.000000
0.000000
0.000000
0.000000
0.000000
0.000000
0.000000
0.000000
0.000000
0.000000
0.000000
0.000000
0.000000
0.000000
0.000000
0.000000
0.000000
0.000000
0.000000
0.000000
0.000000
0.000000
0.000000
0.000000
0.000000
0.000000
0.000000
0.000000
0.000000
0.000000
0.000000
0.000000
0.000000
0.000000
0.000000
0.000000
0.000000
0.000000

0.000000
0.000000
0.000000
0.000000
0.000000
0.000000
0.000000
0.000000
0.000000
0.000000
0.000000
0.000000
0.000000
0.000000
0.000000
0.000000
0.000000
0.000000
0.000000
0.000000
0.000000
0.000000
0.000000
0.000000
7.105332
6.529313
6.039366
5.633082
5.308399
5.063604
4.897329
4.808555
4.796608
4.861164
5.002243
5.220213
5.515792
5.890041
6.344371
6.880538
0.000000
0.000000
0.000000
0.000000
0.000000
0.000000
0.000000
0.000000
0.000000
0.000000
0.000000
0.000000
0.000000
0.000000
0.000000
0.000000
0.000000
0.000000
0.000000
0.000000
0.000000
0.000000
0.000000
0.000000

0.000000
0.000000
0.000000
0.000000
0.000000
0.000000
0.000000
0.000000
0.000000
0.000000
0.000000
0.000000
0.000000
0.000000
0.000000
0.000000
0.000000
0.000000
0.000000
0.000000
0.000000
7.367961
6.560818
5.844746
5.216295
4.672361
4.210190
3.827372
3.521847
3.291901
3.136166
3.053622
3.043596
3.105764
3.240146
3.447111
3.727374
4.081999
4.512395
5.020319
5.607876
6.277517
7.032041
0.000000
0.000000
0.000000
0.000000
0.000000
0.000000
0.000000
0.000000
0.000000
0.000000
0.000000
0.000000
0.000000
0.000000
0.000000
0.000000
0.000000
0.000000
0.000000
0.000000
0.000000

0.000000
0.000000
0.000000
0.000000
0.000000
0.000000
0.000000
0.000000
0.000000
0.000000
0.000000
0.000000
0.000000
0.000000
0.000000
0.000000
0.000000
0.000000
0.000000
7.351664
6.402854
5.548862
4.785544
4.109103
3.516089
3.003400
2.568279
2.208319
1.921458
1.705982
1.560524
1.484063
1.475928
1.535793
1.663678
1.859952
2.125332
2.460880
2.868005
3.348466
3.904365
4.538156
5.252635
6.050949
6.936590
0.000000
0.000000
0.000000
0.000000
0.000000
0.000000
0.000000
0.000000
0.000000
0.000000
0.000000
0.000000
0.000000
0.000000
0.000000
0.000000
0.000000
0.000000
0.000000

0.000000
0.000000
0.000000
0.000000
0.000000
0.000000
0.000000
0.000000
0.000000
0.000000
0.000000
0.000000
0.000000
0.000000
0.000000
0.000000
0.000000
7.702168
6.608848
5.615598
4.717580
3.910302
3.189620
2.551738
1.993205
1.510918
1.102123
0.764411
0.495720
0.294336
0.158892
0.088369
0.082093
0.139738
0.261327
0.447228
0.698155
1.015173
1.399692
1.853467
2.378604
2.977554
3.653115
4.408433
5.247001
6.172658
7.189592
0.000000
0.000000
0.000000
0.000000
0.000000
0.000000
0.000000
0.000000
0.000000
0.000000
0.000000
0.000000
0.000000
0.000000
0.000000
0.000000
0.000000

0.000000
0.000000
0.000000
0.000000
0.000000
0.000000
0.000000
0.000000
0.000000
0.000000
0.000000
0.000000
0.000000
0.000000
0.000000
8.409029
7.164886
6.027569
4.991546
4.051630
3.202984
2.441116
1.761883
1.161486
0.636478
0.183753
-0.199442
-0.515516
-0.766531
-0.954201
-1.079892
-1.144626
-1.149074
-1.093562
-0.978070
-0.802227
-0.565319
-0.266283
0.096291
0.524160
1.019429
1.584549
2.222318
2.935882
3.728733
4.604712
5.568005
6.623147
7.775019
0.000000
0.000000
0.000000
0.000000
0.000000
0.000000
0.000000
0.000000
0.000000
0.000000
0.000000
0.000000
0.000000
0.000000
0.000000

0.000000
0.000000
0.000000
0.000000
0.000000
0.000000
0.000000
0.000000
0.000000
0.000000
0.000000
0.000000
0.000000
0.000000
8.065733
6.776069
5.595264
4.517439
3.537061
2.648944
1.848250
1.130489
0.491515
-0.072467
-0.564909
-0.988912
-1.347232
-1.642278
-1.876111
-2.050445
-2.166647
-2.225737
-2.228388
-2.174926
-2.065329
-1.899228
-1.675909
-1.394308
-1.053014
-0.650272
-0.183977
0.348323
0.949426
1.622478
2.370970
3.198744
4.109986
5.109230
6.201358
7.391597
0.000000
0.000000
0.000000
0.000000
0.000000
0.000000
0.000000
0.000000
0.000000
0.000000
0.000000
0.000000
0.000000
0.000000

0.000000
0.000000
0.000000
0.000000
0.000000
0.000000
0.000000
0.000000
0.000000
0.000000
0.000000
0.000000
9.314832
7.861068
6.525235
5.300756
4.181407
3.161307
2.234923
1.397070
0.642909
-0.032050
-0.631952
-1.160593
-1.621424
-2.017547
-2.351718
-2.626345
-2.843489
-3.004865
-3.111840
-3.165434
-3.166319
-3.114822
-3.010920
-2.854246
-2.644083
-2.379369
-2.058693
-1.680299
-1.242083
-0.741592
-0.176029
0.457751
1.163243
1.944284
2.805064
3.750115
4.784319
5.912904
7.141445
8.475866
0.000000
0.000000
0.000000
0.000000
0.000000
0.000000
0.000000
0.000000
0.000000
0.000000
0.000000
0.000000

0.000000
0.000000
0.000000
0.000000
0.000000
0.000000
0.000000
0.000000
0.000000
0.000000
0.000000
9.291218
7.786636
6.403291
5.134260
3.972969
2.913193
1.949051
1.075010
0.285885
-0.423162
-1.056622
-1.618640
-2.113013
-2.543190
-2.912274
-3.223021
-3.477838
-3.678788
-3.827585
-3.925596
-3.973840
-3.972990
-3.923373
-3.824966
-3.677402
-3.479963
-3.231589
-2.930868
-2.576043
-2.165011
-1.695320
-1.164171
-0.568420
0.095428
0.831211
1.643117
2.535679
3.513780
4.582646
5.747855
7.015328
8.391335
0.000000
0.000000
0.000000
0.000000
0.000000
0.000000
0.000000
0.000000
0.000000
0.000000
0.000000

0.000000
0.000000
0.000000
0.000000
0.000000
0.000000
0.000000
0.000000
0.000000
0.000000
9.393325
7.835426
6.402532
5.087375
3.883033
2.782932
1.780846
0.870895
0.047547
-0.694385
-1.359738
-1.953004
-2.478326
-2.939502
-3.339982
-3.682868
-3.970916
-4.206534
-4.391784
-4.528380
-4.617688
-4.660729
-4.658176
-4.610354
-4.517242
-4.378471
-4.193326
-3.960743
-3.679314
-3.347280
-2.962537
-2.522635
-2.024775
-1.465810
-0.842249
-0.150252
0.614369
1.456148
2.379965
3.391049
4.494976
5.697669
7.005396
8.424775
0.000000
0.000000
0.000000
0.000000
0.000000
0.000000
0.000000
0.000000
0.000000
0.000000

0.000000
0.000000
0.000000
0.000000
0.000000
0.000000
0.000000
0.000000
0.000000
9.616227
8.001817
6.516643
5.153091
3.903892
2.762126
1.721217
0.774939
-0.082587
-0.856894
-1.553168
-2.176247
-2.730622
-3.220437
-3.649490
-4.021229
-4.338758
-4.604832
-4.821861
-4.991904
-5.116676
-5.197545
-5.235530
-5.231304
-5.185193
-5.097175
-4.966882
-4.793598
-4.576261
-4.313459
-4.003437
-3.644090
-3.232966
-2.767267
-2.243848
-1.659216
-1.009531
-0.290606
0.502093
1.373447
2.328685
3.373382
4.513461
5.755192
7.105190
8.570421
0.000000
0.000000
0.000000
0.000000
0.000000
0.000000
0.000000
0.000000
0.000000

0.000000
0.000000
0.000000
0.000000
0.000000
0.000000
0.000000
0.000000
9.956384
8.281575
6.740697
5.325788
4.029233
2.843763
1.762458
0.778742
-0.113610
-0.920478
-1.647395
-2.299546
-2.881770
-3.398558
-3.854054
-4.252055
-4.596011
-4.889024
-5.133850
-5.332898
-5.488229
-5.601556
-5.674248
-5.707324
-5.701456
-5.656971
-5.573848
-5.451716
-5.289862
-5.087221
-4.842385
-4.553595
-4.218748
-3.835393
-3.400731
-2.911615
-2.364555
-1.755709
-1.080891
-0.335567
0.485145
1.386472
2.373991
3.453624
4.631641
5.914658
7.309640
8.823898
0.000000
0.000000
0.000000
0.000000
0.000000
0.000000
0.000000
0.000000

0.000000
0.000000
0.000000
0.000000
0.000000
0.000000
0.000000
10.411647
8.671856
7.071155
5.601232
4.254127
3.022223
1.898253
0.875295
-0.053225
-0.893534
-1.651511
-2.332688
-2.942253
-3.485042
-3.965546
-4.387911
-4.755933
-5.073062
-5.342400
-5.566704
-5.748381
-5.889493
-5.991754
-6.056531
-6.084844
-6.077366
-6.034423
-5.955992
-5.841707
-5.690850
-5.502359
-5.274825
-5.006489
-4.695248
-4.338650
-3.933898
-3.477845
-2.966999
-2.397519
-1.765219
-1.065565
-0.293676
0.555677
1.488070
2.509424
3.626011
4.844445
6.171693
7.615063
9.182216
0.000000
0.000000
0.000000
0.000000
0.000000
0.000000
0.000000

0.000000
0.000000
0.000000
0.000000
0.000000
0.000000
0.000000
9.171204
7.505865
5.976579
4.575036
3.293273
2.123676
1.058975
0.092251
-0.783072
-1.573220
-2.284072
-2.921162
-3.489674
-3.994447
-4.439973
-4.830395
-5.169511
-5.460769
-5.707274
-5.911780
-6.076695
-6.204083
-6.295655
-6.352780
-6.376477
-6.367420
-6.325934
-6.251997
-6.145241
-6.004950
-5.830061
-5.619165
-5.370504
-5.081975
-4.751125
-4.375156
-3.950924
-3.474934
-2.943347
-2.351977
-1.696289
-0.971402
-0.172087
0.707231
1.672475
2.729913
3.886164
5.148191
6.523306
8.019166
0.000000
0.000000
0.000000
0.000000
0.000000
0.000000
0.000000

0.000000
0.000000
0.000000
0.000000
0.000000
0.000000
9.779551
8.044067
6.450372
4.989808
3.654067
2.435186
1.325550
0.317890
-0.594715
-1.418838
-2.160707
-2.826202
-3.420854
-3.949850
-4.418027
-4.829878
-5.189545
-5.500826
-5.767172
-5.991683
-6.177117
-6.325881
-6.440038
-6.521300
-6.571035
-6.590264
-6.579658
-6.539544
-6.469900
-6.370357
-6.240200
-6.078367
-5.883446
-5.653681
-5.386968
-5.080856
-4.732546
-4.338891
-3.896401
-3.401234
-2.849204
-2.235777
-1.556072
-0.804859
0.023436
0.934735
1.935310
3.031776
4.231097
5.540586
6.967899
8.521042
0.000000
0.000000
0.000000
0.000000
0.000000
0.000000

0.000000
0.000000
0.000000
0.000000
0.000000
10.498218
8.686387
7.022543
5.497683
4.103150
2.830635
1.672175
0.620154
-0.332695
-1.193294
-1.968216
-2.663689
-3.285592
-3.839459
-4.330473
-4.763474
-5.142953
-5.473054
-5.757574
-5.999962
-6.203322
-6.370409
-6.503631
-6.605050
-6.676381
-6.718989
-6.733895
-6.721772
-6.682945
-6.617394
-6.524749
-6.404295
-6.254968
-6.075360
-5.863712
-5.617922
-5.335536
-5.013758
-4.649440
-4.239092
-3.778872
-3.264594
-2.691723
-2.055379
-1.350333
-0.571009
0.288514
1.234507
2.273587
3.412718
4.659210
6.020722
7.505260
9.121175
0.000000
0.000000
0.000000
0.000000
0.000000

0.000000
0.000000
0.000000
0.000000
0.000000
9.434840
7.694414
6.099287
4.640455
3.309260
2.097394
0.996893
0.000143
-0.900125
-1.710831
-2.438551
-3.089510
-3.669589
-4.184320
-4.638888
-5.038133
-5.386544
-5.688267
-5.947097
-6.166486
-6.349535
-6.499000
-6.617290
-6.706466
-6.768243
-6.803986
-6.814717
-6.801108
-6.763484
-6.701825
-6.615761
-6.504578
-6.367211
-6.202252
-6.007943
-5.782179
-5.522511
-5.226138
-4.889916
-4.510352
-4.083605
-3.605490
-3.071471
-2.476668
-1.815853
-1.083449
-0.273534
0.620161
1.604253
2.685707
3.871834
5.170291
6.589085
8.136567
0.000000
0.000000
0.000000
0.000000
0.000000

0.000000
0.000000
0.000000
0.000000
10.292830
8.468695
6.796635
5.267301
3.871688
2.601139
1.447345
0.402343
-0.541482
-1.391398
-2.154326
-2.836841
-3.445169
-3.985190
-4.462437
-4.882095
-5.249002
-5.567649
-5.842181
-6.076395
-6.273741
-6.437320
-6.569889
-6.673857
-6.751284
-6.803884
-6.833026
-6.839728
-6.824663
-6.788158
-6.730191
-6.650393
-6.548048
-6.422094
-6.271120
-6.093370
-5.886740
-5.648778
-5.376685
-5.067316
-4.717179
-4.322433
-3.878892
-3.382020
-2.826939
-2.208417
-1.520882
-0.758408
0.085272
1.016776
2.043068
3.171459
4.409607
5.765518
7.247544
8.864385
0.000000
0.000000
0.000000
0.000000

0.000000
0.000000
0.000000
0.000000
9.349482
7.593131
5.986399
4.519933
3.184731
1.972136
0.873837
-0.118126
-1.011371
-1.813165
-2.530429
-3.169737
-3.737317
-4.239047
-4.680460
-5.066742
-5.402732
-5.692919
-5.941450
-6.152119
-6.328378
-6.473329
-6.589727
-6.679982
-6.746153
-6.789957
-6.812758
-6.815578
-6.799090
-6.763619
-6.709143
-6.635294
-6.541356
-6.426267
-6.288616
-6.126647
-5.938255
-5.720988
-5.472050
-5.188293
-4.866225
-4.502006
-4.091450
-3.630021
-3.112840
-2.534678
-1.889958
-1.172759
-0.376811
0.504504
1.478148
2.551434
3.732019
5.027910
6.447457
7.999362
0.000000
0.000000
0.000000
0.000000

0.000000
0.000000
0.000000
10.342263
8.493567
6.801846
5.257401
3.850880
2.573281
1.415947
0.370568
-0.570819
-1.415829
-2.171731
-2.845444
-3.443544
-3.972257
-4.437462
-4.844694
-5.199136
-5.505627
-5.768659
-5.992375
-6.180573
-6.336702
-6.463865
-6.564818
-6.641969
-6.697379
-6.732763
-6.749488
-6.748573
-6.730691
-6.696169
-6.644984
-6.576769
-6.490806
-6.386034
-6.261043
-6.114076
-5.943027
-5.745447
-5.518536
-5.259149
-4.963793
-4.628628
-4.249468
-3.821778
-3.340677
-2.800937
-2.196982
-1.522890
-0.772390
0.061133
0.984645
2.005456
3.131224
4.369955
5.730001
7.220062
8.849185
0.000000
0.000000
0.000000

0.000000
0.000000
0.000000
9.504124
7.719129
6.088882
4.603684
3.254185
2.031381
0.926616
-0.068422
-0.961693
-1.760813
-2.473051
-3.105328
-3.664217
-4.155946
-4.586394
-4.961094
-5.285231
-5.563644
-5.800824
-6.000915
-6.167713
-6.304669
-6.414886
-6.501119
-6.565776
-6.610918
-6.638261
-6.649171
-6.644668
-6.625424
-6.591767
-6.543673
-6.480774
-6.402355
-6.307353
-6.194359
-6.061614
-5.907014
-5.728109
-5.522100
-5.285841
-5.015840
-4.708257
-4.358904
-3.963248
-3.516407
-3.013153
-2.447911
-1.814758
-1.107424
-0.319292
0.556601
1.527567
2.601264
3.785697
5.089219
6.520530
8.088676
0.000000
0.000000
0.000000

0.000000
0.000000
10.632371
8.745123
7.020557
5.448629
4.019639
2.724238
1.553421
0.498532
-0.448740
-1.296356
-2.051932
-2.722737
-3.315690
-3.837368
-4.293995
-4.691452
-5.035272
-5.330639
-5.582393
-5.795025
-5.972678
-6.119149
-6.237889
-6.332000
-6.404238
-6.457011
-6.492380
-6.512060
-6.517418
-6.509473
-6.488899
-6.456021
-6.410817
-6.352920
-6.281613
-6.195834
-6.094172
-5.974871
-5.835826
-5.674586
-5.488353
-5.273981
-5.027976
-4.746501
-4.425366
-4.060039
-3.645639
-3.176935
-2.648354
-2.053973
-1.387522
-0.642383
0.188406
1.112157
2.136529
3.269527
4.519503
5.895156
7.405534
9.060031
0.000000
0.000000

0.000000
0.000000
9.888091
8.059996
6.392589
4.875825
3.500004
2.255777
1.134139
0.126433
-0.775649
-1.580072
-2.294449
-2.926049
-3.481794
-3.968257
-4.391665
-4.757898
-5.072489
-5.340622
-5.567137
-5.756524
-5.912927
-6.040144
-6.141625
-6.220472
-6.279440
-6.320938
-6.347028
-6.359423
-6.359491
-6.348251
-6.326377
-6.294194
-6.251681
-6.198469
-6.133842
-6.056737
-5.965746
-5.859109
-5.734724
-5.590139
-5.422556
-5.228828
-5.005464
-4.748623
-4.454118
-4.117416
-3.733635
-3.297546
-2.803575
-2.245798
-1.617946
-0.913402
-0.125202
0.753965
1.731758
2.816181
4.015588
5.338677
6.794497
8.392439
0.000000
0.000000

0.000000
0.000000
9.216157
7.443830
5.830311
4.365554
3.039863
1.843886
0.768619
-0.194596
-1.054066
-1.817755
-2.493279
-3.087905
-3.608554
-4.061801
-4.453873
-4.790648
-5.077660
-5.320095
-5.522789
-5.690236
-5.826578
-5.935614
-6.020791
-6.085215
-6.131638
-6.162472
-6.179776
-6.185264
-6.180305
-6.165918
-6.142775
-6.111202
-6.071179
-6.022336
-5.963957
-5.894980
-5.813995
-5.719245
-5.608625
-5.479685
-5.329625
-5.155301
-4.953219
-4.719539
-4.450075
-4.140293
-3.785311
-3.379901
-2.918487
-2.395147
-1.803612
-1.137263
-0.389138
0.448075
1.382034
2.420745
3.572560
4.846178
6.250647
7.795360
0.000000
0.000000

0.000000
10.499385
8.612001
6.892054
5.329152
3.913249
2.634648
1.483997
0.452292
-0.469123
-1.288558
-2.013975
-2.652990
-3.212871
-3.700539
-4.122568
-4.485185
-4.794270
-5.055355
-5.273626
-5.453920
-5.600730
-5.718200
-5.810125
-5.879957
-5.930798
-5.965403
-5.986181
-5.995193
-5.994153
-5.984429
-5.967041
-5.942660
-5.911614
-5.873879
-5.829089
-5.776527
-5.715130
-5.643489
-5.559846
-5.462097
-5.347791
-5.214129
-5.057966
-4.875808
-4.663817
-4.417805
-4.133239
-3.805236
-3.428568
-2.997661
-2.506590
-1.949088
-1.318536
-0.607971
0.189918
1.082790
2.078650
3.185850
4.413091
5.769418
7.264226
8.907256
0.000000

0.000000
9.908145
8.071403
6.400449
4.884893
3.514688
2.280137
1.171888
0.180938
-0.701370
-1.483346
-2.172952
-2.777804
-3.305170
-3.761970
-4.154780
-4.489825
-4.772985
-5.009794
-5.205436
-5.364750
-5.492228
-5.592012
-5.667901
-5.723343
-5.761442
-5.784954
-5.796286
-5.797500
-5.790311
-5.776084
-5.755841
-5.730254
-5.699649
-5.664004
-5.622951
-5.575773
-5.521409
-5.458448
-5.385133
-5.299360
-5.198678
-5.080288
-4.941044
-4.777455
-4.585679
-4.361530
-4.100474
-3.797630
-3.447769
-3.045316
-2.584348
-2.058595
-1.461441
-0.785922
-0.024726
0.829804
1.785675
2.851238
4.035194
5.346588
6.794816
8.389617
0.000000

0.000000
9.380090
7.590486
5.965140
4.493659
3.165997
1.972456
0.903686
-0.049317
-0.895211
-1.642305
-2.298561
-2.871595
-3.368675
-3.796721
-4.162309
-4.471665
-4.730668
-4.944852
-5.119401
-5.259154
-5.368602
-5.451890
-5.512814
-5.554824
-5.581023
-5.594166
-5.596662
-5.590572
-5.577611
-5.559145
-5.536194
-5.509431
-5.479183
-5.445426
-5.407794
-5.365569
-5.317690
-5.262747
-5.198981
-5.124290
-5.036221
-4.931977
-4.808411
-4.662031
-4.488997
-4.285123
-4.045873
-3.766367
-3.441377
-3.065327
-2.632293
-2.136008
-1.569853
-0.926865
-0.199733
0.619202
1.537945
2.564849
3.708613
4.978283
6.383255
7.933268
0.000000

0.000000
8.911693
7.165726
5.582600
4.151923
2.863649
1.708080
0.675864
-0.242001
-1.054173
-1.768961
-2.394328
-2.937889
-3.406913
-3.808319
-4.148684
-4.434232
-4.670845
-4.864054
-5.019045
-5.140657
-5.233381
-5.301360
-5.348391
-5.377926
-5.393065
-5.396566
-5.390835
-5.377935
-5.359580
-5.337137
-5.311625
-5.283718
-5.253741
-5.221673
-5.187146
-5.149443
-5.107501
-5.059912
-5.004917
-4.940412
-4.863947
-4.772722
-4.663592
-4.533065
-4.377300
-4.192111
-3.972963
-3.714975
-3.412920
-3.061220
-2.653955
-2.184853
-1.647299
-1.034327
-0.338628
0.447458
1.331935
2.323156
3.429821
4.660977
6.026016
7.534682
0.000000

0.000000
8.499774
6.793942
5.249650
3.856506
2.604464
1.483826
0.485242
-0.400293
-1.181435
-1.866495
-2.463433
-2.979867
-3.423064
-3.799944
-4.117083
-4.380707
-4.596696
-4.770582
-4.907551
-5.012441
-5.089743
-5.143601
-5.177814
-5.195829
-5.200750
-5.195333
-5.181985
-5.162769
-5.139399
-5.113241
-5.085315
-5.056295
-5.026505
-4.995925
-4.964186
-4.930573
-4.894021
-4.853123
-4.806119
-4.750907
-4.685034
-4.605703
-4.509768
-4.393736
-4.253767
-4.085674
-3.884924
-3.646634
-3.365577
-3.036177
-2.652511
-2.208310
-1.696957
-1.111488
-0.444591
0.311391
1.164463
2.122980
3.195639
4.391488
5.719921
7.190678
0.000000

0.000000
8.141501
6.472301
4.963456
3.604574
2.385610
1.296864
0.328987
-0.527026
-1.279831
-1.937738
-2.508709
-3.000361
-3.419960
-3.774429
-4.070340
-4.313922
-4.511054
-4.667267
-4.787749
-4.877337
-4.940522
-4.981448
-5.003913
-5.011366
-5.006910
-4.993300
-4.972945
-4.947907
-4.919899
-4.890289
-4.860096
-4.829993
-4.800306
-4.771014
-4.741748
-4.711792
-4.680083
-4.645212
-4.605422
-4.558607
-4.502317
-4.433754
-4.349771
-4.246877
-4.121230
-3.968645
-3.784587
-3.564175
-3.302181
-2.993028
-2.630795
-2.209212
-1.721662
-1.161180
-0.520456
0.208168
1.032698
1.961487
3.003234
4.166985
5.462136
6.898425
0.000000

0.000000
7.834388
6.198318
4.721534
3.393643
2.204600
1.144708
0.204614
-0.624685
-1.351845
-1.985177
-2.532642
-3.001856
-3.400088
-3.734258
-4.010941
-4.236363
-4.416404
-4.556596
-4.662126
-4.737831
-4.788202
-4.817385
-4.829175
-4.827022
-4.814030
-4.792953
-4.766201
-4.735834
-4.703567
-4.670767
-4.638453
-4.607300
-4.577631
-4.549426
-4.522317
-4.495586
-4.468173
-4.438666
-4.405309
-4.365998
-4.318281
-4.259359
-4.186087
-4.094973
-3.982176
-3.843510
-3.674440
-3.470085
-3.225217
-2.934261
-2.591293
-2.190044
-1.723898
-1.185889
-0.568708
0.135305
0.934154
1.836193
2.850120
3.984983
5.250175
6.655437
0.000000

0.000000
7.576297
5.969854
4.521744
3.221574
2.059298
1.025218
0.109984
-0.695408
-1.399616
-2.010949
-2.537369
-2.986492
-3.365585
-3.681571
-3.941023
-4.150167
-4.314884
-4.440706
-4.532819
-4.596061
-4.634923
-4.653550
-4.655737
-4.644936
-4.624249
-4.596430
-4.563890
-4.528689
-4.492541
-4.456813
-4.422526
-4.390352
-4.360617
-4.333299
-4.308030
-4.284094
-4.260429
-4.235623
-4.207921
-4.175218
-4.135063
-4.084657
-4.020854
-3.940163
-3.838742
-3.712406
-3.556619
-3.366502
-3.136825
-2.862012
-2.536142
-2.152945
-1.705803
-1.187753
-0.591484
0.090663
0.866693
1.744959
2.734159
3.843342
5.081900
6.459576
0.000000

0.000000
7.365436
5.785119
4.362296
3.086575
1.947911
0.936605
0.043306
-0.740988
-1.424936
-2.016847
-2.524682
-2.956059
-3.318244
-3.618158
-3.862377
-4.057127
-4.208287
-4.321390
-4.401621
-4.453820
-4.482476
-4.491735
-4.485392
-4.466899
-4.439358
-4.405523
-4.367804
-4.328263
-4.288612
-4.250220
-4.214105
-4.180942
-4.151056
-4.124425
-4.100680
-4.079107
-4.058641
-4.037874
-4.015048
-3.988059
-3.954455
-3.911439
-3.855864
-3.784237
-3.692720
-3.577125
-3.432917
-3.255217
-3.038794
-2.778074
-2.467135
-2.099706
-1.669170
-1.168564
-0.590577
0.072450
0.828523
1.685993
2.653560
3.740272
4.955521
6.309049
0.000000

0.000000
7.200362
5.642668
4.241745
2.987203
1.868995
0.877423
0.003136
-0.762868
-1.429249
-2.004313
-2.496026
-2.912001
-3.259507
-3.545465
-3.776449
-3.958686
-4.098055
-4.200090
-4.269976
-4.312550
-4.332305
-4.333384
-4.319584
-4.294356
-4.260801
-4.221675
-4.179388
-4.135999
-4.093224
-4.052430
-4.014635
-3.980514
-3.950392
-3.924247
-3.901711
-3.882068
-3.864255
-3.846863
-3.828134
-3.805964
-3.777902
-3.741149
-3.692560
-3.628642
-3.545554
-3.439111
-3.304778
-3.137674
-2.932570
-2.683891
-2.385715
-2.031771
-1.615443
-1.129766
-0.567430
0.079223
0.818199
1.657851
2.606878
3.674327
4.869592
6.202414
0.000000

0.000000
7.079977
5.541403
4.158995
2.922360
1.821453
0.846576
-0.011623
-0.762146
-1.413651
-1.974447
-2.452497
-2.855416
-3.190472
-3.464587
-3.684335
-3.855941
-3.985287
-4.077905
-4.138979
-4.173350
-4.185506
-4.179594
-4.159409
-4.128402
-4.089675
-4.045984
-3.999737
-3.952996
-3.907475
-3.864540
-3.825213
-3.790165
-3.759722
-3.733863
-3.712219
-3.694075
-3.678368
-3.663687
-3.648277
-3.630031
-3.606500
-3.574885
-3.532040
-3.474472
-3.398341
-3.299462
-3.173299
-3.014971
-2.819249
-2.580560
-2.292979
-1.950237
-1.545717
-1.072456
-0.523141
0.109884
0.834626
1.659437
2.593017
3.644413
4.823017
6.138572
0.000000

0.000000
7.003531
5.480576
4.113295
2.891296
1.804535
0.843313
-0.001721
-0.739570
-1.378892
-1.927996
-2.394844
-2.787053
-3.111889
-3.376275
-3.586784
-3.749643
-3.870732
-3.955583
-4.009383
-4.036968
-4.042831
-4.031115
-4.005618
-3.969789
-3.926731
-3.879199
-3.829603
-3.780003
-3.732114
-3.687302
-3.646588
-3.610644
-3.579796
-3.554022
-3.532955
-3.515878
-3.501729
-3.489097
-3.476225
-3.461010
-3.441000
-3.413396
-3.375053
-3.322478
-3.251832
-3.158926
-3.039228
-2.887856
-2.699582
-2.468830
-2.189677
-1.855854
-1.460744
-0.997383
-0.458460
0.163684
0.877053
1.690001
2.611227
3.649777
4.815046
6.116775
0.000000

0.000000
6.970622
5.459782
4.104242
2.893609
1.817839
0.867233
0.032439
-0.695544
-1.325376
-1.865364
-2.323472
-2.707315
-3.024161
-3.280932
-3.484200
-3.640194
-3.754793
-3.833529
-3.881588
-3.903808
-3.904681
-3.888350
-3.858612
-3.818918
-3.772370
-3.721724
-3.669388
-3.617423
-3.567544
-3.521117
-3.479163
-3.442354
-3.411016
-3.385128
-3.364321
-3.347880
-3.334740
-3.323494
-3.312383
-3.299303
-3.281803
-3.257085
-3.222003
-3.173063
-3.106427
-3.017908
-2.902971
-2.756734
-2.573971
-2.349104
-2.076212
-1.749025
-1.360926
-0.904951
-0.373789
0.240219
0.945077
1.749139
2.661104
3.690018
4.845276
6.136619
0.000000

0.000000
6.981195
5.478968
4.131782
2.929244
1.861309
0.918278
0.090802
-0.630124
-1.253158
-1.786607
-2.238436
-2.616258
-2.927344
-3.178613
-3.376639
-3.527650
-3.637525
-3.711797
-3.755651
-3.773925
-3.771112
-3.751354
-3.718449
-3.675847
-3.626650
-3.573614
-3.519147
-3.465311
-3.413820
-3.366041
-3.322994
-3.285351
-3.253439
-3.227236
-3.206373
-3.190135
-3.177459
-3.166935
-3.156805
-3.144966
-3.128967
-3.106008
-3.072944
-3.026283
-2.962185
-2.876462
-2.764581
-2.621660
-2.442471
-2.221439
-1.952640
-1.629806
-1.246319
-0.795215
-0.269183
0.339434
1.038643
1.836797
2.742593
3.765080
4.913652
6.198048
0.000000

0.000000
7.035539
5.538423
4.196205
2.998490
1.935236
0.996742
0.173659
-0.543018
-1.161946
-1.691433
-2.139443
-2.513591
-2.821145
-3.069026
-3.263809
-3.411719
-3.518637
-3.590096
-3.631280
-3.647029
-3.641833
-3.619836
-3.584836
-3.540282
-3.489277
-3.434577
-3.378589
-3.323376
-3.270652
-3.221783
-3.177789
-3.139344
-3.106773
-3.080054
-3.058820
-3.042354
-3.029593
-3.019127
-3.009201
-2.997708
-2.982198
-2.959873
-2.927586
-2.881846
-2.818812
-2.734297
-2.623767
-2.482342
-2.304792
-2.085542
-1.818669
-1.497904
-1.116630
-0.667884
-0.144352
0.461621
1.158043
1.953264
2.855986
3.875255
5.020464
6.301355
0.000000

0.000000
7.134295
5.638788
4.298150
3.101988
2.040259
1.103262
0.281648
-0.433588
-1.051102
-1.579204
-2.025856
-2.398674
-2.704927
-2.951534
-3.145070
-3.291763
-3.397491
-3.467787
-3.507837
-3.522479
-3.516204
-3.493157
-3.457134
-3.411586
-3.359614
-3.303974
-3.247076
-3.190980
-3.137400
-3.087704
-3.042911
-3.003694
-2.970379
-2.942945
-2.921022
-2.903896
-2.890503
-2.879434
-2.868931
-2.856890
-2.840859
-2.818041
-2.785290
-2.739113
-2.675670
-2.590774
-2.479892
-2.338141
-2.160294
-1.940774
-1.673660
-1.352682
-0.971223
-0.522318
0.001343
0.607418
1.303914
2.099182
3.001921
4.021180
5.166352
6.447177
0.000000

0.000000
0.000000
5.781046
4.438603
3.240723
2.177363
1.238824
0.415756
-0.300847
-0.919640
-1.448933
-1.896689
-2.270523
-2.577703
-2.825150
-3.019438
-3.166795
-3.273100
-3.343885
-3.384336
-3.399291
-3.393242
-3.370332
-3.334359
-3.288772
-3.236674
-3.180821
-3.123621
-3.067136
-3.013079
-2.962818
-2.917372
-2.877415
-2.843272
-2.814921
-2.791995
-2.773777
-2.759204
-2.746868
-2.735009
-2.721525
-2.703964
-2.679528
-2.645070
-2.597099
-2.531774
-2.444909
-2.331968
-2.188072
-2.007992
-1.786151
-1.516629
-1.193154
-0.809110
-0.357533
0.168888
0.777811
1.477242
2.275533
3.181385
4.203843
5.352301
0.000000
0.000000

0.000000
0.000000
5.966532
4.618896
3.416028
2.347883
1.404762
0.577315
-0.143463
-0.766227
-1.299288
-1.750608
-2.127803
-2.438140
-2.688541
-2.885580
-3.035484
-3.144132
-3.217056
-3.259444
-3.276132
-3.271612
-3.250028
-3.215177
-3.170509
-3.119126
-3.063785
-3.006893
-2.950512
-2.896356
-2.845792
-2.799841
-2.759174
-2.724118
-2.694651
-2.670405
-2.650663
-2.634364
-2.620096
-2.606104
-2.590283
-2.570181
-2.543000
-2.505594
-2.454471
-2.385791
-2.295367
-2.178664
-2.030802
-1.846553
-1.620340
-1.346241
-1.017986
-0.628959
-0.172196
0.359616
0.974133
1.679361
2.483653
3.395709
4.424574
5.579644
0.000000
0.000000

0.000000
0.000000
6.196926
4.840710
3.629582
2.553496
1.602754
0.768005
0.040244
-0.589184
-1.128590
-1.585935
-1.968836
-2.284560
-2.540029
-2.741816
-2.896149
-3.008906
-3.085622
-3.131481
-3.151321
-3.149634
-3.130564
-3.097908
-3.055115
-3.005288
-2.951184
-2.895210
-2.839428
-2.785551
-2.734947
-2.688637
-2.647292
-2.611238
-2.580454
-2.554572
-2.532875
-2.514301
-2.497440
-2.480535
-2.461481
-2.437828
-2.406776
-2.365181
-2.309549
-2.236040
-2.140469
-2.018299
-1.864652
-1.674297
-1.441659
-1.160817
-0.825499
-0.429090
0.035375
0.575206
1.198063
1.911950
2.725221
3.646574
4.685056
5.850062
0.000000
0.000000

0.000000
0.000000
0.000000
5.106073
3.883414
2.796232
1.834829
0.989853
0.252302
-0.386483
-0.934809
-1.400641
-1.791593
-2.114934
-2.377584
-2.586118
-2.746762
-2.865397
-2.947554
-2.998420
-3.022832
-3.025282
-3.009914
-2.980524
-2.940564
-2.893135
-2.840993
-2.786546
-2.731856
-2.678637
-2.628256
-2.581733
-2.539740
-2.502604
-2.470303
-2.442469
-2.418385
-2.396989
-2.376871
-2.356274
-2.333094
-2.304879
-2.268830
-2.221803
-2.160305
-2.080495
-1.978187
-1.848847
-1.687593
-1.489197
-1.248083
-0.958330
-0.613666
-0.207476
0.267204
0.817687
1.451629
2.177037
3.002263
3.936007
4.987314
0.000000
0.000000
0.000000

0.000000
0.000000
0.000000
5.417357
4.179896
3.078463
2.103359
1.245234
0.495084
-0.155749
-0.715574
-1.192353
-1.593702
-1.926888
-2.198834
-2.416112
-2.584951
-2.711228
-2.800479
-2.857886
-2.888290
-2.896181
-2.885703
-2.860653
-2.824481
-2.780291
-2.730836
-2.678526
-2.625423
-2.573239
-2.523343
-2.476755
-2.434146
-2.395843
-2.361825
-2.331722
-2.304819
-2.280054
-2.256016
-2.230948
-2.202747
-2.168959
-2.126789
-2.073088
-2.004366
-1.916782
-1.806148
-1.667932
-1.497251
-1.288878
-1.037237
-0.736405
-0.380113
0.038257
0.525668
1.089432
1.737206
2.476996
3.317155
4.266382
5.333724
0.000000
0.000000
0.000000

0.000000
0.000000
0.000000
0.000000
4.521751
3.402912
2.411068
1.536869
0.771311
0.105737
-0.468162
-0.958349
-1.372439
-1.717701
-2.001056
-2.229077
-2.407992
-2.543680
-2.641674
-2.707159
-2.744974
-2.759609
-2.755210
-2.735572
-2.704146
-2.664035
-2.617993
-2.568430
-2.517406
-2.466637
-2.417488
-2.370981
-2.327787
-2.288233
-2.252297
-2.219610
-2.189457
-2.160774
-2.132153
-2.101836
-2.067718
-2.027348
-1.977929
-1.916314
-1.839010
-1.742178
-1.621630
-1.472834
-1.290906
-1.070620
-0.806399
-0.492322
-0.122117
0.310831
0.813487
1.393162
2.057514
2.814548
3.672617
4.640420
0.000000
0.000000
0.000000
0.000000

0.000000
0.000000
0.000000
0.000000
4.912047
3.772646
2.761023
1.867827
1.084053
0.401046
-0.189504
-0.695561
-1.124738
-1.484305
-1.781183
-2.021945
-2.212819
-2.359684
-2.468072
-2.543170
-2.589815
-2.612499
-2.615366
-2.602213
-2.576489
-2.541298
-2.499395
-2.453188
-2.404739
-2.355761
-2.307623
-2.261343
-2.217595
-2.176705
-2.138651
-2.103063
-2.069228
-2.036081
-2.002214
-1.965868
-1.924939
-1.876977
-1.819183
-1.748411
-1.661168
-1.553615
-1.421565
-1.260484
-1.065489
-0.831354
-0.552502
-0.223011
0.163389
0.613315
1.133730
1.731946
2.415621
3.192761
4.071718
5.061191
0.000000
0.000000
0.000000
0.000000

0.000000
0.000000
0.000000
0.000000
0.000000
4.191082
3.156640
2.241522
1.436725
0.733593
0.123814
-0.400572
-0.847182
-1.223284
-1.535798
-1.791300
-1.996015
-2.155823
-2.276257
-2.362503
-2.419398
-2.451435
-2.462757
-2.457160
-2.438096
-2.408666
-2.371626
-2.329385
-2.284004
-2.237197
-2.190331
-2.144426
-2.100155
-2.057844
-2.017471
-1.978667
-1.940718
-1.902559
-1.862782
-1.819629
-1.770995
-1.714430
-1.647135
-1.565965
-1.467426
-1.347679
-1.202537
-1.027466
-0.817584
-0.567664
-0.272129
0.074943
0.479821
0.949123
1.489812
2.109200
2.814945
3.615052
4.517873
0.000000
0.000000
0.000000
0.000000
0.000000

0.000000
0.000000
0.000000
0.000000
0.000000
4.661982
3.601681
2.661719
1.833090
1.107140
0.475557
-0.069621
-0.536009
-0.930874
-1.261140
-1.533378
-1.753817
-1.928335
-2.062466
-2.161395
-2.229961
-2.272654
-2.293618
-2.296651
-2.285202
-2.262375
-2.230924
-2.193258
-2.151439
-2.107181
-2.061850
-2.016466
-1.971704
-1.927887
-1.884995
-1.842659
-1.800164
-1.756446
-1.710096
-1.659356
-1.602123
-1.535945
-1.458023
-1.365212
-1.254020
-1.120606
-0.960783
-0.770018
-0.543428
-0.275787
0.038483
0.405302
0.830942
1.322019
1.885497
2.528686
3.259246
4.085182
5.014846
0.000000
0.000000
0.000000
0.000000
0.000000

0.000000
0.000000
0.000000
0.000000
0.000000
0.000000
4.100257
3.132526
2.277258
1.525797
0.869832
0.301403
-0.187108
-0.602967
-0.953097
-1.244071
-1.482115
-1.673111
-1.822590
-1.935737
-2.017392
-2.072045
-2.103841
-2.116575
-2.113699
-2.098315
-2.073179
-2.040698
-2.002935
-1.961603
-1.918069
-1.873355
-1.828131
-1.782724
-1.737113
-1.690929
-1.643456
-1.593631
-1.540045
-1.480940
-1.414212
-1.337411
-1.247736
-1.142043
-1.016840
-0.868285
-0.692193
-0.484029
-0.238912
0.048387
0.383442
0.772177
1.220862
1.736112
2.324893
2.994515
3.752636
4.607263
0.000000
0.000000
0.000000
0.000000
0.000000
0.000000

0.000000
0.000000
0.000000
0.000000
0.000000
0.000000
0.000000
3.658401
2.773685
1.994021
1.311099
0.716956
0.203978
-0.235105
-0.607213
-0.918920
-1.176454
-1.385693
-1.552170
-1.681072
-1.777235
-1.845153
-1.888967
-1.912476
-1.919130
-1.912030
-1.893933
-1.867247
-1.834034
-1.796007
-1.754533
-1.710633
-1.664980
-1.617898
-1.569368
-1.519019
-1.466136
-1.409658
-1.348172
-1.279923
-1.202807
-1.114371
-1.011818
-0.892001
-0.751429
-0.586261
-0.392311
-0.165043
0.100422
0.409313
0.767207
1.180025
1.654037
2.195860
2.812458
3.511143
4.299572
0.000000
0.000000
0.000000
0.000000
0.000000
0.000000
0.000000

0.000000
0.000000
0.000000
0.000000
0.000000
0.000000
0.000000
4.244147
3.327176
2.516617
1.804160
1.181843
0.642051
0.177516
-0.218684
-0.553123
-0.832027
-1.061277
-1.246404
-1.392595
-1.504687
-1.587172
-1.644194
-1.679550
-1.696689
-1.698715
-1.688383
-1.668101
-1.639932
-1.605588
-1.566437
-1.523499
-1.477447
-1.428606
-1.376955
-1.322126
-1.263402
-1.199721
-1.129674
-1.051502
-0.963102
-0.862022
-0.745464
-0.610282
-0.452984
-0.269729
-0.056332
0.191744
0.479377
0.811798
1.194581
1.633649
2.135272
2.706067
3.352997
4.083374
4.904856
0.000000
0.000000
0.000000
0.000000
0.000000
0.000000
0.000000

0.000000
0.000000
0.000000
0.000000
0.000000
0.000000
0.000000
0.000000
3.942882
3.098735
2.354167
1.701216
1.132265
0.640047
0.217641
-0.141528
-0.443685
-0.694712
-0.900140
-1.065155
-1.194595
-1.292952
-1.364369
-1.412644
-1.441227
-1.453219
-1.451377
-1.438110
-1.415477
-1.385195
-1.348629
-1.306799
-1.260380
-1.209695
-1.154724
-1.095098
-1.030101
-0.958671
-0.879398
-0.790524
-0.689946
-0.575212
-0.443523
-0.291734
-0.116352
0.086462
0.320896
0.591483
0.903106
1.260991
1.670716
2.138202
2.669719
3.271884
3.951660
4.716360
0.000000
0.000000
0.000000
0.000000
0.000000
0.000000
0.000000
0.000000

0.000000
0.000000
0.000000
0.000000
0.000000
0.000000
0.000000
0.000000
0.000000
3.745875
2.966619
2.280571
1.680117
1.157987
0.707261
0.321365
-0.005929
-0.280499
-0.507879
-0.693254
-0.841462
-0.956994
-1.043995
-1.106262
-1.147244
-1.170044
-1.177418
-1.171773
-1.155173
-1.129329
-1.095611
-1.055037
-1.008281
-0.955667
-0.897176
-0.832437
-0.760736
-0.681009
-0.591847
-0.491493
-0.377841
-0.248442
-0.100497
0.069141
0.263964
0.487811
0.744870
1.039674
1.377105
1.762392
2.201110
2.699180
3.262874
3.898808
4.613947
0.000000
0.000000
0.000000
0.000000
0.000000
0.000000
0.000000
0.000000
0.000000

0.000000
0.000000
0.000000
0.000000
0.000000
0.000000
0.000000
0.000000
0.000000
0.000000
3.647360
2.925756
2.291452
1.737181
1.256021
0.841399
0.487087
0.187207
-0.063776
-0.271046
-0.439441
-0.573453
-0.677226
-0.754557
-0.808895
-0.843344
-0.860658
-0.863247
-0.853172
-0.832146
-0.801538
-0.762366
-0.715304
-0.660677
-0.598465
-0.528297
-0.449460
-0.360889
-0.261175
-0.148561
-0.020942
0.124132
0.289460
0.478189
0.693810
0.940163
1.221435
1.542161
1.907222
2.321846
2.791608
3.322431
3.920585
4.592687
0.000000
0.000000
0.000000
0.000000
0.000000
0.000000
0.000000
0.000000
0.000000
0.000000

0.000000
0.000000
0.000000
0.000000
0.000000
0.000000
0.000000
0.000000
0.000000
0.000000
0.000000
3.642962
2.972464
2.383822
1.870115
1.424768
1.041556
0.714598
0.438362
0.207662
0.017660
-0.136136
-0.257869
-0.351336
-0.419987
-0.466926
-0.494907
-0.506338
-0.503282
-0.487453
-0.460216
-0.422594
-0.375257
-0.318533
-0.252399
-0.176487
-0.090081
0.007882
0.118811
0.244463
0.386944
0.548704
0.732541
0.941602
1.179378
1.449711
1.756786
2.105138
2.499648
2.945545
3.448403
4.014146
4.649044
0.000000
0.000000
0.000000
0.000000
0.000000
0.000000
0.000000
0.000000
0.000000
0.000000
0.000000

0.000000
0.000000
0.000000
0.000000
0.000000
0.000000
0.000000
0.000000
0.000000
0.000000
0.000000
0.000000
3.729692
3.104449
2.556081
2.078012
1.664017
1.308215
1.005074
0.749408
0.536380
0.361497
0.220616
0.109940
0.026018
-0.034251
-0.073623
-0.094507
-0.098964
-0.088709
-0.065107
-0.029180
0.018399
0.077306
0.147562
0.229535
0.323941
0.431842
0.554650
0.694120
0.852357
1.031812
1.235285
1.465919
1.727209
2.022994
2.357461
2.735143
3.160923
3.640029
4.178036
4.780866
0.000000
0.000000
0.000000
0.000000
0.000000
0.000000
0.000000
0.000000
0.000000
0.000000
0.000000
0.000000

0.000000
0.000000
0.000000
0.000000
0.000000
0.000000
0.000000
0.000000
0.000000
0.000000
0.000000
0.000000
0.000000
0.000000
3.320807
2.808018
2.361357
1.974944
1.643248
1.361081
1.123606
0.926332
0.765115
0.636157
0.536010
0.461569
0.410080
0.379134
0.366669
0.370973
0.390676
0.424761
0.472553
0.533727
0.608305
0.696655
0.799492
0.917880
1.053229
1.207296
1.382184
1.580345
1.804579
2.058029
2.344190
2.666900
3.030347
3.439065
3.897935
4.412185
0.000000
0.000000
0.000000
0.000000
0.000000
0.000000
0.000000
0.000000
0.000000
0.000000
0.000000
0.000000
0.000000
0.000000

0.000000
0.000000
0.000000
0.000000
0.000000
0.000000
0.000000
0.000000
0.000000
0.000000
0.000000
0.000000
0.000000
0.000000
0.000000
3.622019
3.140810
2.722020
2.360117
2.049914
1.786574
1.565605
1.382863
1.234551
1.117220
1.027767
0.963435
0.921818
0.900852
0.898825
0.914369
0.946464
0.994437
1.057963
1.137063
1.232106
1.343807
1.473230
1.621783
1.791225
1.983659
2.201537
2.447657
2.725165
3.037553
3.388662
3.782678
4.224136
4.717917
0.000000
0.000000
0.000000
0.000000
0.000000
0.000000
0.000000
0.000000
0.000000
0.000000
0.000000
0.000000
0.000000
0.000000
0.000000

0.000000
0.000000
0.000000
0.000000
0.000000
0.000000
0.000000
0.000000
0.000000
0.000000
0.000000
0.000000
0.000000
0.000000
0.000000
0.000000
0.000000
3.557023
3.163262
2.823488
2.532863
2.286895
2.081440
1.912702
1.777231
1.671924
1.594025
1.541126
1.511166
1.502430
1.513551
1.543510
1.591634
1.657596
1.741419
1.843471
1.964467
2.105471
2.267892
2.453488
2.664363
2.902967
3.172100
3.474907
3.814881
4.195862
4.622036
0.000000
0.000000
0.000000
0.000000
0.000000
0.000000
0.000000
0.000000
0.000000
0.000000
0.000000
0.000000
0.000000
0.000000
0.000000
0.000000
0.000000

0.000000
0.000000
0.000000
0.000000
0.000000
0.000000
0.000000
0.000000
0.000000
0.000000
0.000000
0.000000
0.000000
0.000000
0.000000
0.000000
0.000000
0.000000
0.000000
3.689732
3.370402
3.098131
2.868776
2.678539
2.523971
2.401969
2.309777
2.244987
2.205538
2.189715
2.196152
2.223828
2.272071
2.340554
2.429300
2.538677
2.669400
2.822533
2.999485
3.202014
3.432224
3.692565
3.985837
4.315186
4.684103
0.000000
0.000000
0.000000
0.000000
0.000000
0.000000
0.000000
0.000000
0.000000
0.000000
0.000000
0.000000
0.000000
0.000000
0.000000
0.000000
0.000000
0.000000
0.000000

0.000000
0.000000
0.000000
0.000000
0.000000
0.000000
0.000000
0.000000
0.000000
0.000000
0.000000
0.000000
0.000000
0.000000
0.000000
0.000000
0.000000
0.000000
0.000000
0.000000
0.000000
4.007589
3.753144
3.540336
3.365715
3.226177
3.118967
3.041677
2.992245
2.968957
2.970446
2.995693
3.044023
3.115112
3.208982
3.326000
3.466882
3.632691
3.824838
4.045079
4.295518
4.578607
4.897144
0.000000
0.000000
0.000000
0.000000
0.000000
0.000000
0.000000
0.000000
0.000000
0.000000
0.000000
0.000000
0.000000
0.000000
0.000000
0.000000
0.000000
0.000000
0.000000
0.000000
0.000000

0.000000
0.000000
0.000000
0.000000
0.000000
0.000000
0.000000
0.000000
0.000000
0.000000
0.000000
0.000000
0.000000
0.000000
0.000000
0.000000
0.000000
0.000000
0.000000
0.000000
0.000000
0.000000
0.000000
0.000000
4.311086
4.153171
4.030217
3.939817
3.879908
3.848777
3.845057
3.867727
3.916114
3.989894
4.089087
4.214062
4.365535
4.544568
4.752572
4.991304
0.000000
0.000000
0.000000
0.000000
0.000000
0.000000
0.000000
0.000000
0.000000
0.000000
0.000000
0.000000
0.000000
0.000000
0.000000
0.000000
0.000000
0.000000
0.000000
0.000000
0.000000
0.000000
0.000000
0.000000

0.000000
0.000000
0.000000
0.000000
0.000000
0.000000
0.000000
0.000000
0.000000
0.000000
0.000000
0.000000
0.000000
0.000000
0.000000
0.000000
0.000000
0.000000
0.000000
0.000000
0.000000
0.000000
0.000000
0.000000
0.000000
0.000000
0.000000
0.000000
0.000000
0.000000
0.000000
0.000000
0.000000
0.000000
0.000000
0.000000
0.000000
0.000000
0.000000
0.000000
0.000000
0.000000
0.000000
0.000000
0.000000
0.000000
0.000000
0.000000
0.000000
0.000000
0.000000
0.000000
0.000000
0.000000
0.000000
0.000000
0.000000
0.000000
0.000000
0.000000
0.000000
0.000000
0.000000
0.000000

