-0.064253 1 1 0
0.071388 1 -1 0
-0.058760 2 0 0
0.014934 2 2 0
0.004458 2 -2 0
0.106591 3 1 0
-0.103428 3 -1 0
-0.020299 3 3 0
0.037691 3 -3 0
0.012217 4 0 0
0.069039 4 2 0
-0.008259 4 -2 0
-0.010643 4 4 0
0.019345 4 -4 0
-0.064023 5 1 0
0.050137 5 -1 0
0.045641 5 3 0
0.062276 5 -3 0
0.008612 5 5 0
0.019049 5 -5 0
-0.021856 6 0 0
-0.083464 6 2 0
0.007032 6 -2 0
0.006279 6 4 0
0.035222 6 -4 0
0.014909 6 6 0
-0.016610 6 -6 0
0.068471 7 1 0
-0.086917 7 -1 0
-0.041849 7 3 0
0.006112 7 -3 0
-0.003425 7 5 0
0.033171 7 -5 0
0.020809 7 7 0
-0.016747 7 -7 0
-0.049217 8 0 0
0.095166 8 2 0
0.004107 8 -2 0
-0.006407 8 4 0
-0.011139 8 -4 0
0.006775 8 6 0
-0.010973 8 -6 0
0.000924 8 8 0
-0.029273 8 -8 0
0.004949 9 1 0
-0.019784 9 -1 0
0.054608 9 3 0
0.083573 9 -3 0
0.011387 9 5 0
0.014183 9 -5 0
0.013504 9 7 0
-0.024356 9 -7 0
-0.002166 9 9 0
-0.029998 9 -9 0
-0.000708 10 0 0
-0.044822 10 2 0
0.001977 10 -2 0
0.001727 10 4 0
0.048980 10 -4 0
0.022772 10 6 0
-0.010763 10 -6 0
-0.003687 10 8 0
-0.026589 10 -8 0
-0.019366 10 10 0
-0.011205 10 -10 0
0.003196 11 1 0
-0.018827 11 -1 0
-0.028454 11 3 0
0.001691 11 -3 0
-0.008408 11 5 0
0.038465 11 -5 0
0.019681 11 7 0
-0.006886 11 -7 0
-0.001386 11 9 0
-0.029325 11 -9 0
-0.000892 11 11 0
0.019817 11 -11 0
-0.026747 12 0 0
0.032493 12 2 0
0.003752 12 -2 0
-0.001937 12 4 0
-0.012576 12 -4 0
0.002157 12 6 0
-0.005694 12 -6 0
0.001524 12 8 0
-0.014937 12 -8 0
-0.013233 12 10 0
-0.002923 12 -10 0
0.010556 12 12 0
0.017306 12 -12 0
0.027595 13 1 0
-0.033368 13 -1 0
0.025427 13 3 0
0.055383 13 -3 0
0.008938 13 5 0
0.006974 13 -5 0
0.003979 13 7 0
-0.017660 13 -7 0
-0.006635 13 9 0
-0.018887 13 -9 0
-0.000926 13 11 0
0.009219 13 -11 0
-0.007662 13 13 0
0.023395 13 -13 0
-0.014666 14 0 0
0.004027 14 2 0
0.002287 14 -2 0
0.001015 14 4 0
0.031251 14 -4 0
0.016209 14 6 0
-0.007285 14 -6 0
0.000382 14 8 0
-0.021778 14 -8 0
-0.012629 14 10 0
-0.003718 14 -10 0
0.008633 14 12 0
0.013532 14 -12 0
0.000665 14 14 0
0.009892 14 -14 0
0.002349 15 1 0
-0.007466 15 -1 0
-0.005593 15 3 0
0.009166 15 -3 0
-0.006185 15 5 0
0.020806 15 -5 0
0.015602 15 7 0
-0.003132 15 -7 0
0.002270 15 9 0
-0.018965 15 -9 0
-0.000639 15 11 0
0.007514 15 -11 0
-0.002558 15 13 0
0.010852 15 -13 0
-0.002900 15 15 0
-0.001725 15 -15 0
-0.003400 16 0 0
0.001689 16 2 0
0.000268 16 -2 0
0.002912 16 4 0
-0.003548 16 -4 0
-0.001274 16 6 0
-0.002523 16 -6 0
0.002565 16 8 0
-0.003681 16 -8 0
-0.004062 16 10 0
-0.003854 16 -10 0
0.005090 16 12 0
0.007260 16 -12 0
-0.001688 16 14 0
0.007339 16 -14 0
0.005392 16 16 0
-0.004356 16 -16 0
0.008466 17 1 0
-0.008863 17 -1 0
0.003373 17 3 0
0.015660 17 -3 0
0.004362 17 5 0
0.003872 17 -5 0
-0.001098 17 7 0
-0.008020 17 -7 0
-0.003542 17 9 0
-0.005786 17 -9 0
0.000483 17 11 0
0.002567 17 -11 0
-0.003702 17 13 0
0.006640 17 -13 0
-0.001587 17 15 0
-0.002841 17 -15 0
-0.002738 17 17 0
-0.003217 17 -17 0
-0.006477 18 0 0
0.005996 18 2 0
0.002001 18 -2 0
0.000300 18 4 0
0.011013 18 -4 0
0.004380 18 6 0
-0.002607 18 -6 0
0.000429 18 8 0
-0.008401 18 -8 0
-0.006972 18 10 0
-0.002500 18 -10 0
0.003247 18 12 0
0.002821 18 -12 0
0.000647 18 14 0
0.002222 18 -14 0
0.002426 18 16 0
-0.004965 18 -16 0
-0.002530 18 18 0
0.000206 18 -18 0
0.004900 19 1 0
-0.003163 19 -1 0
-0.001201 19 3 0
0.007513 19 -3 0
-0.003703 19 5 0
0.007257 19 -5 0
0.004871 19 7 0
0.002270 19 -7 0
0.002141 19 9 0
-0.008365 19 -9 0
-0.002592 19 11 0
