0.006705 1 1 0
-0.013693 1 -1 0
-0.074424 2 0 0
0.009079 2 2 0
-0.005675 2 -2 0
0.080184 3 1 0
-0.107300 3 -1 0
-0.003731 3 3 0
0.044325 3 -3 0
0.013792 4 0 0
0.078813 4 2 0
-0.004889 4 -2 0
0.000120 4 4 0
0.035086 4 -4 0
-0.079527 5 1 0
0.061496 5 -1 0
0.034270 5 3 0
0.065007 5 -3 0
0.019102 5 5 0
0.031285 5 -5 0
-0.019776 6 0 0
-0.084364 6 2 0
0.024920 6 -2 0
-0.012422 6 4 0
0.047593 6 -4 0
0.000959 6 6 0
-0.025901 6 -6 0
0.056253 7 1 0
-0.064912 7 -1 0
-0.053430 7 3 0
0.014950 7 -3 0
0.005196 7 5 0
0.032121 7 -5 0
0.031905 7 7 0
-0.033616 7 -7 0
-0.051503 8 0 0
0.099358 8 2 0
0.014550 8 -2 0
-0.004158 8 4 0
0.004361 8 -4 0
0.003386 8 6 0
-0.018823 8 -6 0
0.008773 8 8 0
-0.048875 8 -8 0
-0.012827 9 1 0
-0.013366 9 -1 0
0.049114 9 3 0
0.087921 9 -3 0
0.024744 9 5 0
0.013483 9 -5 0
0.031523 9 7 0
-0.039028 9 -7 0
-0.003498 9 9 0
-0.033960 9 -9 0
0.000432 10 0 0
-0.042628 10 2 0
0.011126 10 -2 0
-0.005348 10 4 0
0.062192 10 -4 0
0.019574 10 6 0
-0.020501 10 -6 0
0.008931 10 8 0
-0.044435 10 -8 0
-0.016665 10 10 0
-0.010127 10 -10 0
-0.008876 11 1 0
-0.006089 11 -1 0
-0.037571 11 3 0
0.007825 11 -3 0
-0.001095 11 5 0
0.035553 11 -5 0
0.033182 11 7 0
-0.023092 11 -7 0
-0.002127 11 9 0
-0.033563 11 -9 0
-0.010002 11 11 0
0.015957 11 -11 0
-0.028168 12 0 0
0.035277 12 2 0
0.012119 12 -2 0
-0.004925 12 4 0
-0.004610 12 -4 0
-0.002883 12 6 0
-0.013693 12 -6 0
0.008810 12 8 0
-0.029112 12 -8 0
-0.009739 12 10 0
-0.003201 12 -10 0
0.007487 12 12 0
0.014755 12 -12 0
0.016182 13 1 0
-0.027304 13 -1 0
0.021083 13 3 0
0.055822 13 -3 0
0.015954 13 5 0
0.007131 13 -5 0
0.016299 13 7 0
-0.028828 13 -7 0
-0.004932 13 9 0
-0.019954 13 -9 0
-0.008126 13 11 0
0.008308 13 -11 0
0.003840 13 13 0
0.020195 13 -13 0
-0.015968 14 0 0
0.006549 14 2 0
0.005124 14 -2 0
-0.002966 14 4 0
0.037828 14 -4 0
0.011534 14 6 0
-0.012655 14 -6 0
0.007626 14 8 0
-0.032120 14 -8 0
-0.009356 14 10 0
-0.001986 14 -10 0
0.005854 14 12 0
0.009826 14 -12 0
0.000037 14 14 0
0.005360 14 -14 0
-0.005889 15 1 0
-0.005441 15 -1 0
-0.009878 15 3 0
0.010765 15 -3 0
-0.002922 15 5 0
0.019495 15 -5 0
0.021503 15 7 0
-0.011972 15 -7 0
0.002616 15 9 0
-0.020497 15 -9 0
-0.005113 15 11 0
0.009343 15 -11 0
0.003880 15 13 0
0.013316 15 -13 0
0.004548 15 15 0
-0.002530 15 -15 0
-0.005119 16 0 0
0.002479 16 2 0
0.002168 16 -2 0
0.000331 16 4 0
-0.001402 16 -4 0
-0.003735 16 6 0
-0.006750 16 -6 0
0.005852 16 8 0
-0.008532 16 -8 0
-0.001465 16 10 0
-0.002314 16 -10 0
0.002960 16 12 0
0.006425 16 -12 0
-0.002581 16 14 0
0.003921 16 -14 0
0.003826 16 16 0
-0.009048 16 -16 0
0.003246 17 1 0
-0.007041 17 -1 0
0.002006 17 3 0
0.014779 17 -3 0
0.006324 17 5 0
0.003356 17 -5 0
0.003309 17 7 0
-0.012683 17 -7 0
-0.002593 17 9 0
-0.005874 17 -9 0
-0.003479 17 11 0
0.002919 17 -11 0
0.000319 17 13 0
0.007046 17 -13 0
0.001284 17 15 0
-0.002463 17 -15 0
-0.000399 17 17 0
-0.004843 17 -17 0
-0.007665 18 0 0
0.006936 18 2 0
0.000148 18 -2 0
-0.001329 18 4 0
0.013360 18 -4 0
0.002452 18 6 0
-0.006109 18 -6 0
0.003188 18 8 0
-0.012064 18 -8 0
-0.005769 18 10 0
0.000402 18 -10 0
0.002109 18 12 0
0.002452 18 -12 0
-0.001059 18 14 0
0.002455 18 -14 0
0.001643 18 16 0
-0.005136 18 -16 0
-0.000258 18 18 0
-0.001665 18 -18 0
0.001192 19 1 0
-0.002431 19 -1 0
-0.001675 19 3 0
0.007323 19 -3 0
-0.004912 19 5 0
0.005579 19 -5 0
0.006744 19 7 0
-0.000265 19 -7 0
0.002526 19 9 0
-0.009029 19 -9 0
-0.003888 19 11 0
