0.012432 1 1 0
0.034471 1 -1 0
-0.093971 2 0 0
0.002056 2 2 0
-0.052759 2 -2 0
0.092595 3 1 0
-0.127733 3 -1 0
0.001367 3 3 0
0.054341 3 -3 0
0.012124 4 0 0
0.074468 4 2 0
0.010443 4 -2 0
-0.013323 4 4 0
0.028793 4 -4 0
-0.057831 5 1 0
0.056277 5 -1 0
0.032305 5 3 0
0.054376 5 -3 0
-0.005807 5 5 0
0.032718 5 -5 0
-0.026294 6 0 0
-0.085150 6 2 0
0.018579 6 -2 0
-0.010553 6 4 0
0.054513 6 -4 0
0.006830 6 6 0
-0.013481 6 -6 0
0.070167 7 1 0
-0.082615 7 -1 0
-0.052651 7 3 0
0.013649 7 -3 0
-0.016777 7 5 0
0.027336 7 -5 0
0.017564 7 7 0
-0.017656 7 -7 0
-0.060953 8 0 0
0.093566 8 2 0
0.003014 8 -2 0
-0.010889 8 4 0
0.010220 8 -4 0
-0.007365 8 6 0
-0.011004 8 -6 0
-0.005783 8 8 0
-0.052969 8 -8 0
0.003159 9 1 0
-0.025204 9 -1 0
0.048621 9 3 0
0.083074 9 -3 0
0.000351 9 5 0
0.014173 9 -5 0
0.012090 9 7 0
-0.027886 9 -7 0
0.001701 9 9 0
-0.024118 9 -9 0
-0.007828 10 0 0
-0.043347 10 2 0
0.007885 10 -2 0
-0.009219 10 4 0
0.066464 10 -4 0
0.016287 10 6 0
-0.013368 10 -6 0
-0.001355 10 8 0
-0.046344 10 -8 0
-0.017655 10 10 0
-0.008239 10 -10 0
0.004490 11 1 0
-0.020277 11 -1 0
-0.033780 11 3 0
0.004706 11 -3 0
-0.018192 11 5 0
0.034273 11 -5 0
0.016884 11 7 0
-0.009316 11 -7 0
0.002636 11 9 0
-0.020971 11 -9 0
-0.001109 11 11 0
0.018473 11 -11 0
-0.033906 12 0 0
0.030888 12 2 0
0.008433 12 -2 0
-0.007210 12 4 0
0.001269 12 -4 0
-0.005242 12 6 0
-0.009208 12 -6 0
0.002397 12 8 0
-0.033777 12 -8 0
-0.012554 12 10 0
-0.001419 12 -10 0
0.010262 12 12 0
0.022466 12 -12 0
0.027557 13 1 0
-0.035195 13 -1 0
0.020664 13 3 0
0.054049 13 -3 0
-0.000352 13 5 0
0.006874 13 -5 0
0.003332 13 7 0
-0.017854 13 -7 0
-0.003696 13 9 0
-0.012767 13 -9 0
-0.001273 13 11 0
0.012890 13 -11 0
0.006711 13 13 0
0.025864 13 -13 0
-0.019563 14 0 0
0.005301 14 2 0
0.002444 14 -2 0
-0.005953 14 4 0
0.040726 14 -4 0
0.010498 14 6 0
-0.008330 14 -6 0
0.000700 14 8 0
-0.034067 14 -8 0
-0.011556 14 10 0
-0.001869 14 -10 0
0.009331 14 12 0
0.017690 14 -12 0
0.004110 14 14 0
0.006771 14 -14 0
0.003797 15 1 0
-0.009232 15 -1 0
-0.007703 15 3 0
0.008684 15 -3 0
-0.011275 15 5 0
0.019704 15 -5 0
0.013964 15 7 0
-0.004124 15 -7 0
0.006200 15 9 0
-0.014544 15 -9 0
-0.000408 15 11 0
0.010138 15 -11 0
0.004408 15 13 0
0.014720 15 -13 0
0.005435 15 15 0
0.002306 15 -15 0
-0.007238 16 0 0
0.001710 16 2 0
0.002217 16 -2 0
0.000188 16 4 0
-0.000230 16 -4 0
-0.003327 16 6 0
-0.005097 16 -6 0
0.002529 16 8 0
-0.011814 16 -8 0
-0.003371 16 10 0
-0.002044 16 -10 0
0.004894 16 12 0
0.012269 16 -12 0
-0.000891 16 14 0
0.006239 16 -14 0
0.005268 16 16 0
-0.009363 16 -16 0
0.008815 17 1 0
-0.011430 17 -1 0
0.002844 17 3 0
0.013952 17 -3 0
0.001147 17 5 0
0.003418 17 -5 0
-0.001135 17 7 0
-0.008283 17 -7 0
-0.001447 17 9 0
-0.003387 17 -9 0
-0.000525 17 11 0
0.004763 17 -11 0
0.000087 17 13 0
0.007558 17 -13 0
0.002401 17 15 0
0.000608 17 -15 0
0.000885 17 17 0
-0.002947 17 -17 0
-0.008681 18 0 0
0.005914 18 2 0
0.001471 18 -2 0
-0.002175 18 4 0
0.014095 18 -4 0
0.003113 18 6 0
-0.005146 18 -6 0
0.000889 18 8 0
-0.012900 18 -8 0
-0.006303 18 10 0
-0.000279 18 -10 0
0.002913 18 12 0
0.004235 18 -12 0
0.000639 18 14 0
0.003431 18 -14 0
0.002028 18 16 0
-0.005570 18 -16 0
0.000049 18 18 0
-0.002933 18 -18 0
0.005812 19 1 0
-0.003680 19 -1 0
-0.001448 19 3 0
0.005839 19 -3 0
-0.006226 19 5 0
0.006480 19 -5 0
0.005229 19 7 0
0.002297 19 -7 0
0.003771 19 9 0
-0.007756 19 -9 0
-0.003281 19 11 0
