0.135796 1 1 0
0.150865 1 -1 0
-0.029833 2 0 0
0.018124 2 2 0
0.063171 2 -2 0
-0.024767 3 1 0
-0.166681 3 -1 0
0.008320 3 3 0
0.048246 3 -3 0
-0.062452 4 0 0
-0.035323 4 2 0
-0.168566 4 -2 0
0.014124 4 4 0
0.034429 4 -4 0
0.004296 5 1 0
0.050877 5 -1 0
-0.027821 5 3 0
-0.165285 5 -3 0
0.011612 5 5 0
0.035608 5 -5 0
0.060269 6 0 0
0.011627 6 2 0
0.102744 6 -2 0
-0.062027 6 4 0
-0.117565 6 -4 0
0.004356 6 6 0
-0.002680 6 -6 0
-0.009408 7 1 0
0.121808 7 -1 0
0.030699 7 3 0
0.137393 7 -3 0
-0.017158 7 5 0
-0.092748 7 -5 0
-0.002749 7 7 0
-0.016822 7 -7 0
-0.007128 8 0 0
-0.004516 8 2 0
0.032233 8 -2 0
0.035375 8 4 0
0.130036 8 -4 0
-0.043032 8 6 0
-0.078582 8 -6 0
0.036812 8 8 0
0.004779 8 -8 0
-0.006249 9 1 0
-0.035415 9 -1 0
-0.012912 9 3 0
-0.041393 9 -3 0
0.042583 9 5 0
0.100348 9 -5 0
-0.020139 9 7 0
-0.033217 9 -7 0
0.000357 9 9 0
-0.041658 9 -9 0
-0.009446 10 0 0
-0.015570 10 2 0
-0.039062 10 -2 0
-0.041703 10 4 0
-0.051383 10 -4 0
0.023183 10 6 0
0.046359 10 -6 0
0.016150 10 8 0
-0.010033 10 -8 0
0.007226 10 10 0
0.037656 10 -10 0
-0.002575 11 1 0
0.052468 11 -1 0
-0.003321 11 3 0
-0.010735 11 -3 0
-0.018418 11 5 0
-0.055829 11 -5 0
0.022046 11 7 0
0.035670 11 -7 0
0.000934 11 9 0
-0.026598 11 -9 0
0.010296 11 11 0
-0.038490 11 -11 0
0.023471 12 0 0
0.004672 12 2 0
0.052498 12 -2 0
-0.002477 12 4 0
0.012835 12 -4 0
-0.037217 12 6 0
-0.066560 12 -6 0
0.039057 12 8 0
0.032742 12 -8 0
0.016288 12 10 0
0.048019 12 -10 0
-0.039488 12 12 0
-0.024008 12 -12 0
0.000616 13 1 0
0.037548 13 -1 0
0.012675 13 3 0
0.028291 13 -3 0
0.009921 13 5 0
0.020272 13 -5 0
-0.027477 13 7 0
-0.040867 13 -7 0
0.014417 13 9 0
-0.006995 13 -9 0
0.014819 13 11 0
-0.012431 13 -11 0
-0.008406 13 13 0
-0.015895 13 -13 0
0.001125 14 0 0
-0.006394 14 2 0
0.009403 14 -2 0
-0.001963 14 4 0
0.023618 14 -4 0
0.003294 14 6 0
0.012054 14 -6 0
-0.001955 14 8 0
-0.019095 14 -8 0
0.018140 14 10 0
0.037919 14 -10 0
-0.019599 14 12 0
-0.005015 14 -12 0
-0.005902 14 14 0
-0.039803 14 -14 0
0.002847 15 1 0
0.007076 15 -1 0
0.001764 15 3 0
-0.005340 15 -3 0
0.006096 15 5 0
0.014190 15 -5 0
0.006145 15 7 0
0.017227 15 -7 0
-0.011325 15 9 0
-0.026998 15 -9 0
0.010352 15 11 0
-0.012973 15 -11 0
0.001991 15 13 0
-0.001304 15 -13 0
0.002307 15 15 0
-0.008448 15 -15 0
0.003811 16 0 0
-0.003481 16 2 0
0.007192 16 -2 0
-0.011035 16 4 0
-0.002423 16 -4 0
-0.004796 16 6 0
-0.003091 16 -6 0
0.019139 16 8 0
0.023488 16 -8 0
-0.000811 16 10 0
0.015268 16 -10 0
-0.011647 16 12 0
-0.006957 16 -12 0
-0.000655 16 14 0
-0.013769 16 -14 0
0.013009 16 16 0
-0.007372 16 -16 0
0.001478 17 1 0
0.017024 17 -1 0
0.002788 17 3 0
0.006100 17 -3 0
-0.004743 17 5 0
-0.005179 17 -5 0
-0.004789 17 7 0
-0.006182 17 -7 0
0.012962 17 9 0
0.006066 17 -9 0
0.004874 17 11 0
-0.008487 17 -11 0
-0.003332 17 13 0
-0.005362 17 -13 0
0.003320 17 15 0
-0.005218 17 -15 0
-0.002677 17 17 0
-0.001636 17 -17 0
0.005117 18 0 0
-0.001175 18 2 0
0.014819 18 -2 0
0.000565 18 4 0
0.006842 18 -4 0
-0.006727 18 6 0
-0.005935 18 -6 0
-0.002062 18 8 0
-0.002295 18 -8 0
0.010542 18 10 0
0.022391 18 -10 0
-0.007321 18 12 0
-0.000508 18 -12 0
-0.002321 18 14 0
-0.006120 18 -14 0
0.004267 18 16 0
0.001327 18 -16 0
0.008153 18 18 0
-0.000027 18 -18 0
0.004186 19 1 0
0.004810 19 -1 0
0.003725 19 3 0
-0.000702 19 -3 0
0.003317 19 5 0
0.005009 19 -5 0
-0.004508 19 7 0
-0.003618 19 -7 0
-0.004178 19 9 0
-0.008278 19 -9 0
0.009513 19 11 0
