0.205522 1 1 0
0.261853 1 -1 0
-0.034826 2 0 0
0.033315 2 2 0
0.036486 2 -2 0
-0.025173 3 1 0
-0.149647 3 -1 0
0.023910 3 3 0
0.078178 3 -3 0
-0.069437 4 0 0
-0.032603 4 2 0
-0.177366 4 -2 0
-0.004414 4 4 0
0.019128 4 -4 0
0.007210 5 1 0
0.051373 5 -1 0
-0.036929 5 3 0
-0.173489 5 -3 0
0.014891 5 5 0
0.021803 5 -5 0
0.074505 6 0 0
0.002953 6 2 0
0.112510 6 -2 0
-0.058273 6 4 0
-0.102803 6 -4 0
0.012159 6 6 0
-0.000468 6 -6 0
0.002061 7 1 0
0.123094 7 -1 0
0.060537 7 3 0
0.150619 7 -3 0
-0.009409 7 5 0
-0.110932 7 -5 0
-0.000905 7 7 0
-0.035560 7 -7 0
-0.005320 8 0 0
-0.001862 8 2 0
0.028239 8 -2 0
0.017923 8 4 0
0.118408 8 -4 0
-0.044092 8 6 0
-0.069661 8 -6 0
0.042255 8 8 0
-0.002892 8 -8 0
-0.001915 9 1 0
-0.020830 9 -1 0
-0.002436 9 3 0
-0.036378 9 -3 0
0.046099 9 5 0
0.090864 9 -5 0
-0.017423 9 7 0
-0.054748 9 -7 0
-0.018681 9 9 0
-0.050754 9 -9 0
-0.003097 10 0 0
-0.019429 10 2 0
-0.031484 10 -2 0
-0.047182 10 4 0
-0.048571 10 -4 0
0.028088 10 6 0
0.050218 10 -6 0
0.026147 10 8 0
-0.008860 10 -8 0
0.018667 10 10 0
0.031476 10 -10 0
0.004435 11 1 0
0.063950 11 -1 0
0.013698 11 3 0
-0.000912 11 -3 0
-0.013973 11 5 0
-0.068462 11 -5 0
0.027732 11 7 0
0.015734 11 -7 0
-0.013530 11 9 0
-0.031137 11 -9 0
-0.015160 11 11 0
-0.052475 11 -11 0
0.025659 12 0 0
0.004931 12 2 0
0.050419 12 -2 0
-0.010109 12 4 0
0.013387 12 -4 0
-0.035913 12 6 0
-0.057693 12 -6 0
0.047084 12 8 0
0.030627 12 -8 0
0.018692 12 10 0
0.046416 12 -10 0
-0.043070 12 12 0
-0.010449 12 -12 0
0.004961 13 1 0
0.044710 13 -1 0
0.022376 13 3 0
0.037166 13 -3 0
0.013129 13 5 0
0.016778 13 -5 0
-0.026862 13 7 0
-0.057906 13 -7 0
0.004457 13 9 0
-0.008388 13 -9 0
0.001351 13 11 0
-0.021058 13 -11 0
-0.013913 13 13 0
-0.030975 13 -13 0
0.006575 14 0 0
-0.006637 14 2 0
0.012930 14 -2 0
-0.008568 14 4 0
0.024112 14 -4 0
0.003151 14 6 0
0.014820 14 -6 0
0.003306 14 8 0
-0.021363 14 -8 0
0.019757 14 10 0
0.033676 14 -10 0
-0.027314 14 12 0
0.000703 14 -12 0
-0.012686 14 14 0
-0.043444 14 -14 0
0.005900 15 1 0
0.016102 15 -1 0
0.009017 15 3 0
0.001472 15 -3 0
0.010705 15 5 0
0.011387 15 -5 0
0.008686 15 7 0
0.009035 15 -7 0
-0.014506 15 9 0
-0.028984 15 -9 0
-0.000837 15 11 0
-0.014739 15 -11 0
-0.002527 15 13 0
-0.008869 15 -13 0
-0.000837 15 15 0
-0.017469 15 -15 0
0.007297 16 0 0
-0.002895 16 2 0
0.008551 16 -2 0
-0.014517 16 4 0
-0.000837 16 -4 0
-0.005295 16 6 0
0.000603 16 -6 0
0.020945 16 8 0
0.023048 16 -8 0
0.001568 16 10 0
0.014921 16 -10 0
-0.013303 16 12 0
-0.002964 16 -12 0
-0.003420 16 14 0
-0.016490 16 -14 0
0.008886 16 16 0
-0.012555 16 -16 0
0.002563 17 1 0
0.022710 17 -1 0
0.007243 17 3 0
0.011240 17 -3 0
-0.003430 17 5 0
-0.005145 17 -5 0
-0.004284 17 7 0
-0.012324 17 -7 0
0.008713 17 9 0
0.007716 17 -9 0
-0.000230 17 11 0
-0.008374 17 -11 0
-0.004581 17 13 0
-0.008557 17 -13 0
0.001892 17 15 0
-0.009428 17 -15 0
-0.000189 17 17 0
-0.003471 17 -17 0
0.005979 18 0 0
-0.001194 18 2 0
0.014472 18 -2 0
-0.001816 18 4 0
0.006540 18 -4 0
-0.003098 18 6 0
-0.004174 18 -6 0
0.001878 18 8 0
-0.001389 18 -8 0
0.012053 18 10 0
0.019715 18 -10 0
-0.010615 18 12 0
0.001264 18 -12 0
-0.003106 18 14 0
-0.008874 18 -14 0
0.001673 18 16 0
0.000457 18 -16 0
0.000317 18 18 0
-0.000192 18 -18 0
0.005661 19 1 0
0.010206 19 -1 0
0.006172 19 3 0
0.002866 19 -3 0
0.005188 19 5 0
0.004896 19 -5 0
-0.003929 19 7 0
-0.007197 19 -7 0
-0.004723 19 9 0
-0.008929 19 -9 0
0.003769 19 11 0
