0.206514 1 1 0
0.131969 1 -1 0
-0.053554 2 0 0
0.015483 2 2 0
0.058305 2 -2 0
-0.008947 3 1 0
-0.148039 3 -1 0
0.021082 3 3 0
0.056360 3 -3 0
-0.046223 4 0 0
-0.050899 4 2 0
-0.185017 4 -2 0
-0.014790 4 4 0
0.033108 4 -4 0
-0.003785 5 1 0
0.061795 5 -1 0
-0.041495 5 3 0
-0.157071 5 -3 0
0.020255 5 5 0
0.011169 5 -5 0
0.053139 6 0 0
0.013514 6 2 0
0.101634 6 -2 0
-0.057210 6 4 0
-0.123274 6 -4 0
-0.008349 6 6 0
-0.001849 6 -6 0
0.004524 7 1 0
0.138155 7 -1 0
0.041657 7 3 0
0.155729 7 -3 0
-0.025780 7 5 0
-0.098463 7 -5 0
0.005844 7 7 0
-0.021839 7 -7 0
-0.008588 8 0 0
-0.008619 8 2 0
0.024759 8 -2 0
0.025097 8 4 0
0.128834 8 -4 0
-0.032666 8 6 0
-0.068535 8 -6 0
0.041860 8 8 0
0.004870 8 -8 0
0.001610 9 1 0
-0.016549 9 -1 0
-0.009114 9 3 0
-0.028548 9 -3 0
0.049923 9 5 0
0.085868 9 -5 0
-0.019208 9 7 0
-0.036716 9 -7 0
-0.021583 9 9 0
-0.063575 9 -9 0
-0.009444 10 0 0
-0.021842 10 2 0
-0.038363 10 -2 0
-0.046984 10 4 0
-0.049948 10 -4 0
0.023741 10 6 0
0.052392 10 -6 0
0.025496 10 8 0
-0.008756 10 -8 0
0.022049 10 10 0
0.045159 10 -10 0
0.007332 11 1 0
0.063854 11 -1 0
-0.000134 11 3 0
0.004629 11 -3 0
-0.012294 11 5 0
-0.070531 11 -5 0
0.024923 11 7 0
0.028652 11 -7 0
-0.016779 11 9 0
-0.042364 11 -9 0
0.011134 11 11 0
-0.063178 11 -11 0
0.022799 12 0 0
0.000184 12 2 0
0.047801 12 -2 0
-0.009929 12 4 0
0.012669 12 -4 0
-0.035720 12 6 0
-0.058576 12 -6 0
0.048270 12 8 0
0.029868 12 -8 0
0.026715 12 10 0
0.053182 12 -10 0
-0.045348 12 12 0
-0.006835 12 -12 0
0.005916 13 1 0
0.048145 13 -1 0
0.017890 13 3 0
0.037007 13 -3 0
0.014719 13 5 0
0.012778 13 -5 0
-0.024580 13 7 0
-0.044432 13 -7 0
-0.000235 13 9 0
-0.020324 13 -9 0
0.016378 13 11 0
-0.029374 13 -11 0
0.002358 13 13 0
-0.026115 13 -13 0
0.001443 14 0 0
-0.007659 14 2 0
0.010763 14 -2 0
-0.009016 14 4 0
0.022079 14 -4 0
0.003029 14 6 0
0.015046 14 -6 0
0.000929 14 8 0
-0.019561 14 -8 0
0.026637 14 10 0
0.041117 14 -10 0
-0.021080 14 12 0
0.006068 14 -12 0
-0.006668 14 14 0
-0.044325 14 -14 0
0.006837 15 1 0
0.012725 15 -1 0
0.002209 15 3 0
0.001877 15 -3 0
0.010044 15 5 0
0.008816 15 -5 0
0.005150 15 7 0
0.013003 15 -7 0
-0.020692 15 9 0
-0.036834 15 -9 0
0.009517 15 11 0
-0.021882 15 -11 0
0.005018 15 13 0
-0.007958 15 -13 0
0.006784 15 15 0
-0.007925 15 -15 0
0.005253 16 0 0
-0.003256 16 2 0
0.007353 16 -2 0
-0.014434 16 4 0
-0.000947 16 -4 0
-0.004846 16 6 0
0.000154 16 -6 0
0.023784 16 8 0
0.023016 16 -8 0
0.003170 16 10 0
0.015981 16 -10 0
-0.013221 16 12 0
-0.000357 16 -12 0
-0.005415 16 14 0
-0.016399 16 -14 0
0.003071 16 16 0
-0.008640 16 -16 0
0.002832 17 1 0
0.020081 17 -1 0
0.004934 17 3 0
0.010391 17 -3 0
-0.002760 17 5 0
-0.008256 17 -5 0
-0.002628 17 7 0
-0.007222 17 -7 0
0.005718 17 9 0
0.001897 17 -9 0
0.006178 17 11 0
-0.009990 17 -11 0
-0.002446 17 13 0
-0.008133 17 -13 0
0.004963 17 15 0
-0.004615 17 -15 0
0.001879 17 17 0
-0.008717 17 -17 0
0.005532 18 0 0
-0.003374 18 2 0
0.014119 18 -2 0
-0.003387 18 4 0
0.006993 18 -4 0
-0.006966 18 6 0
-0.005215 18 -6 0
-0.000668 18 8 0
-0.000294 18 -8 0
0.012844 18 10 0
0.020642 18 -10 0
-0.008747 18 12 0
0.003381 18 -12 0
-0.001507 18 14 0
-0.009223 18 -14 0
-0.001052 18 16 0
-0.001925 18 -16 0
0.003060 18 18 0
0.002646 18 -18 0
0.004868 19 1 0
0.007087 19 -1 0
0.003932 19 3 0
0.002010 19 -3 0
0.005801 19 5 0
0.003444 19 -5 0
-0.004820 19 7 0
-0.005441 19 -7 0
-0.007989 19 9 0
-0.010844 19 -9 0
0.008846 19 11 0
