0.050333 1 1 0
0.269785 1 -1 0
-0.067139 2 0 0
-0.109004 2 2 0
0.121149 2 -2 0
0.140034 3 1 0
-0.319864 3 -1 0
-0.125669 3 3 0
0.059596 3 -3 0
-0.145201 4 0 0
0.318612 4 2 0
-0.274962 4 -2 0
-0.144022 4 4 0
-0.008081 4 -4 0
0.042972 5 1 0
-0.117052 5 -1 0
0.373785 5 3 0
-0.129683 5 -3 0
-0.107531 5 5 0
-0.069434 5 -5 0
0.101256 6 0 0
-0.085426 6 2 0
0.041637 6 -2 0
0.345116 6 4 0
0.019502 6 -4 0
-0.054435 6 6 0
-0.053115 6 -6 0
-0.097527 7 1 0
0.160414 7 -1 0
-0.211296 7 3 0
0.052814 7 -3 0
0.239567 7 5 0
0.096244 7 -5 0
-0.010600 7 7 0
-0.104742 7 -7 0
0.053040 8 0 0
-0.092266 8 2 0
0.050277 8 -2 0
-0.210586 8 4 0
-0.044192 8 -4 0
0.104173 8 6 0
0.192410 8 -6 0
0.063368 8 8 0
-0.029404 8 -8 0
0.032063 9 1 0
-0.058595 9 -1 0
0.005721 9 3 0
-0.008522 9 -3 0
-0.155963 9 5 0
-0.102524 9 -5 0
0.005429 9 7 0
0.132534 9 -7 0
-0.002697 9 9 0
0.040889 9 -9 0
-0.020732 10 0 0
0.075795 10 2 0
-0.054047 10 -2 0
0.098177 10 4 0
0.008585 10 -4 0
-0.093647 10 6 0
-0.053174 10 -6 0
-0.020417 10 8 0
0.087813 10 -8 0
-0.002468 10 10 0
-0.048886 10 -10 0
0.012896 11 1 0
-0.000937 11 -1 0
0.063508 11 3 0
0.013999 11 -3 0
0.115324 11 5 0
0.057612 11 -5 0
-0.047420 11 7 0
-0.070253 11 -7 0
-0.081798 11 9 0
0.090956 11 -9 0
0.026251 11 11 0
0.030289 11 -11 0
0.037050 12 0 0
-0.027525 12 2 0
0.008804 12 -2 0
0.037598 12 4 0
0.021764 12 -4 0
0.060855 12 6 0
0.135959 12 -6 0
0.014145 12 8 0
-0.041671 12 -8 0
-0.048049 12 10 0
-0.048003 12 -10 0
-0.050062 12 12 0
-0.031643 12 -12 0
-0.025512 13 1 0
0.060326 13 -1 0
-0.045532 13 3 0
0.013020 13 -3 0
-0.006471 13 5 0
0.016852 13 -5 0
0.011210 13 7 0
0.105209 13 -7 0
-0.009801 13 9 0
0.023300 13 -9 0
0.004539 13 11 0
-0.001143 13 -11 0
0.038319 13 13 0
-0.019813 13 -13 0
0.021940 14 0 0
-0.018173 14 2 0
0.015921 14 -2 0
-0.013349 14 4 0
-0.008082 14 -4 0
-0.024200 14 6 0
0.030232 14 -6 0
0.007526 14 8 0
0.077566 14 -8 0
0.011211 14 10 0
-0.037081 14 -10 0
-0.035763 14 12 0
-0.038764 14 -12 0
-0.036722 14 14 0
0.028670 14 -14 0
0.011725 15 1 0
0.028139 15 -1 0
0.004640 15 3 0
0.029411 15 -3 0
0.008452 15 5 0
0.010230 15 -5 0
-0.026629 15 7 0
0.006490 15 -7 0
-0.033214 15 9 0
0.090260 15 -9 0
0.027637 15 11 0
0.021663 15 -11 0
0.031973 15 13 0
-0.016407 15 -13 0
0.013318 15 15 0
-0.054131 15 -15 0
0.004887 16 0 0
0.016977 16 2 0
0.000376 16 -2 0
0.024740 16 4 0
0.029862 16 -4 0
0.004815 16 6 0
0.039461 16 -6 0
0.000672 16 8 0
-0.005009 16 -8 0
-0.026044 16 10 0
0.006481 16 -10 0
-0.005170 16 12 0
0.004575 16 -12 0
-0.012771 16 14 0
0.013023 16 -14 0
0.016443 16 16 0
0.019003 16 -16 0
0.001594 17 1 0
0.024844 17 -1 0
0.008773 17 3 0
0.020714 17 -3 0
0.010338 17 5 0
0.038220 17 -5 0
-0.005597 17 7 0
0.041382 17 -7 0
-0.017066 17 9 0
0.019648 17 -9 0
-0.010885 17 11 0
0.019423 17 -11 0
0.012591 17 13 0
0.016706 17 -13 0
0.014509 17 15 0
-0.026295 17 -15 0
0.002665 17 17 0
-0.009142 17 -17 0
0.007002 18 0 0
-0.005955 18 2 0
0.005649 18 -2 0
0.005772 18 4 0
0.012803 18 -4 0
-0.004213 18 6 0
0.040230 18 -6 0
-0.001596 18 8 0
0.029162 18 -8 0
-0.002364 18 10 0
-0.015592 18 -10 0
-0.018843 18 12 0
-0.005205 18 -12 0
-0.017279 18 14 0
0.020548 18 -14 0
0.012530 18 16 0
0.010254 18 -16 0
0.002766 18 18 0
-0.000134 18 -18 0
-0.002181 19 1 0
0.020344 19 -1 0
-0.013572 19 3 0
0.004187 19 -3 0
0.000359 19 5 0
0.007124 19 -5 0
-0.016815 19 7 0
0.019535 19 -7 0
-0.014214 19 9 0
0.033488 19 -9 0
0.001708 19 11 0
