0.019069 1 1 0
0.282245 1 -1 0
-0.077609 2 0 0
-0.087406 2 2 0
0.120102 2 -2 0
0.137467 3 1 0
-0.323236 3 -1 0
-0.110864 3 3 0
0.060300 3 -3 0
-0.149746 4 0 0
0.325932 4 2 0
-0.266323 4 -2 0
-0.133645 4 4 0
-0.018826 4 -4 0
0.045678 5 1 0
-0.125305 5 -1 0
0.380730 5 3 0
-0.128756 5 -3 0
-0.096310 5 5 0
-0.066854 5 -5 0
0.104036 6 0 0
-0.082136 6 2 0
0.042829 6 -2 0
0.340173 6 4 0
0.025444 6 -4 0
-0.057308 6 6 0
-0.060843 6 -6 0
-0.100555 7 1 0
0.166382 7 -1 0
-0.204129 7 3 0
0.051586 7 -3 0
0.242343 7 5 0
0.086805 7 -5 0
-0.019401 7 7 0
-0.111664 7 -7 0
0.058374 8 0 0
-0.090853 8 2 0
0.060207 8 -2 0
-0.209864 8 4 0
-0.040276 8 -4 0
0.104036 8 6 0
0.194726 8 -6 0
0.062122 8 8 0
-0.029113 8 -8 0
0.031478 9 1 0
-0.052988 9 -1 0
0.010697 9 3 0
-0.011212 9 -3 0
-0.152003 9 5 0
-0.103021 9 -5 0
-0.000455 9 7 0
0.130386 9 -7 0
0.000498 9 9 0
0.040679 9 -9 0
-0.018578 10 0 0
0.078937 10 2 0
-0.049389 10 -2 0
0.099589 10 4 0
0.007502 10 -4 0
-0.088915 10 6 0
-0.055696 10 -6 0
-0.015714 10 8 0
0.090547 10 -8 0
-0.013324 10 10 0
-0.061204 10 -10 0
0.009894 11 1 0
0.005290 11 -1 0
0.067182 11 3 0
0.014077 11 -3 0
0.118636 11 5 0
0.055481 11 -5 0
-0.052461 11 7 0
-0.073368 11 -7 0
-0.080565 11 9 0
0.090471 11 -9 0
0.023521 11 11 0
0.041270 11 -11 0
0.039989 12 0 0
-0.024793 12 2 0
0.014786 12 -2 0
0.037393 12 4 0
0.024466 12 -4 0
0.063106 12 6 0
0.129893 12 -6 0
0.019202 12 8 0
-0.039859 12 -8 0
-0.059177 12 10 0
-0.057176 12 -10 0
-0.046796 12 12 0
-0.040143 12 -12 0
-0.028319 13 1 0
0.067155 13 -1 0
-0.040448 13 3 0
0.011277 13 -3 0
-0.001990 13 5 0
0.016225 13 -5 0
0.006330 13 7 0
0.104992 13 -7 0
-0.010775 13 9 0
0.024902 13 -9 0
-0.001045 13 11 0
0.008183 13 -11 0
0.029408 13 13 0
-0.015905 13 -13 0
0.022747 14 0 0
-0.017723 14 2 0
0.019163 14 -2 0
-0.011525 14 4 0
-0.007719 14 -4 0
-0.021952 14 6 0
0.029049 14 -6 0
0.013828 14 8 0
0.078345 14 -8 0
0.003476 14 10 0
-0.043142 14 -10 0
-0.033034 14 12 0
-0.045599 14 -12 0
-0.040525 14 14 0
0.037934 14 -14 0
0.010193 15 1 0
0.031620 15 -1 0
0.006718 15 3 0
0.028386 15 -3 0
0.010851 15 5 0
0.008334 15 -5 0
-0.028864 15 7 0
0.008040 15 -7 0
-0.034147 15 9 0
0.091260 15 -9 0
0.025603 15 11 0
0.025018 15 -11 0
0.025268 15 13 0
-0.015659 15 -13 0
0.006834 15 15 0
-0.055587 15 -15 0
0.005610 16 0 0
0.017520 16 2 0
0.002654 16 -2 0
0.024801 16 4 0
0.030485 16 -4 0
0.005411 16 6 0
0.036710 16 -6 0
0.005684 16 8 0
-0.004327 16 -8 0
-0.029335 16 10 0
0.003923 16 -10 0
-0.005682 16 12 0
-0.001190 16 -12 0
-0.015009 16 14 0
0.018079 16 -14 0
0.016121 16 16 0
0.018281 16 -16 0
0.000366 17 1 0
0.029125 17 -1 0
0.010219 17 3 0
0.020237 17 -3 0
0.013066 17 5 0
0.038719 17 -5 0
-0.007422 17 7 0
0.042271 17 -7 0
-0.015762 17 9 0
0.020502 17 -9 0
-0.012779 17 11 0
0.020032 17 -11 0
0.012012 17 13 0
0.017542 17 -13 0
0.011494 17 15 0
-0.029185 17 -15 0
-0.000081 17 17 0
-0.008663 17 -17 0
0.008227 18 0 0
-0.005693 18 2 0
0.007125 18 -2 0
0.006574 18 4 0
0.012329 18 -4 0
-0.004422 18 6 0
0.038744 18 -6 0
0.001786 18 8 0
0.029332 18 -8 0
-0.004734 18 10 0
-0.015728 18 -10 0
-0.018167 18 12 0
-0.007225 18 -12 0
-0.020302 18 14 0
0.023706 18 -14 0
0.014329 18 16 0
0.010960 18 -16 0
0.005846 18 18 0
-0.000673 18 -18 0
-0.003588 19 1 0
0.023137 19 -1 0
-0.012792 19 3 0
0.004875 19 -3 0
0.002382 19 5 0
0.005898 19 -5 0
-0.017549 19 7 0
0.021655 19 -7 0
-0.013642 19 9 0
0.033135 19 -9 0
0.001591 19 11 0
