0.049958 1 1 0
0.278598 1 -1 0
-0.055159 2 0 0
-0.121939 2 2 0
0.129446 2 -2 0
0.153896 3 1 0
-0.332284 3 -1 0
-0.114077 3 3 0
0.077919 3 -3 0
-0.156672 4 0 0
0.337081 4 2 0
-0.273787 4 -2 0
-0.130038 4 4 0
-0.020161 4 -4 0
0.043804 5 1 0
-0.119291 5 -1 0
0.375172 5 3 0
-0.139608 5 -3 0
-0.101502 5 5 0
-0.065167 5 -5 0
0.098977 6 0 0
-0.079264 6 2 0
0.057023 6 -2 0
0.341014 6 4 0
0.023075 6 -4 0
-0.055029 6 6 0
-0.061988 6 -6 0
-0.094991 7 1 0
0.166563 7 -1 0
-0.211361 7 3 0
0.046367 7 -3 0
0.239241 7 5 0
0.094561 7 -5 0
-0.018340 7 7 0
-0.117412 7 -7 0
0.054141 8 0 0
-0.083491 8 2 0
0.064497 8 -2 0
-0.208158 8 4 0
-0.048600 8 -4 0
0.110199 8 6 0
0.190613 8 -6 0
0.062636 8 8 0
-0.030956 8 -8 0
0.031131 9 1 0
-0.055423 9 -1 0
0.006985 9 3 0
-0.018151 9 -3 0
-0.155866 9 5 0
-0.103012 9 -5 0
0.003350 9 7 0
0.125572 9 -7 0
0.004977 9 9 0
0.063689 9 -9 0
-0.022446 10 0 0
0.082068 10 2 0
-0.044147 10 -2 0
0.100483 10 4 0
0.005614 10 -4 0
-0.084210 10 6 0
-0.058858 10 -6 0
-0.019333 10 8 0
0.089593 10 -8 0
-0.009724 10 10 0
-0.061215 10 -10 0
0.012932 11 1 0
0.003089 11 -1 0
0.062711 11 3 0
0.008867 11 -3 0
0.116545 11 5 0
0.059590 11 -5 0
-0.050223 11 7 0
-0.079486 11 -7 0
-0.075078 11 9 0
0.104410 11 -9 0
0.016804 11 11 0
0.038641 11 -11 0
0.035793 12 0 0
-0.019506 12 2 0
0.019727 12 -2 0
0.037309 12 4 0
0.021116 12 -4 0
0.062921 12 6 0
0.130089 12 -6 0
0.016459 12 8 0
-0.041434 12 -8 0
-0.057920 12 10 0
-0.057198 12 -10 0
-0.058157 12 12 0
-0.028311 12 -12 0
-0.023064 13 1 0
0.062555 13 -1 0
-0.042366 13 3 0
0.006220 13 -3 0
-0.003909 13 5 0
0.016474 13 -5 0
0.010398 13 7 0
0.098095 13 -7 0
-0.006368 13 9 0
0.035832 13 -9 0
-0.005003 13 11 0
0.005933 13 -11 0
0.040314 13 13 0
-0.019456 13 -13 0
0.019991 14 0 0
-0.012991 14 2 0
0.022551 14 -2 0
-0.012100 14 4 0
-0.008620 14 -4 0
-0.021118 14 6 0
0.028025 14 -6 0
0.009706 14 8 0
0.078656 14 -8 0
0.006920 14 10 0
-0.044446 14 -10 0
-0.038085 14 12 0
-0.039764 14 -12 0
-0.043769 14 14 0
0.028046 14 -14 0
0.012295 15 1 0
0.028632 15 -1 0
0.005962 15 3 0
0.024491 15 -3 0
0.008969 15 5 0
0.010651 15 -5 0
-0.027743 15 7 0
0.000331 15 -7 0
-0.030385 15 9 0
0.098337 15 -9 0
0.022471 15 11 0
0.023604 15 -11 0
0.033134 15 13 0
-0.016230 15 -13 0
0.016003 15 15 0
-0.048996 15 -15 0
0.003739 16 0 0
0.021086 16 2 0
0.006517 16 -2 0
0.024581 16 4 0
0.028935 16 -4 0
0.005645 16 6 0
0.037058 16 -6 0
0.003764 16 8 0
-0.003671 16 -8 0
-0.030442 16 10 0
0.004559 16 -10 0
-0.008743 16 12 0
0.001608 16 -12 0
-0.015578 16 14 0
0.012515 16 -14 0
0.013176 16 16 0
0.014049 16 -16 0
0.003893 17 1 0
0.025794 17 -1 0
0.011996 17 3 0
0.018306 17 -3 0
0.012374 17 5 0
0.039186 17 -5 0
-0.006316 17 7 0
0.037355 17 -7 0
-0.012852 17 9 0
0.024015 17 -9 0
-0.012640 17 11 0
0.019372 17 -11 0
0.013095 17 13 0
0.017970 17 -13 0
0.015539 17 15 0
-0.026081 17 -15 0
0.000267 17 17 0
-0.006614 17 -17 0
0.005645 18 0 0
-0.004140 18 2 0
0.008820 18 -2 0
0.006461 18 4 0
0.011233 18 -4 0
-0.004189 18 6 0
0.039433 18 -6 0
-0.000867 18 8 0
0.028327 18 -8 0
-0.003745 18 10 0
-0.017740 18 -10 0
-0.020345 18 12 0
-0.005436 18 -12 0
-0.016985 18 14 0
0.019272 18 -14 0
0.013532 18 16 0
0.010012 18 -16 0
0.005160 18 18 0
0.000863 18 -18 0
-0.002176 19 1 0
0.021479 19 -1 0
-0.012299 19 3 0
0.003080 19 -3 0
-0.000013 19 5 0
0.007607 19 -5 0
-0.016138 19 7 0
0.018008 19 -7 0
-0.012871 19 9 0
0.034388 19 -9 0
0.001427 19 11 0
