0.178493 1 1 0
-0.130455 1 -1 0
-0.107312 2 0 0
-0.167050 2 2 0
-0.026383 2 -2 0
-0.259258 3 1 0
0.268554 3 -1 0
0.089633 3 3 0
0.099233 3 -3 0
-0.013722 4 0 0
0.339482 4 2 0
0.045862 4 -2 0
0.010703 4 4 0
-0.041470 4 -4 0
0.214526 5 1 0
-0.159183 5 -1 0
-0.161212 5 3 0
-0.176252 5 -3 0
-0.008673 5 5 0
0.045549 5 -5 0
0.175430 6 0 0
-0.450566 6 2 0
0.016200 6 -2 0
-0.009745 6 4 0
0.193848 6 -4 0
0.091672 6 6 0
-0.042668 6 -6 0
0.065831 7 1 0
-0.032500 7 -1 0
0.275270 7 3 0
0.321260 7 -3 0
0.096749 7 5 0
-0.053430 7 -5 0
-0.016968 7 7 0
-0.054221 7 -7 0
-0.068575 8 0 0
0.103231 8 2 0
0.033776 8 -2 0
0.027480 8 4 0
-0.247279 8 -4 0
0.015372 8 6 0
-0.051837 8 -6 0
0.002753 8 8 0
-0.043423 8 -8 0
-0.085404 9 1 0
0.120270 9 -1 0
-0.117917 9 3 0
-0.135703 9 -3 0
-0.117420 9 5 0
0.127224 9 -5 0
0.010484 9 7 0
-0.014210 9 -7 0
-0.022074 9 9 0
-0.058959 9 -9 0
0.029582 10 0 0
-0.043683 10 2 0
0.023918 10 -2 0
-0.011330 10 4 0
0.207916 10 -4 0
0.165519 10 6 0
-0.024108 10 -6 0
0.013906 10 8 0
-0.074760 10 -8 0
-0.044718 10 10 0
-0.020016 10 -10 0
0.098904 11 1 0
-0.063550 11 -1 0
0.100007 11 3 0
0.116892 11 -3 0
0.111461 11 5 0
-0.059893 11 -5 0
-0.048419 11 7 0
-0.084193 11 -7 0
-0.050191 11 9 0
-0.031260 11 -9 0
-0.002872 11 11 0
-0.006602 11 -11 0
0.058352 12 0 0
-0.123543 12 2 0
0.020407 12 -2 0
0.010776 12 4 0
-0.122592 12 -4 0
-0.012130 12 6 0
-0.049556 12 -6 0
-0.001986 12 8 0
-0.003386 12 -8 0
-0.003689 12 10 0
-0.011854 12 -10 0
-0.014356 12 12 0
0.040889 12 -12 0
0.023981 13 1 0
0.005161 13 -1 0
0.029409 13 3 0
0.031765 13 -3 0
-0.075434 13 5 0
0.078162 13 -5 0
0.011768 13 7 0
0.009582 13 -7 0
-0.002448 13 9 0
-0.047764 13 -9 0
-0.013308 13 11 0
-0.026759 13 -11 0
-0.017270 13 13 0
0.028001 13 -13 0
-0.004991 14 0 0
-0.001628 14 2 0
0.009652 14 -2 0
-0.000297 14 4 0
0.040353 14 -4 0
0.112434 14 6 0
-0.014433 14 -6 0
0.013993 14 8 0
-0.059842 14 -8 0
-0.036113 14 10 0
-0.015339 14 -10 0
-0.011484 14 12 0
0.045955 14 -12 0
0.040276 14 14 0
0.017255 14 -14 0
-0.002300 15 1 0
0.020931 15 -1 0
0.004559 15 3 0
0.010208 15 -3 0
0.038513 15 5 0
-0.018866 15 -5 0
-0.032336 15 7 0
-0.052826 15 -7 0
-0.041204 15 9 0
-0.010463 15 -9 0
0.004521 15 11 0
0.006264 15 -11 0
-0.004661 15 13 0
0.014961 15 -13 0
-0.003939 15 15 0
0.002053 15 -15 0
0.014819 16 0 0
-0.029133 16 2 0
0.009698 16 -2 0
0.001167 16 4 0
-0.008895 16 -4 0
-0.002177 16 6 0
-0.022866 16 -6 0
-0.000710 16 8 0
0.005002 16 -8 0
0.012448 16 10 0
-0.004824 16 -10 0
-0.002992 16 12 0
0.014226 16 -12 0
0.019406 16 14 0
0.011098 16 -14 0
0.000507 16 16 0
0.008160 16 -16 0
0.029444 17 1 0
-0.017355 17 -1 0
0.020787 17 3 0
0.018736 17 -3 0
-0.016519 17 5 0
0.019519 17 -5 0
0.002363 17 7 0
0.006485 17 -7 0
0.001413 17 9 0
-0.019669 17 -9 0
-0.011812 17 11 0
-0.021173 17 -11 0
-0.010705 17 13 0
0.011629 17 -13 0
-0.002570 17 15 0
-0.000076 17 -15 0
0.003209 17 17 0
0.007815 17 -17 0
0.013770 18 0 0
-0.025574 18 2 0
0.003776 18 -2 0
0.000258 18 4 0
-0.007057 18 -4 0
0.036316 18 6 0
-0.007874 18 -6 0
0.006460 18 8 0
-0.022843 18 -8 0
-0.014609 18 10 0
-0.006460 18 -10 0
-0.007000 18 12 0
0.022687 18 -12 0
0.014213 18 14 0
0.007449 18 -14 0
0.000444 18 16 0
0.002364 18 -16 0
-0.002256 18 18 0
-0.004731 18 -18 0
0.005960 19 1 0
0.002456 19 -1 0
0.002164 19 3 0
0.005631 19 -3 0
0.003649 19 5 0
-0.002873 19 -5 0
-0.011420 19 7 0
-0.017490 19 -7 0
-0.013427 19 9 0
-0.005423 19 -9 0
0.003120 19 11 0
