0.099167 1 1 0
-0.075900 1 -1 0
-0.124420 2 0 0
-0.160340 2 2 0
0.006492 2 -2 0
-0.253749 3 1 0
0.251108 3 -1 0
0.058690 3 3 0
0.109586 3 -3 0
-0.006988 4 0 0
0.321960 4 2 0
0.035389 4 -2 0
0.008098 4 4 0
-0.046505 4 -4 0
0.224175 5 1 0
-0.172049 5 -1 0
-0.151041 5 3 0
-0.159894 5 -3 0
-0.019188 5 5 0
0.047925 5 -5 0
0.172565 6 0 0
-0.461144 6 2 0
0.018003 6 -2 0
-0.028161 6 4 0
0.202141 6 -4 0
0.099845 6 6 0
-0.047461 6 -6 0
0.065979 7 1 0
-0.044214 7 -1 0
0.267301 7 3 0
0.329259 7 -3 0
0.084989 7 5 0
-0.043168 7 -5 0
-0.030872 7 7 0
-0.061794 7 -7 0
-0.072972 8 0 0
0.091325 8 2 0
0.037043 8 -2 0
0.017744 8 4 0
-0.244511 8 -4 0
0.017528 8 6 0
-0.048731 8 -6 0
0.003612 8 8 0
-0.038186 8 -8 0
-0.082977 9 1 0
0.105851 9 -1 0
-0.123515 9 3 0
-0.120188 9 -3 0
-0.125592 9 5 0
0.130602 9 -5 0
-0.003305 9 7 0
-0.020521 9 -7 0
-0.045530 9 9 0
-0.071776 9 -9 0
0.030737 10 0 0
-0.059631 10 2 0
0.026355 10 -2 0
-0.023746 10 4 0
0.213752 10 -4 0
0.170228 10 6 0
-0.028541 10 -6 0
0.008413 10 8 0
-0.074171 10 -8 0
-0.052303 10 10 0
-0.018137 10 -10 0
0.101818 11 1 0
-0.072595 11 -1 0
0.095232 11 3 0
0.124708 11 -3 0
0.101865 11 5 0
-0.057749 11 -5 0
-0.060872 11 7 0
-0.089676 11 -7 0
-0.071971 11 9 0
-0.043062 11 -9 0
-0.018509 11 11 0
-0.011965 11 -11 0
0.054957 12 0 0
-0.131464 12 2 0
0.019855 12 -2 0
0.003190 12 4 0
-0.119123 12 -4 0
-0.008382 12 6 0
-0.045690 12 -6 0
-0.001897 12 8 0
-0.001161 12 -8 0
-0.012113 12 10 0
-0.014553 12 -10 0
-0.011972 12 12 0
0.046851 12 -12 0
0.023960 13 1 0
-0.004527 13 -1 0
0.026390 13 3 0
0.041190 13 -3 0
-0.082938 13 5 0
0.080802 13 -5 0
0.003119 13 7 0
0.004559 13 -7 0
-0.017719 13 9 0
-0.056506 13 -9 0
-0.025089 13 11 0
-0.032153 13 -11 0
-0.014301 13 13 0
0.027542 13 -13 0
-0.005869 14 0 0
-0.006941 14 2 0
0.009631 14 -2 0
-0.004111 14 4 0
0.043473 14 -4 0
0.112980 14 6 0
-0.014456 14 -6 0
0.010679 14 8 0
-0.058430 14 -8 0
-0.041389 14 10 0
-0.016105 14 -10 0
-0.013530 14 12 0
0.048661 14 -12 0
0.035396 14 14 0
0.014205 14 -14 0
-0.000836 15 1 0
0.016275 15 -1 0
0.004238 15 3 0
0.014108 15 -3 0
0.033831 15 5 0
-0.015463 15 -5 0
-0.038343 15 7 0
-0.056346 15 -7 0
-0.052016 15 9 0
-0.016614 15 -9 0
-0.004843 15 11 0
0.002774 15 -11 0
-0.002160 15 13 0
0.012656 15 -13 0
0.001298 15 15 0
-0.002988 15 -15 0
0.013771 16 0 0
-0.032859 16 2 0
0.009973 16 -2 0
-0.002232 16 4 0
-0.008400 16 -4 0
-0.000767 16 6 0
-0.021649 16 -6 0
-0.002654 16 8 0
0.004710 16 -8 0
0.009621 16 10 0
-0.005299 16 -10 0
-0.004138 16 12 0
0.016305 16 -12 0
0.017524 16 14 0
0.006752 16 -14 0
-0.002486 16 16 0
0.002770 16 -16 0
0.028259 17 1 0
-0.019951 17 -1 0
0.020068 17 3 0
0.023429 17 -3 0
-0.019067 17 5 0
0.020657 17 -5 0
0.000707 17 7 0
0.005327 17 -7 0
-0.004863 17 9 0
-0.023117 17 -9 0
-0.016989 17 11 0
-0.022074 17 -11 0
-0.011850 17 13 0
0.011138 17 -13 0
-0.000060 17 15 0
-0.001369 17 -15 0
0.004349 17 17 0
0.005892 17 -17 0
0.013165 18 0 0
-0.027981 18 2 0
0.001487 18 -2 0
-0.001158 18 4 0
-0.005882 18 -4 0
0.036191 18 6 0
-0.005851 18 -6 0
0.005369 18 8 0
-0.024237 18 -8 0
-0.015835 18 10 0
-0.006325 18 -10 0
-0.005400 18 12 0
0.023381 18 -12 0
0.014524 18 14 0
0.007362 18 -14 0
-0.001936 18 16 0
0.000190 18 -16 0
-0.004349 18 18 0
-0.003234 18 -18 0
0.005045 19 1 0
0.001704 19 -1 0
0.003491 19 3 0
0.007071 19 -3 0
0.002422 19 5 0
-0.001086 19 -5 0
-0.012277 19 7 0
-0.018532 19 -7 0
-0.016917 19 9 0
-0.006854 19 -9 0
0.000975 19 11 0
