0.195852 1 1 0
-0.174208 1 -1 0
-0.112683 2 0 0
-0.152177 2 2 0
-0.016761 2 -2 0
-0.300900 3 1 0
0.289290 3 -1 0
0.079000 3 3 0
0.089715 3 -3 0
-0.012051 4 0 0
0.328831 4 2 0
0.032593 4 -2 0
0.019875 4 4 0
-0.051644 4 -4 0
0.231176 5 1 0
-0.160596 5 -1 0
-0.158621 5 3 0
-0.165389 5 -3 0
-0.006325 5 5 0
0.028324 5 -5 0
0.172344 6 0 0
-0.449873 6 2 0
0.014564 6 -2 0
-0.000785 6 4 0
0.195123 6 -4 0
0.103992 6 6 0
-0.033184 6 -6 0
0.067364 7 1 0
-0.025478 7 -1 0
0.265517 7 3 0
0.319588 7 -3 0
0.093000 7 5 0
-0.060283 7 -5 0
-0.011742 7 7 0
-0.051974 7 -7 0
-0.068704 8 0 0
0.099358 8 2 0
0.023611 8 -2 0
0.042636 8 4 0
-0.248872 8 -4 0
0.026642 8 6 0
-0.040765 8 -6 0
0.000116 8 8 0
-0.035156 8 -8 0
-0.081940 9 1 0
0.122797 9 -1 0
-0.120147 9 3 0
-0.131458 9 -3 0
-0.125703 9 5 0
0.112519 9 -5 0
0.014850 9 7 0
-0.015302 9 -7 0
-0.038570 9 9 0
-0.050450 9 -9 0
0.031656 10 0 0
-0.048935 10 2 0
0.018800 10 -2 0
-0.005757 10 4 0
0.207673 10 -4 0
0.180911 10 6 0
-0.018316 10 -6 0
0.009778 10 8 0
-0.066668 10 -8 0
-0.047719 10 10 0
-0.017970 10 -10 0
0.098948 11 1 0
-0.059576 11 -1 0
0.093933 11 3 0
0.117578 11 -3 0
0.108572 11 5 0
-0.071607 11 -5 0
-0.042881 11 7 0
-0.083499 11 -7 0
-0.059703 11 9 0
-0.024381 11 -9 0
-0.022382 11 11 0
-0.019078 11 -11 0
0.057563 12 0 0
-0.125632 12 2 0
0.016119 12 -2 0
0.021367 12 4 0
-0.122010 12 -4 0
-0.003111 12 6 0
-0.038951 12 -6 0
-0.004016 12 8 0
0.001485 12 -8 0
-0.006272 12 10 0
-0.007829 12 -10 0
-0.013878 12 12 0
0.047556 12 -12 0
0.026567 13 1 0
0.006095 13 -1 0
0.024477 13 3 0
0.032923 13 -3 0
-0.079972 13 5 0
0.068279 13 -5 0
0.015355 13 7 0
0.007552 13 -7 0
-0.010786 13 9 0
-0.041951 13 -9 0
-0.028339 13 11 0
-0.038125 13 -11 0
-0.021978 13 13 0
0.019628 13 -13 0
-0.004783 14 0 0
-0.004397 14 2 0
0.006773 14 -2 0
0.004581 14 4 0
0.041282 14 -4 0
0.120075 14 6 0
-0.007843 14 -6 0
0.010611 14 8 0
-0.056205 14 -8 0
-0.036882 14 10 0
-0.014957 14 -10 0
-0.013076 14 12 0
0.047329 14 -12 0
0.044518 14 14 0
0.015061 14 -14 0
-0.003184 15 1 0
0.023107 15 -1 0
0.003684 15 3 0
0.010195 15 -3 0
0.035388 15 5 0
-0.024260 15 -5 0
-0.030074 15 7 0
-0.053222 15 -7 0
-0.046947 15 9 0
-0.005723 15 -9 0
-0.006723 15 11 0
-0.000577 15 -11 0
-0.006610 15 13 0
0.009044 15 -13 0
-0.001900 15 15 0
-0.006215 15 -15 0
0.016045 16 0 0
-0.029538 16 2 0
0.007340 16 -2 0
0.004988 16 4 0
-0.009683 16 -4 0
0.001373 16 6 0
-0.019157 16 -6 0
-0.003951 16 8 0
0.007441 16 -8 0
0.012106 16 10 0
-0.004205 16 -10 0
-0.004044 16 12 0
0.015825 16 -12 0
0.024000 16 14 0
0.008508 16 -14 0
-0.003486 16 16 0
0.008264 16 -16 0
0.029801 17 1 0
-0.016133 17 -1 0
0.018960 17 3 0
0.019784 17 -3 0
-0.017464 17 5 0
0.015583 17 -5 0
0.003946 17 7 0
0.006857 17 -7 0
-0.001877 17 9 0
-0.017048 17 -9 0
-0.017738 17 11 0
-0.024069 17 -11 0
-0.010462 17 13 0
0.009345 17 -13 0
-0.003328 17 15 0
-0.001879 17 -15 0
0.004166 17 17 0
0.009090 17 -17 0
0.013999 18 0 0
-0.027001 18 2 0
0.001861 18 -2 0
0.002305 18 4 0
-0.005899 18 -4 0
0.038157 18 6 0
-0.004622 18 -6 0
0.007078 18 8 0
-0.022266 18 -8 0
-0.014283 18 10 0
-0.007142 18 -10 0
-0.005776 18 12 0
0.024261 18 -12 0
0.016250 18 14 0
0.005257 18 -14 0
-0.000620 18 16 0
0.003080 18 -16 0
-0.001360 18 18 0
-0.003645 18 -18 0
0.005720 19 1 0
0.001684 19 -1 0
0.001563 19 3 0
0.005741 19 -3 0
0.003575 19 5 0
-0.004338 19 -5 0
-0.009758 19 7 0
-0.017244 19 -7 0
-0.014436 19 9 0
-0.003095 19 -9 0
0.000063 19 11 0
