-0.043740 1 1 0
0.085141 1 -1 0
-0.065267 2 0 0
0.009863 2 2 0
0.009663 2 -2 0
-0.013812 3 1 0
-0.101965 3 -1 0
0.004516 3 3 0
0.011691 3 -3 0
0.065537 4 0 0
-0.011989 4 2 0
-0.050429 4 -2 0
-0.000570 4 4 0
0.003130 4 -4 0
0.026307 5 1 0
0.135856 5 -1 0
-0.003599 5 3 0
-0.016122 5 -3 0
0.004096 5 5 0
-0.002788 5 -5 0
-0.027045 6 0 0
0.025465 6 2 0
0.081485 6 -2 0
-0.009308 6 4 0
-0.010007 6 -4 0
0.003594 6 6 0
0.000298 6 -6 0
-0.014509 7 1 0
-0.104878 7 -1 0
0.016422 7 3 0
0.039730 7 -3 0
-0.003740 7 5 0
-0.003442 7 -5 0
0.000137 7 7 0
-0.001111 7 -7 0
-0.006401 8 0 0
-0.033170 8 2 0
-0.079932 8 -2 0
0.013517 8 4 0
0.011171 8 -4 0
0.001943 8 6 0
0.005167 8 -6 0
-0.005470 8 8 0
0.006024 8 -8 0
0.011788 9 1 0
0.069125 9 -1 0
-0.016261 9 3 0
-0.038847 9 -3 0
-0.000377 9 5 0
0.000371 9 -5 0
-0.001502 9 7 0
-0.005220 9 -7 0
0.005427 9 9 0
-0.003454 9 -9 0
0.015611 10 0 0
0.024093 10 2 0
0.054697 10 -2 0
-0.014600 10 4 0
-0.015958 10 -4 0
0.004986 10 6 0
-0.003227 10 -6 0
0.001760 10 8 0
0.008325 10 -8 0
-0.008313 10 10 0
-0.003620 10 -10 0
0.000505 11 1 0
-0.020161 11 -1 0
0.021316 11 3 0
0.037252 11 -3 0
-0.009743 11 5 0
-0.001967 11 -5 0
-0.001243 11 7 0
-0.004638 11 -7 0
0.007994 11 9 0
-0.001940 11 -9 0
0.004874 11 11 0
0.002502 11 -11 0
-0.017579 12 0 0
-0.016515 12 2 0
-0.029326 12 -2 0
0.012987 12 4 0
0.015832 12 -4 0
0.004306 12 6 0
0.006308 12 -6 0
-0.000995 12 8 0
0.003371 12 -8 0
0.000278 12 10 0
0.004967 12 -10 0
0.001098 12 12 0
0.003137 12 -12 0
-0.001096 13 1 0
0.012200 13 -1 0
-0.012120 13 3 0
-0.018716 13 -3 0
0.004281 13 5 0
0.004945 13 -5 0
-0.000717 13 7 0
0.000400 13 -7 0
0.002496 13 9 0
-0.002112 13 -9 0
0.002469 13 11 0
0.000407 13 -11 0
-0.004121 13 13 0
0.001677 13 -13 0
0.011426 14 0 0
0.006329 14 2 0
0.010463 14 -2 0
-0.010763 14 4 0
-0.014418 14 -4 0
0.004877 14 6 0
0.000785 14 -6 0
0.001463 14 8 0
0.006879 14 -8 0
-0.001471 14 10 0
0.002559 14 -10 0
0.002927 14 12 0
0.002711 14 -12 0
0.002637 14 14 0
0.002450 14 -14 0
0.005922 15 1 0
0.009424 15 -1 0
0.009652 15 3 0
0.016129 15 -3 0
-0.008322 15 5 0
-0.008513 15 -5 0
-0.001656 15 7 0
-0.003653 15 -7 0
0.003805 15 9 0
0.000218 15 -9 0
0.002632 15 11 0
0.000910 15 -11 0
-0.002656 15 13 0
0.001764 15 -13 0
-0.002664 15 15 0
0.001100 15 -15 0
-0.007597 16 0 0
-0.001617 16 2 0
-0.003407 16 -2 0
0.008134 16 4 0
0.008537 16 -4 0
0.000881 16 6 0
0.000531 16 -6 0
-0.002387 16 8 0
0.001574 16 -8 0
0.001306 16 10 0
0.001165 16 -10 0
0.001523 16 12 0
-0.000005 16 -12 0
0.002583 16 14 0
0.001326 16 -14 0
0.001501 16 16 0
0.005208 16 -16 0
-0.001396 17 1 0
-0.002189 17 -1 0
-0.001948 17 3 0
-0.004318 17 -3 0
0.003248 17 5 0
0.006453 17 -5 0
-0.000550 17 7 0
-0.001260 17 -7 0
0.001787 17 9 0
-0.001322 17 -9 0
0.003515 17 11 0
0.000668 17 -11 0
-0.001732 17 13 0
0.002449 17 -13 0
-0.002226 17 15 0
-0.000259 17 -15 0
0.001383 17 17 0
0.000850 17 -17 0
0.001816 18 0 0
0.000137 18 2 0
-0.001138 18 -2 0
-0.001631 18 4 0
-0.003317 18 -4 0
0.004496 18 6 0
-0.000378 18 -6 0
0.000890 18 8 0
0.002259 18 -8 0
-0.001671 18 10 0
0.000899 18 -10 0
0.001839 18 12 0
0.001824 18 -12 0
0.002348 18 14 0
0.001202 18 -14 0
-0.000777 18 16 0
0.001550 18 -16 0
-0.001430 18 18 0
0.001053 18 -18 0
0.002462 19 1 0
0.006748 19 -1 0
-0.000263 19 3 0
0.002062 19 -3 0
-0.005173 19 5 0
-0.006228 19 -5 0
0.002484 19 7 0
-0.001430 19 -7 0
0.002468 19 9 0
-0.001327 19 -9 0
0.001881 19 11 0
