-0.040994 1 1 0
0.098469 1 -1 0
-0.193718 2 0 0
0.009747 2 2 0
0.022265 2 -2 0
-0.034400 3 1 0
-0.288716 3 -1 0
0.009871 3 3 0
0.011303 3 -3 0
0.184425 4 0 0
-0.050497 4 2 0
-0.140167 4 -2 0
0.002681 4 4 0
-0.003197 4 -4 0
0.083864 5 1 0
0.413094 5 -1 0
-0.024902 5 3 0
-0.047757 5 -3 0
0.005097 5 5 0
0.000449 5 -5 0
-0.075812 6 0 0
0.075431 6 2 0
0.236805 6 -2 0
-0.019092 6 4 0
-0.022164 6 -4 0
0.007236 6 6 0
0.003850 6 -6 0
-0.047159 7 1 0
-0.343894 7 -1 0
0.064365 7 3 0
0.117401 7 -3 0
-0.011354 7 5 0
-0.004856 7 -5 0
-0.004250 7 7 0
-0.006704 7 -7 0
-0.014716 8 0 0
-0.101710 8 2 0
-0.245345 8 -2 0
0.027281 8 4 0
0.028517 8 -4 0
0.009972 8 6 0
0.009964 8 -6 0
-0.003060 8 8 0
0.013658 8 -8 0
0.044936 9 1 0
0.212593 9 -1 0
-0.056341 9 3 0
-0.119834 9 -3 0
0.003783 9 5 0
-0.001843 9 -5 0
-0.000744 9 7 0
-0.002393 9 -7 0
0.008949 9 9 0
-0.003539 9 -9 0
0.059099 10 0 0
0.064096 10 2 0
0.173362 10 -2 0
-0.041469 10 4 0
-0.060330 10 -4 0
0.005536 10 6 0
-0.009194 10 -6 0
0.001180 10 8 0
0.021119 10 -8 0
-0.008995 10 10 0
-0.004789 10 -10 0
0.008665 11 1 0
-0.077086 11 -1 0
0.064997 11 3 0
0.116752 11 -3 0
-0.022356 11 5 0
-0.012843 11 -5 0
-0.008417 11 7 0
-0.013129 11 -7 0
0.009311 11 9 0
0.002847 11 -9 0
0.002118 11 11 0
0.002775 11 -11 0
-0.051206 12 0 0
-0.053946 12 2 0
-0.096167 12 -2 0
0.031949 12 4 0
0.049136 12 -4 0
0.008801 12 6 0
0.015338 12 -6 0
-0.005809 12 8 0
0.009491 12 -8 0
-0.003717 12 10 0
0.003486 12 -10 0
0.000066 12 12 0
-0.002867 12 -12 0
0.000236 13 1 0
0.022448 13 -1 0
-0.035244 13 3 0
-0.062553 13 -3 0
0.011894 13 5 0
0.014128 13 -5 0
0.001234 13 7 0
0.008943 13 -7 0
0.003242 13 9 0
-0.000390 13 -9 0
0.003099 13 11 0
0.001837 13 -11 0
-0.001668 13 13 0
0.006474 13 -13 0
0.038942 14 0 0
0.013446 14 2 0
0.037971 14 -2 0
-0.032307 14 4 0
-0.053912 14 -4 0
0.009349 14 6 0
-0.001417 14 -6 0
0.006234 14 8 0
0.019652 14 -8 0
-0.004175 14 10 0
0.002363 14 -10 0
0.003199 14 12 0
-0.001233 14 -12 0
0.005661 14 14 0
0.000586 14 -14 0
0.024687 15 1 0
0.019265 15 -1 0
0.029427 15 3 0
0.046070 15 -3 0
-0.021773 15 5 0
-0.025176 15 -5 0
-0.005093 15 7 0
-0.011961 15 -7 0
0.007316 15 9 0
0.004757 15 -9 0
0.000786 15 11 0
0.000896 15 -11 0
-0.000430 15 13 0
0.003598 15 -13 0
-0.003016 15 15 0
0.005258 15 -15 0
-0.017164 16 0 0
-0.008491 16 2 0
-0.010408 16 -2 0
0.019359 16 4 0
0.027107 16 -4 0
-0.000487 16 6 0
0.000225 16 -6 0
-0.006782 16 8 0
0.003420 16 -8 0
0.001790 16 10 0
0.000618 16 -10 0
0.001346 16 12 0
-0.000930 16 -12 0
0.003088 16 14 0
0.002336 16 -14 0
0.003578 16 16 0
0.007671 16 -16 0
-0.005227 17 1 0
-0.010558 17 -1 0
-0.008039 17 3 0
-0.010281 17 -3 0
0.010857 17 5 0
0.014917 17 -5 0
-0.001011 17 7 0
0.002429 17 -7 0
-0.000253 17 9 0
-0.001635 17 -9 0
0.003638 17 11 0
0.000745 17 -11 0
-0.002127 17 13 0
0.003260 17 -13 0
-0.003288 17 15 0
0.001259 17 -15 0
0.003595 17 17 0
0.001496 17 -17 0
0.007502 18 0 0
-0.004504 18 2 0
-0.001368 18 -2 0
-0.012277 18 4 0
-0.018408 18 -4 0
0.010296 18 6 0
0.003919 18 -6 0
0.003322 18 8 0
0.009357 18 -8 0
-0.004270 18 10 0
-0.000470 18 -10 0
0.001676 18 12 0
-0.000853 18 -12 0
0.003049 18 14 0
0.002219 18 -14 0
0.000515 18 16 0
0.004421 18 -16 0
-0.001728 18 18 0
0.001274 18 -18 0
0.011263 19 1 0
0.013000 19 -1 0
0.004711 19 3 0
0.005523 19 -3 0
-0.010840 19 5 0
-0.016090 19 -5 0
0.003565 19 7 0
-0.005194 19 -7 0
0.004244 19 9 0
0.002403 19 -9 0
-0.000687 19 11 0
