-0.072028 1 1 0
-0.012911 1 -1 0
0.210395 2 0 0
0.020960 2 2 0
0.006954 2 -2 0
0.039843 3 1 0
-0.071465 3 -1 0
0.004068 3 3 0
0.011407 3 -3 0
-0.311961 4 0 0
-0.011149 4 2 0
-0.000754 4 -2 0
-0.004285 4 4 0
-0.025516 4 -4 0
-0.095815 5 1 0
0.047921 5 -1 0
0.012013 5 3 0
0.005830 5 -3 0
-0.003014 5 5 0
0.028450 5 -5 0
0.378649 6 0 0
0.011700 6 2 0
0.024806 6 -2 0
0.001598 6 4 0
-0.011644 6 -4 0
0.006489 6 6 0
-0.013203 6 -6 0
0.162612 7 1 0
-0.098608 7 -1 0
0.012745 7 3 0
0.024720 7 -3 0
-0.009314 7 5 0
0.017682 7 -5 0
-0.007302 7 7 0
0.006495 7 -7 0
-0.273046 8 0 0
-0.022162 8 2 0
-0.001370 8 -2 0
-0.001657 8 4 0
-0.001020 8 -4 0
0.000833 8 6 0
-0.018561 8 -6 0
0.003104 8 8 0
0.021939 8 -8 0
-0.118711 9 1 0
0.047193 9 -1 0
0.012435 9 3 0
0.015779 9 -3 0
-0.002853 9 5 0
0.026511 9 -5 0
-0.009885 9 7 0
0.003775 9 -7 0
0.001818 9 9 0
-0.002742 9 -9 0
0.239766 10 0 0
0.018932 10 2 0
0.022819 10 -2 0
-0.000155 10 4 0
-0.032886 10 -4 0
0.000021 10 6 0
-0.016253 10 -6 0
0.006820 10 8 0
0.024599 10 -8 0
0.003321 10 10 0
-0.005580 10 -10 0
0.116540 11 1 0
-0.073428 11 -1 0
0.022775 11 3 0
0.023034 11 -3 0
-0.019397 11 5 0
0.034979 11 -5 0
-0.007551 11 7 0
0.008998 11 -7 0
0.000433 11 9 0
0.000793 11 -9 0
0.000937 11 11 0
0.005844 11 -11 0
-0.103988 12 0 0
-0.018866 12 2 0
0.002737 12 -2 0
-0.001477 12 4 0
0.024889 12 -4 0
0.004786 12 6 0
-0.011044 12 -6 0
0.004999 12 8 0
0.029724 12 -8 0
0.005806 12 10 0
0.000263 12 -10 0
0.000365 12 12 0
0.012669 12 -12 0
-0.060428 13 1 0
0.022144 13 -1 0
0.001565 13 3 0
0.013589 13 -3 0
0.005297 13 5 0
0.017577 13 -5 0
-0.007699 13 7 0
0.005284 13 -7 0
-0.000793 13 9 0
0.000614 13 -9 0
0.002169 13 11 0
0.003257 13 -11 0
-0.004192 13 13 0
0.011827 13 -13 0
0.100481 14 0 0
0.016500 14 2 0
0.015446 14 -2 0
0.001835 14 4 0
-0.032991 14 -4 0
-0.001765 14 6 0
-0.011706 14 -6 0
0.004230 14 8 0
0.019962 14 -8 0
0.004166 14 10 0
0.001095 14 -10 0
-0.000317 14 12 0
0.010069 14 -12 0
-0.005948 14 14 0
0.004287 14 -14 0
0.057318 15 1 0
-0.037692 15 -1 0
0.024183 15 3 0
0.018766 15 -3 0
-0.020890 15 5 0
0.026030 15 -5 0
-0.002700 15 7 0
0.006640 15 -7 0
-0.002925 15 9 0
0.003113 15 -9 0
0.003411 15 11 0
0.004288 15 -11 0
0.000101 15 13 0
0.007467 15 -13 0
-0.000450 15 15 0
0.003734 15 -15 0
-0.026422 16 0 0
-0.009831 16 2 0
0.002352 16 -2 0
-0.000219 16 4 0
0.019137 16 -4 0
0.001604 16 6 0
-0.006020 16 -6 0
0.003223 16 8 0
0.018497 16 -8 0
0.005579 16 10 0
0.000082 16 -10 0
0.000824 16 12 0
0.006205 16 -12 0
-0.004636 16 14 0
0.002700 16 -14 0
0.001720 16 16 0
0.015630 16 -16 0
-0.022826 17 1 0
0.008199 17 -1 0
-0.002868 17 3 0
0.006807 17 -3 0
0.005505 17 5 0
0.008679 17 -5 0
-0.005251 17 7 0
0.001564 17 -7 0
0.002473 17 9 0
0.003987 17 -9 0
0.003197 17 11 0
0.001173 17 -11 0
-0.002419 17 13 0
0.007973 17 -13 0
-0.000698 17 15 0
-0.000977 17 -15 0
0.000824 17 17 0
0.003611 17 -17 0
0.032803 18 0 0
0.009355 18 2 0
0.008446 18 -2 0
0.001096 18 4 0
-0.015125 18 -4 0
-0.000932 18 6 0
-0.009099 18 -6 0
0.000046 18 8 0
0.007662 18 -8 0
0.003999 18 10 0
-0.000472 18 -10 0
0.000198 18 12 0
0.005227 18 -12 0
-0.000686 18 14 0
0.003459 18 -14 0
-0.000615 18 16 0
0.009432 18 -16 0
0.006000 18 18 0
-0.000321 18 -18 0
0.020347 19 1 0
-0.016618 19 -1 0
0.009856 19 3 0
0.006561 19 -3 0
-0.011645 19 5 0
0.010070 19 -5 0
0.000685 19 7 0
0.001789 19 -7 0
-0.001345 19 9 0
0.000222 19 -9 0
-0.000331 19 11 0
