-0.038516 1 1 0
0.020581 1 -1 0
0.223296 2 0 0
-0.014551 2 2 0
0.035512 2 -2 0
0.074667 3 1 0
-0.099086 3 -1 0
0.016064 3 3 0
0.042522 3 -3 0
-0.305100 4 0 0
-0.012981 4 2 0
-0.001576 4 -2 0
-0.000016 4 4 0
-0.021136 4 -4 0
-0.098610 5 1 0
0.057578 5 -1 0
0.016554 5 3 0
0.008246 5 -3 0
0.004908 5 5 0
0.038890 5 -5 0
0.380767 6 0 0
0.014886 6 2 0
0.020493 6 -2 0
-0.004306 6 4 0
-0.023880 6 -4 0
0.007071 6 6 0
-0.013006 6 -6 0
0.162441 7 1 0
-0.103334 7 -1 0
0.012432 7 3 0
0.025670 7 -3 0
-0.012521 7 5 0
0.017274 7 -5 0
-0.003973 7 7 0
0.004347 7 -7 0
-0.270518 8 0 0
-0.031245 8 2 0
-0.005545 8 -2 0
0.000892 8 4 0
-0.000258 8 -4 0
0.002972 8 6 0
-0.020516 8 -6 0
0.001543 8 8 0
0.026651 8 -8 0
-0.116558 9 1 0
0.046856 9 -1 0
0.017955 9 3 0
0.017383 9 -3 0
-0.004483 9 5 0
0.031940 9 -5 0
-0.011774 9 7 0
-0.000735 9 -7 0
0.000806 9 9 0
-0.005822 9 -9 0
0.243603 10 0 0
0.017603 10 2 0
0.017018 10 -2 0
-0.001898 10 4 0
-0.037576 10 -4 0
-0.001977 10 6 0
-0.019807 10 -6 0
0.004852 10 8 0
0.030861 10 -8 0
-0.000233 10 10 0
0.000846 10 -10 0
0.117111 11 1 0
-0.074471 11 -1 0
0.026692 11 3 0
0.027371 11 -3 0
-0.016279 11 5 0
0.036033 11 -5 0
-0.007317 11 7 0
0.006841 11 -7 0
0.000026 11 9 0
-0.003470 11 -9 0
0.004601 11 11 0
0.002136 11 -11 0
-0.100911 12 0 0
-0.022773 12 2 0
-0.002271 12 -2 0
0.001861 12 4 0
0.021962 12 -4 0
0.005011 12 6 0
-0.015098 12 -6 0
0.005363 12 8 0
0.031463 12 -8 0
0.003859 12 10 0
0.003403 12 -10 0
-0.002538 12 12 0
0.014557 12 -12 0
-0.060705 13 1 0
0.022530 13 -1 0
0.005784 13 3 0
0.016976 13 -3 0
0.002741 13 5 0
0.021195 13 -5 0
-0.005369 13 7 0
0.002567 13 -7 0
-0.001254 13 9 0
-0.002126 13 -9 0
0.005361 13 11 0
-0.000573 13 -11 0
-0.000197 13 13 0
0.010527 13 -13 0
0.102808 14 0 0
0.014692 14 2 0
0.011570 14 -2 0
0.002222 14 4 0
-0.035529 14 -4 0
-0.003657 14 6 0
-0.015549 14 -6 0
0.004253 14 8 0
0.024435 14 -8 0
0.001189 14 10 0
-0.000939 14 -10 0
-0.001239 14 12 0
0.010825 14 -12 0
-0.004359 14 14 0
0.000522 14 -14 0
0.057136 15 1 0
-0.038468 15 -1 0
0.027567 15 3 0
0.020955 15 -3 0
-0.021509 15 5 0
0.027288 15 -5 0
-0.001431 15 7 0
0.004917 15 -7 0
-0.002398 15 9 0
0.001577 15 -9 0
0.004498 15 11 0
0.003561 15 -11 0
0.000147 15 13 0
0.007620 15 -13 0
0.001179 15 15 0
0.002435 15 -15 0
-0.023818 16 0 0
-0.011119 16 2 0
0.001156 16 -2 0
0.001580 16 4 0
0.018609 16 -4 0
0.001994 16 6 0
-0.006744 16 -6 0
0.000665 16 8 0
0.020925 16 -8 0
0.003931 16 10 0
0.000488 16 -10 0
-0.000114 16 12 0
0.006891 16 -12 0
-0.003664 16 14 0
0.000306 16 -14 0
0.004207 16 16 0
0.019263 16 -16 0
-0.022958 17 1 0
0.006755 17 -1 0
-0.001396 17 3 0
0.006822 17 -3 0
0.006293 17 5 0
0.010249 17 -5 0
-0.003465 17 7 0
0.000857 17 -7 0
0.002248 17 9 0
0.002402 17 -9 0
0.003608 17 11 0
-0.000801 17 -11 0
-0.000900 17 13 0
0.008287 17 -13 0
0.000381 17 15 0
-0.002037 17 -15 0
-0.000130 17 17 0
0.002447 17 -17 0
0.033819 18 0 0
0.008479 18 2 0
0.005540 18 -2 0
0.002426 18 4 0
-0.016758 18 -4 0
-0.001655 18 6 0
-0.010297 18 -6 0
0.001405 18 8 0
0.008641 18 -8 0
0.001745 18 10 0
0.001122 18 -10 0
0.000282 18 12 0
0.004583 18 -12 0
-0.001892 18 14 0
0.003533 18 -14 0
0.000635 18 16 0
0.013469 18 -16 0
0.002519 18 18 0
0.000378 18 -18 0
0.020179 19 1 0
-0.016780 19 -1 0
0.011766 19 3 0
0.007477 19 -3 0
-0.011843 19 5 0
0.010535 19 -5 0
0.000744 19 7 0
0.001600 19 -7 0
-0.000321 19 9 0
-0.000914 19 -9 0
0.000046 19 11 0
