0.058033 1 1 0
0.073043 1 -1 0
0.223261 2 0 0
0.003894 2 2 0
-0.009453 2 -2 0
0.048075 3 1 0
-0.059875 3 -1 0
0.018882 3 3 0
0.004551 3 -3 0
-0.316656 4 0 0
-0.006605 4 2 0
-0.009842 4 -2 0
0.006470 4 4 0
-0.001114 4 -4 0
-0.092445 5 1 0
0.043889 5 -1 0
0.005832 5 3 0
0.013109 5 -3 0
-0.005735 5 5 0
0.021530 5 -5 0
0.386234 6 0 0
0.010088 6 2 0
0.026518 6 -2 0
-0.006061 6 4 0
-0.027550 6 -4 0
0.010539 6 6 0
-0.019245 6 -6 0
0.159839 7 1 0
-0.101991 7 -1 0
0.017888 7 3 0
0.019739 7 -3 0
-0.001475 7 5 0
0.020534 7 -5 0
-0.010342 7 7 0
0.006260 7 -7 0
-0.276901 8 0 0
-0.024122 8 2 0
-0.002078 8 -2 0
0.002444 8 4 0
0.000360 8 -4 0
-0.001998 8 6 0
-0.016661 8 -6 0
0.008619 8 8 0
0.022133 8 -8 0
-0.119000 9 1 0
0.042326 9 -1 0
0.015790 9 3 0
0.011338 9 -3 0
-0.005519 9 5 0
0.021550 9 -5 0
-0.008338 9 7 0
0.002172 9 -7 0
-0.009860 9 9 0
-0.004539 9 -9 0
0.244495 10 0 0
0.019075 10 2 0
0.020075 10 -2 0
0.000335 10 4 0
-0.035197 10 -4 0
-0.001897 10 6 0
-0.021149 10 -6 0
0.006662 10 8 0
0.021757 10 -8 0
0.005648 10 10 0
0.004214 10 -10 0
0.116682 11 1 0
-0.078061 11 -1 0
0.024710 11 3 0
0.019540 11 -3 0
-0.018710 11 5 0
0.031196 11 -5 0
-0.008151 11 7 0
0.008581 11 -7 0
-0.005961 11 9 0
-0.000663 11 -9 0
0.001747 11 11 0
0.001158 11 -11 0
-0.104754 12 0 0
-0.019396 12 2 0
-0.000663 12 -2 0
0.000972 12 4 0
0.021717 12 -4 0
0.003108 12 6 0
-0.014547 12 -6 0
0.010042 12 8 0
0.025281 12 -8 0
0.009730 12 10 0
-0.001772 12 -10 0
-0.003398 12 12 0
0.013497 12 -12 0
-0.062729 13 1 0
0.019888 13 -1 0
0.004924 13 3 0
0.011115 13 -3 0
0.005474 13 5 0
0.013568 13 -5 0
-0.006480 13 7 0
0.003924 13 -7 0
-0.007008 13 9 0
0.002301 13 -9 0
0.002799 13 11 0
0.000600 13 -11 0
0.002656 13 13 0
0.008892 13 -13 0
0.101808 14 0 0
0.015504 14 2 0
0.014337 14 -2 0
0.001538 14 4 0
-0.035058 14 -4 0
-0.004837 14 6 0
-0.014864 14 -6 0
0.007052 14 8 0
0.018209 14 -8 0
0.004560 14 10 0
0.002231 14 -10 0
-0.003129 14 12 0
0.010552 14 -12 0
-0.011275 14 14 0
0.002226 14 -14 0
0.057648 15 1 0
-0.039477 15 -1 0
0.027020 15 3 0
0.015355 15 -3 0
-0.020268 15 5 0
0.023511 15 -5 0
-0.001409 15 7 0
0.005096 15 -7 0
-0.007710 15 9 0
0.001192 15 -9 0
0.004516 15 11 0
0.000864 15 -11 0
0.001585 15 13 0
0.005037 15 -13 0
0.004981 15 15 0
0.002420 15 -15 0
-0.026661 16 0 0
-0.010705 16 2 0
-0.000077 16 -2 0
0.001628 16 4 0
0.018346 16 -4 0
0.000581 16 6 0
-0.006332 16 -6 0
0.002705 16 8 0
0.017033 16 -8 0
0.005840 16 10 0
-0.001645 16 -10 0
-0.001855 16 12 0
0.007321 16 -12 0
-0.008071 16 14 0
0.001863 16 -14 0
0.002238 16 16 0
0.015619 16 -16 0
-0.024322 17 1 0
0.007006 17 -1 0
-0.002232 17 3 0
0.003838 17 -3 0
0.006144 17 5 0
0.006994 17 -5 0
-0.005672 17 7 0
0.000202 17 -7 0
-0.001552 17 9 0
0.003160 17 -9 0
0.001967 17 11 0
-0.000444 17 -11 0
0.000420 17 13 0
0.006036 17 -13 0
0.001942 17 15 0
-0.001034 17 -15 0
0.001907 17 17 0
0.001578 17 -17 0
0.032813 18 0 0
0.009182 18 2 0
0.007078 18 -2 0
0.002684 18 4 0
-0.017198 18 -4 0
-0.003393 18 6 0
-0.010977 18 -6 0
0.003672 18 8 0
0.006474 18 -8 0
0.003207 18 10 0
0.000934 18 -10 0
-0.001192 18 12 0
0.004405 18 -12 0
-0.003171 18 14 0
0.003909 18 -14 0
0.001123 18 16 0
0.009432 18 -16 0
0.004937 18 18 0
-0.003270 18 -18 0
0.020662 19 1 0
-0.016226 19 -1 0
0.011747 19 3 0
0.006743 19 -3 0
-0.010223 19 5 0
0.008897 19 -5 0
0.002640 19 7 0
0.003085 19 -7 0
-0.003319 19 9 0
0.000493 19 -9 0
-0.000644 19 11 0
