-0.033275 1 1 0
-0.004928 1 -1 0
-0.066046 2 0 0
0.015051 2 2 0
-0.003213 2 -2 0
0.068915 3 1 0
-0.018979 3 -1 0
-0.013360 3 3 0
0.025279 3 -3 0
0.069224 4 0 0
-0.009741 4 2 0
0.026613 4 -2 0
0.000901 4 4 0
-0.009314 4 -4 0
-0.127131 5 1 0
-0.035867 5 -1 0
-0.002072 5 3 0
-0.014937 5 -3 0
0.031953 5 5 0
0.030859 5 -5 0
-0.027194 6 0 0
0.013663 6 2 0
-0.064630 6 -2 0
0.010840 6 4 0
-0.021997 6 -4 0
-0.003564 6 6 0
-0.002605 6 -6 0
0.099374 7 1 0
-0.006626 7 -1 0
0.026021 7 3 0
0.018891 7 -3 0
0.030405 7 5 0
0.017461 7 -5 0
0.017810 7 7 0
0.009447 7 -7 0
0.014224 8 0 0
-0.024103 8 2 0
0.064043 8 -2 0
0.000231 8 4 0
-0.009042 8 -4 0
-0.001080 8 6 0
-0.003088 8 -6 0
-0.009100 8 8 0
0.018696 8 -8 0
-0.094123 9 1 0
-0.034988 9 -1 0
-0.030110 9 3 0
-0.014082 9 -3 0
0.033229 9 5 0
0.023381 9 -5 0
0.017091 9 7 0
0.007135 9 -7 0
-0.022317 9 9 0
-0.006457 9 -9 0
0.018287 10 0 0
0.017231 10 2 0
-0.058525 10 -2 0
0.011550 10 4 0
-0.027479 10 -4 0
-0.003241 10 6 0
0.001553 10 -6 0
-0.006134 10 8 0
0.017396 10 -8 0
-0.003358 10 10 0
0.005172 10 -10 0
0.027039 11 1 0
-0.019335 11 -1 0
0.034618 11 3 0
0.014659 11 -3 0
0.031028 11 5 0
0.025310 11 -5 0
0.009712 11 7 0
0.007286 11 -7 0
-0.021644 11 9 0
-0.008379 11 -9 0
-0.013781 11 11 0
0.007942 11 -11 0
-0.007275 12 0 0
-0.013151 12 2 0
0.032123 12 -2 0
-0.003664 12 4 0
-0.001141 12 -4 0
-0.001045 12 6 0
-0.005870 12 -6 0
-0.003559 12 8 0
0.011100 12 -8 0
-0.000856 12 10 0
0.005644 12 -10 0
0.006848 12 12 0
0.005532 12 -12 0
-0.025489 13 1 0
-0.015893 13 -1 0
-0.021305 13 3 0
-0.009144 13 -3 0
0.020474 13 5 0
0.012924 13 -5 0
0.014396 13 7 0
0.007602 13 -7 0
-0.016610 13 9 0
-0.006593 13 -9 0
-0.010394 13 11 0
0.001757 13 -11 0
0.002969 13 13 0
0.008399 13 -13 0
0.017788 14 0 0
0.006244 14 2 0
-0.019374 14 -2 0
0.012402 14 4 0
-0.024008 14 -4 0
-0.002363 14 6 0
0.001515 14 -6 0
-0.003699 14 8 0
0.011989 14 -8 0
-0.001233 14 10 0
0.005607 14 -10 0
0.004491 14 12 0
0.003592 14 -12 0
0.000240 14 14 0
0.010225 14 -14 0
-0.005740 15 1 0
-0.016807 15 -1 0
0.016564 15 3 0
0.009090 15 -3 0
0.022087 15 5 0
0.015039 15 -5 0
0.005138 15 7 0
0.001288 15 -7 0
-0.011754 15 9 0
-0.006879 15 -9 0
-0.006353 15 11 0
0.003102 15 -11 0
0.000970 15 13 0
0.003765 15 -13 0
0.003982 15 15 0
-0.001511 15 -15 0
-0.003972 16 0 0
-0.003225 16 2 0
0.004435 16 -2 0
-0.002875 16 4 0
0.002111 16 -4 0
-0.001020 16 6 0
-0.002206 16 -6 0
-0.001287 16 8 0
0.004320 16 -8 0
0.001145 16 10 0
0.001560 16 -10 0
0.003308 16 12 0
0.001127 16 -12 0
-0.002610 16 14 0
0.005991 16 -14 0
0.002643 16 16 0
0.010996 16 -16 0
-0.002129 17 1 0
-0.004880 17 -1 0
-0.006445 17 3 0
-0.005903 17 -3 0
0.005364 17 5 0
0.005231 17 -5 0
0.006561 17 7 0
0.003210 17 -7 0
-0.005643 17 9 0
-0.002812 17 -9 0
-0.003208 17 11 0
0.000065 17 -11 0
0.000129 17 13 0
0.004182 17 -13 0
0.002356 17 15 0
-0.002532 17 -15 0
-0.002414 17 17 0
0.000406 17 -17 0
0.005719 18 0 0
0.000344 18 2 0
-0.001808 18 -2 0
0.006220 18 4 0
-0.009240 18 -4 0
-0.001966 18 6 0
-0.003548 18 -6 0
-0.002990 18 8 0
0.004269 18 -8 0
-0.001936 18 10 0
0.001078 18 -10 0
0.002780 18 12 0
0.001242 18 -12 0
-0.000485 18 14 0
0.003101 18 -14 0
-0.000580 18 16 0
0.002250 18 -16 0
0.001707 18 18 0
-0.000679 18 -18 0
-0.003366 19 1 0
-0.008231 19 -1 0
0.000930 19 3 0
0.001721 19 -3 0
0.008665 19 5 0
0.005091 19 -5 0
0.001810 19 7 0
0.001626 19 -7 0
-0.003434 19 9 0
-0.003875 19 -9 0
-0.000930 19 11 0
