0.038460 1 1 0
-0.008727 1 -1 0
-0.071166 2 0 0
-0.009318 2 2 0
-0.002643 2 -2 0
0.064604 3 1 0
-0.008664 3 -1 0
0.002514 3 3 0
0.002573 3 -3 0
0.083829 4 0 0
-0.001707 4 2 0
0.017163 4 -2 0
0.013976 4 4 0
-0.003576 4 -4 0
-0.118043 5 1 0
-0.020617 5 -1 0
-0.002542 5 3 0
0.000783 5 -3 0
0.043903 5 5 0
0.016783 5 -5 0
-0.040772 6 0 0
0.027595 6 2 0
-0.054025 6 -2 0
0.016102 6 4 0
-0.023965 6 -4 0
0.001458 6 6 0
-0.005857 6 -6 0
0.097036 7 1 0
0.002270 7 -1 0
0.036084 7 3 0
0.028736 7 -3 0
0.039523 7 5 0
0.018030 7 -5 0
0.036466 7 7 0
0.003667 7 -7 0
0.016700 8 0 0
-0.013621 8 2 0
0.060815 8 -2 0
0.013333 8 4 0
-0.003706 8 -4 0
-0.001508 8 6 0
-0.007597 8 -6 0
-0.009071 8 8 0
0.008984 8 -8 0
-0.084794 9 1 0
-0.021659 9 -1 0
-0.027590 9 3 0
-0.004224 9 -3 0
0.045343 9 5 0
0.020140 9 -5 0
0.031882 9 7 0
-0.002388 9 -7 0
-0.014900 9 9 0
-0.013650 9 -9 0
0.016368 10 0 0
0.026093 10 2 0
-0.056961 10 -2 0
0.020698 10 4 0
-0.026085 10 -4 0
-0.004360 10 6 0
-0.000274 10 -6 0
-0.002822 10 8 0
0.011049 10 -8 0
-0.005610 10 10 0
0.004755 10 -10 0
0.027637 11 1 0
-0.009288 11 -1 0
0.041353 11 3 0
0.022917 11 -3 0
0.039583 11 5 0
0.021286 11 -5 0
0.022637 11 7 0
0.000858 11 -7 0
-0.016586 11 9 0
-0.013667 11 -9 0
-0.001063 11 11 0
0.009254 11 -11 0
-0.010032 12 0 0
-0.005552 12 2 0
0.032107 12 -2 0
0.003767 12 4 0
0.000233 12 -4 0
-0.000777 12 6 0
-0.009408 12 -6 0
-0.002172 12 8 0
0.002493 12 -8 0
-0.000037 12 10 0
0.007406 12 -10 0
0.000914 12 12 0
0.006141 12 -12 0
-0.023008 13 1 0
-0.007843 13 -1 0
-0.017999 13 3 0
-0.004567 13 -3 0
0.027192 13 5 0
0.010679 13 -5 0
0.025184 13 7 0
0.001980 13 -7 0
-0.013034 13 9 0
-0.009071 13 -9 0
0.000084 13 11 0
0.004117 13 -11 0
0.000569 13 13 0
0.010573 13 -13 0
0.016908 14 0 0
0.012294 14 2 0
-0.020154 14 -2 0
0.016879 14 4 0
-0.022546 14 -4 0
-0.002745 14 6 0
-0.000491 14 -6 0
-0.003046 14 8 0
0.006340 14 -8 0
-0.002929 14 10 0
0.002862 14 -10 0
0.001779 14 12 0
0.002334 14 -12 0
-0.000424 14 14 0
0.004508 14 -14 0
-0.003481 15 1 0
-0.011857 15 -1 0
0.017604 15 3 0
0.011435 15 -3 0
0.028330 15 5 0
0.011371 15 -5 0
0.011331 15 7 0
-0.003068 15 -7 0
-0.009733 15 9 0
-0.008063 15 -9 0
0.003410 15 11 0
0.005343 15 -11 0
0.002743 15 13 0
0.004529 15 -13 0
0.000833 15 15 0
-0.001395 15 -15 0
-0.005142 16 0 0
-0.001092 16 2 0
0.005198 16 -2 0
-0.000704 16 4 0
0.003232 16 -4 0
-0.001768 16 6 0
-0.004230 16 -6 0
0.000415 16 8 0
0.001896 16 -8 0
-0.001075 16 10 0
0.001780 16 -10 0
-0.000451 16 12 0
0.000985 16 -12 0
-0.000628 16 14 0
0.004469 16 -14 0
0.007173 16 16 0
0.009635 16 -16 0
-0.001508 17 1 0
-0.002231 17 -1 0
-0.005416 17 3 0
-0.003988 17 -3 0
0.007301 17 5 0
0.002862 17 -5 0
0.010576 17 7 0
0.000344 17 -7 0
-0.003826 17 9 0
-0.004861 17 -9 0
0.002062 17 11 0
0.000554 17 -11 0
0.002789 17 13 0
0.003720 17 -13 0
-0.000113 17 15 0
-0.004227 17 -15 0
-0.004840 17 17 0
0.000408 17 -17 0
0.006149 18 0 0
0.002297 18 2 0
-0.002488 18 -2 0
0.008385 18 4 0
-0.009096 18 -4 0
-0.001698 18 6 0
-0.004360 18 -6 0
-0.002224 18 8 0
0.001425 18 -8 0
-0.001645 18 10 0
0.001479 18 -10 0
0.001482 18 12 0
-0.000014 18 -12 0
0.000963 18 14 0
0.001717 18 -14 0
0.003068 18 16 0
0.002336 18 -16 0
0.001272 18 18 0
0.000825 18 -18 0
-0.003940 19 1 0
-0.007625 19 -1 0
0.000758 19 3 0
0.001355 19 -3 0
0.010864 19 5 0
0.003692 19 -5 0
0.002621 19 7 0
-0.000769 19 -7 0
-0.003161 19 9 0
-0.004262 19 -9 0
0.000816 19 11 0
