0.091958 1 1 0
-0.060572 1 -1 0
-0.074224 2 0 0
-0.021548 2 2 0
-0.011263 2 -2 0
0.058486 3 1 0
0.006471 3 -1 0
0.006726 3 3 0
0.001835 3 -3 0
0.076190 4 0 0
0.009934 4 2 0
0.033412 4 -2 0
0.005888 4 4 0
-0.014100 4 -4 0
-0.128633 5 1 0
-0.018574 5 -1 0
-0.008052 5 3 0
-0.002689 5 -3 0
0.036589 5 5 0
0.024603 5 -5 0
-0.022845 6 0 0
0.019912 6 2 0
-0.055411 6 -2 0
0.001790 6 4 0
-0.017684 6 -4 0
-0.017096 6 6 0
-0.014514 6 -6 0
0.090288 7 1 0
0.008951 7 -1 0
0.029072 7 3 0
0.019177 7 -3 0
0.030695 7 5 0
0.018401 7 -5 0
0.013825 7 7 0
0.005383 7 -7 0
0.024152 8 0 0
-0.014821 8 2 0
0.075277 8 -2 0
-0.002495 8 4 0
-0.008212 8 -4 0
-0.021847 8 6 0
-0.009255 8 -6 0
-0.018103 8 8 0
0.015500 8 -8 0
-0.095979 9 1 0
-0.019368 9 -1 0
-0.027669 9 3 0
-0.014594 9 -3 0
0.030690 9 5 0
0.022235 9 -5 0
0.009355 9 7 0
-0.001478 9 -7 0
-0.031120 9 9 0
-0.015417 9 -9 0
0.023331 10 0 0
0.022093 10 2 0
-0.047532 10 -2 0
0.009371 10 4 0
-0.028133 10 -4 0
-0.019466 10 6 0
-0.004180 10 -6 0
-0.007666 10 8 0
0.013424 10 -8 0
-0.008564 10 10 0
0.001274 10 -10 0
0.022685 11 1 0
-0.005707 11 -1 0
0.036637 11 3 0
0.014771 11 -3 0
0.029658 11 5 0
0.022486 11 -5 0
0.003341 11 7 0
0.000231 11 -7 0
-0.033010 11 9 0
-0.012928 11 -9 0
-0.013072 11 11 0
0.004294 11 -11 0
-0.001672 12 0 0
-0.005481 12 2 0
0.038958 12 -2 0
-0.005110 12 4 0
0.001505 12 -4 0
-0.014054 12 6 0
-0.012222 12 -6 0
-0.005450 12 8 0
0.009331 12 -8 0
-0.003541 12 10 0
0.003044 12 -10 0
0.004595 12 12 0
-0.001123 12 -12 0
-0.029893 13 1 0
-0.008275 13 -1 0
-0.017584 13 3 0
-0.011250 13 -3 0
0.019814 13 5 0
0.012831 13 -5 0
0.007903 13 7 0
0.000635 13 -7 0
-0.023519 13 9 0
-0.008469 13 -9 0
-0.014516 13 11 0
0.000711 13 -11 0
0.002574 13 13 0
0.006787 13 -13 0
0.020636 14 0 0
0.010458 14 2 0
-0.014714 14 -2 0
0.010978 14 4 0
-0.023494 14 -4 0
-0.011081 14 6 0
-0.002279 14 -6 0
-0.003555 14 8 0
0.010178 14 -8 0
-0.003214 14 10 0
0.003059 14 -10 0
0.006966 14 12 0
-0.001434 14 -12 0
-0.000078 14 14 0
0.010613 14 -14 0
-0.006548 15 1 0
-0.011058 15 -1 0
0.017376 15 3 0
0.008453 15 -3 0
0.022631 15 5 0
0.013642 15 -5 0
0.001785 15 7 0
-0.003468 15 -7 0
-0.019317 15 9 0
-0.008509 15 -9 0
-0.005052 15 11 0
0.002453 15 -11 0
0.002736 15 13 0
0.002037 15 -13 0
0.005385 15 15 0
-0.000978 15 -15 0
-0.002391 16 0 0
-0.000478 16 2 0
0.008820 16 -2 0
-0.002649 16 4 0
0.002279 16 -4 0
-0.007399 16 6 0
-0.003708 16 -6 0
-0.000152 16 8 0
0.003092 16 -8 0
-0.001288 16 10 0
0.000758 16 -10 0
0.002599 16 12 0
-0.000184 16 -12 0
-0.001503 16 14 0
0.005885 16 -14 0
0.010489 16 16 0
0.012392 16 -16 0
-0.002233 17 1 0
-0.002101 17 -1 0
-0.004866 17 3 0
-0.007268 17 -3 0
0.005680 17 5 0
0.004027 17 -5 0
0.003229 17 7 0
0.000417 17 -7 0
-0.007948 17 9 0
-0.004116 17 -9 0
-0.005074 17 11 0
0.000127 17 -11 0
0.002609 17 13 0
0.004350 17 -13 0
0.003742 17 15 0
-0.003120 17 -15 0
-0.003612 17 17 0
0.001048 17 -17 0
0.006899 18 0 0
0.002094 18 2 0
-0.000936 18 -2 0
0.007319 18 4 0
-0.009499 18 -4 0
-0.004526 18 6 0
-0.004474 18 -6 0
-0.001286 18 8 0
0.003285 18 -8 0
-0.000528 18 10 0
0.000471 18 -10 0
0.002176 18 12 0
-0.000152 18 -12 0
-0.000698 18 14 0
0.003676 18 -14 0
0.003683 18 16 0
0.004932 18 -16 0
0.003045 18 18 0
-0.000762 18 -18 0
-0.004895 19 1 0
-0.006971 19 -1 0
0.001980 19 3 0
0.000245 19 -3 0
0.009903 19 5 0
0.005246 19 -5 0
0.000252 19 7 0
-0.000780 19 -7 0
-0.006092 19 9 0
-0.003752 19 -9 0
-0.002446 19 11 0
