0.054322 1 1 0
-0.182329 1 -1 0
0.048815 2 0 0
0.034288 2 2 0
0.029456 2 -2 0
0.025365 3 1 0
-0.005621 3 -1 0
0.000727 3 3 0
0.032368 3 -3 0
-0.079468 4 0 0
-0.009292 4 2 0
-0.012423 4 -2 0
0.010127 4 4 0
0.008982 4 -4 0
-0.011912 5 1 0
0.021186 5 -1 0
-0.002993 5 3 0
-0.000222 5 -3 0
-0.012343 5 5 0
-0.013694 5 -5 0
0.091885 6 0 0
0.008107 6 2 0
-0.001883 6 -2 0
0.010722 6 4 0
-0.005994 6 -4 0
0.013030 6 6 0
0.008700 6 -6 0
0.024998 7 1 0
-0.028588 7 -1 0
0.001755 7 3 0
0.004426 7 -3 0
-0.002866 7 5 0
-0.000896 7 -5 0
0.000389 7 7 0
0.000766 7 -7 0
-0.078957 8 0 0
-0.003260 8 2 0
-0.007589 8 -2 0
0.005983 8 4 0
0.004606 8 -4 0
-0.001574 8 6 0
0.002464 8 -6 0
-0.004770 8 8 0
-0.000689 8 -8 0
-0.024548 9 1 0
0.025810 9 -1 0
-0.009202 9 3 0
-0.001599 9 -3 0
0.001978 9 5 0
-0.008436 9 -5 0
0.006508 9 7 0
-0.000059 9 -7 0
-0.007904 9 9 0
0.007091 9 -9 0
0.056013 10 0 0
0.014004 10 2 0
-0.000704 10 -2 0
0.011159 10 4 0
-0.011041 10 -4 0
0.000149 10 6 0
0.005893 10 -6 0
0.004680 10 8 0
-0.000969 10 -8 0
0.008821 10 10 0
0.005958 10 -10 0
0.026211 11 1 0
-0.024384 11 -1 0
-0.000113 11 3 0
0.004230 11 -3 0
-0.006917 11 5 0
-0.004169 11 -5 0
0.004533 11 7 0
0.003463 11 -7 0
-0.006138 11 9 0
0.001810 11 -9 0
-0.006808 11 11 0
-0.010302 11 -11 0
-0.034829 12 0 0
-0.004200 12 2 0
-0.003440 12 -2 0
0.005655 12 4 0
0.007323 12 -4 0
-0.000927 12 6 0
0.002417 12 -6 0
0.000742 12 8 0
-0.001736 12 -8 0
0.007667 12 10 0
0.007564 12 -10 0
-0.002979 12 12 0
0.009724 12 -12 0
-0.011469 13 1 0
0.018717 13 -1 0
-0.008270 13 3 0
0.001771 13 -3 0
0.002665 13 5 0
-0.007307 13 -5 0
0.000699 13 7 0
-0.000476 13 -7 0
-0.003537 13 9 0
0.002307 13 -9 0
-0.001607 13 11 0
-0.003775 13 -11 0
0.009381 13 13 0
0.002365 13 -13 0
0.018508 14 0 0
0.011820 14 2 0
-0.004606 14 -2 0
0.005074 14 4 0
-0.010970 14 -4 0
0.001178 14 6 0
0.002359 14 -6 0
0.003787 14 8 0
0.000164 14 -8 0
0.006467 14 10 0
0.002990 14 -10 0
-0.002556 14 12 0
0.007754 14 -12 0
-0.005018 14 14 0
0.002040 14 -14 0
0.013052 15 1 0
-0.012928 15 -1 0
0.000630 15 3 0
0.002812 15 -3 0
-0.003875 15 5 0
0.000063 15 -5 0
0.002211 15 7 0
0.003662 15 -7 0
-0.005120 15 9 0
0.004160 15 -9 0
-0.004450 15 11 0
-0.003287 15 -11 0
0.003379 15 13 0
0.000957 15 -13 0
-0.001005 15 15 0
0.002293 15 -15 0
-0.010405 16 0 0
-0.001387 16 2 0
-0.000689 16 -2 0
0.003112 16 4 0
0.005056 16 -4 0
0.001027 16 6 0
0.001650 16 -6 0
0.001015 16 8 0
-0.001738 16 -8 0
0.004757 16 10 0
0.003776 16 -10 0
0.000482 16 12 0
0.001934 16 -12 0
-0.001922 16 14 0
0.001397 16 -14 0
-0.000076 16 16 0
0.003339 16 -16 0
-0.006453 17 1 0
0.007334 17 -1 0
-0.002999 17 3 0
0.000747 17 -3 0
0.001673 17 5 0
-0.003742 17 -5 0
0.001735 17 7 0
-0.000584 17 -7 0
-0.002661 17 9 0
0.000546 17 -9 0
-0.002170 17 11 0
-0.000216 17 -11 0
0.003070 17 13 0
0.000822 17 -13 0
0.000233 17 15 0
-0.000521 17 -15 0
0.000103 17 17 0
-0.002259 17 -17 0
0.007286 18 0 0
0.004507 18 2 0
0.000927 18 -2 0
0.004072 18 4 0
-0.004544 18 -4 0
-0.002173 18 6 0
0.001579 18 -6 0
0.003013 18 8 0
-0.000641 18 -8 0
0.002812 18 10 0
0.001224 18 -10 0
-0.000746 18 12 0
0.002188 18 -12 0
-0.002480 18 14 0
0.001009 18 -14 0
0.002074 18 16 0
-0.002045 18 -16 0
-0.001360 18 18 0
0.003155 18 -18 0
0.006858 19 1 0
-0.003410 19 -1 0
-0.000773 19 3 0
0.000795 19 -3 0
-0.001140 19 5 0
0.000506 19 -5 0
-0.000733 19 7 0
0.001756 19 -7 0
-0.001620 19 9 0
0.001799 19 -9 0
-0.002600 19 11 0
