0.115245 1 1 0
-0.241860 1 -1 0
0.044519 2 0 0
0.031240 2 2 0
0.006717 2 -2 0
0.011573 3 1 0
0.013896 3 -1 0
0.003559 3 3 0
0.012737 3 -3 0
-0.093673 4 0 0
-0.002807 4 2 0
-0.003287 4 -2 0
0.018997 4 4 0
0.004532 4 -4 0
-0.008346 5 1 0
0.029122 5 -1 0
-0.000499 5 3 0
-0.003652 5 -3 0
-0.013488 5 5 0
-0.011601 5 -5 0
0.096936 6 0 0
0.012684 6 2 0
-0.008147 6 -2 0
0.004087 6 4 0
-0.005443 6 -4 0
0.009585 6 6 0
0.008957 6 -6 0
0.020222 7 1 0
-0.030681 7 -1 0
-0.007122 7 3 0
0.012571 7 -3 0
-0.009128 7 5 0
-0.001189 7 -5 0
0.007031 7 7 0
-0.007283 7 -7 0
-0.081384 8 0 0
-0.008166 8 2 0
-0.002159 8 -2 0
0.007994 8 4 0
0.006199 8 -4 0
-0.004929 8 6 0
-0.000205 8 -6 0
-0.003610 8 8 0
0.003997 8 -8 0
-0.025466 9 1 0
0.033680 9 -1 0
-0.006247 9 3 0
-0.003339 9 -3 0
0.004946 9 5 0
-0.006795 9 -5 0
0.000865 9 7 0
0.003257 9 -7 0
-0.008708 9 9 0
0.002176 9 -9 0
0.055236 10 0 0
0.016677 10 2 0
-0.001465 10 -2 0
0.009216 10 4 0
-0.009187 10 -4 0
0.001490 10 6 0
0.007976 10 -6 0
0.001579 10 8 0
-0.001192 10 -8 0
0.004549 10 10 0
0.008290 10 -10 0
0.025081 11 1 0
-0.021626 11 -1 0
-0.004141 11 3 0
0.010387 11 -3 0
-0.010149 11 5 0
-0.004654 11 -5 0
0.004202 11 7 0
0.001904 11 -7 0
-0.008186 11 9 0
-0.001313 11 -9 0
-0.005470 11 11 0
-0.009166 11 -11 0
-0.035264 12 0 0
-0.005843 12 2 0
-0.002130 12 -2 0
0.004910 12 4 0
0.009528 12 -4 0
-0.006348 12 6 0
0.001581 12 -6 0
0.000234 12 8 0
-0.001111 12 -8 0
0.002119 12 10 0
0.002928 12 -10 0
-0.002149 12 12 0
0.006050 12 -12 0
-0.012689 13 1 0
0.019572 13 -1 0
-0.008641 13 3 0
0.002305 13 -3 0
0.001680 13 5 0
-0.004777 13 -5 0
-0.002235 13 7 0
0.000179 13 -7 0
-0.004471 13 9 0
-0.000335 13 -9 0
-0.002784 13 11 0
-0.001571 13 -11 0
0.004514 13 13 0
0.000496 13 -13 0
0.018413 14 0 0
0.011162 14 2 0
-0.002739 14 -2 0
0.004584 14 4 0
-0.011227 14 -4 0
0.001815 14 6 0
0.001856 14 -6 0
0.003100 14 8 0
0.001179 14 -8 0
0.001209 14 10 0
0.004406 14 -10 0
-0.002030 14 12 0
0.005115 14 -12 0
-0.001494 14 14 0
0.005674 14 -14 0
0.012214 15 1 0
-0.011072 15 -1 0
-0.000033 15 3 0
0.004687 15 -3 0
-0.004828 15 5 0
0.000564 15 -5 0
0.001842 15 7 0
0.003440 15 -7 0
-0.007033 15 9 0
0.002407 15 -9 0
-0.003365 15 11 0
-0.002014 15 -11 0
0.000333 15 13 0
0.001966 15 -13 0
0.001775 15 15 0
0.000420 15 -15 0
-0.010712 16 0 0
-0.002138 16 2 0
-0.001243 16 -2 0
0.001937 16 4 0
0.006795 16 -4 0
-0.000123 16 6 0
0.001127 16 -6 0
0.001771 16 8 0
-0.000795 16 -8 0
0.002917 16 10 0
0.002644 16 -10 0
-0.001574 16 12 0
0.001690 16 -12 0
0.001002 16 14 0
0.002487 16 -14 0
0.001404 16 16 0
0.003790 16 -16 0
-0.006208 17 1 0
0.008678 17 -1 0
-0.002917 17 3 0
0.002762 17 -3 0
0.001519 17 5 0
-0.002508 17 -5 0
0.000087 17 7 0
-0.001680 17 -7 0
-0.002493 17 9 0
-0.002101 17 -9 0
-0.002205 17 11 0
0.000112 17 -11 0
0.002122 17 13 0
0.004125 17 -13 0
0.000552 17 15 0
-0.000202 17 -15 0
-0.000671 17 17 0
-0.001606 17 -17 0
0.007133 18 0 0
0.004009 18 2 0
0.001341 18 -2 0
0.003127 18 4 0
-0.004867 18 -4 0
-0.002517 18 6 0
0.000443 18 -6 0
0.003940 18 8 0
0.000703 18 -8 0
0.000856 18 10 0
0.002309 18 -10 0
-0.003954 18 12 0
0.000592 18 -12 0
-0.001910 18 14 0
0.002977 18 -14 0
0.005651 18 16 0
-0.000379 18 -16 0
0.001000 18 18 0
0.002595 18 -18 0
0.004879 19 1 0
-0.002127 19 -1 0
-0.001496 19 3 0
0.002638 19 -3 0
-0.000989 19 5 0
-0.000406 19 -5 0
-0.001409 19 7 0
0.002568 19 -7 0
-0.001859 19 9 0
0.001270 19 -9 0
-0.002030 19 11 0
