0.041149 1 1 0
-0.171555 1 -1 0
0.038391 2 0 0
0.012076 2 2 0
-0.031817 2 -2 0
0.013522 3 1 0
-0.004210 3 -1 0
-0.003248 3 3 0
-0.002794 3 -3 0
-0.089482 4 0 0
0.005149 4 2 0
0.008598 4 -2 0
0.006271 4 4 0
-0.005356 4 -4 0
0.003884 5 1 0
0.030658 5 -1 0
-0.007379 5 3 0
0.012023 5 -3 0
-0.007970 5 5 0
-0.003146 5 -5 0
0.092453 6 0 0
0.004442 6 2 0
-0.005878 6 -2 0
0.006522 6 4 0
-0.002463 6 -4 0
0.003533 6 6 0
0.013308 6 -6 0
0.016585 7 1 0
-0.028287 7 -1 0
0.001361 7 3 0
0.003715 7 -3 0
-0.009652 7 5 0
-0.003646 7 -5 0
0.004510 7 7 0
-0.002322 7 -7 0
-0.076825 8 0 0
-0.001314 8 2 0
-0.006016 8 -2 0
0.009754 8 4 0
0.004632 8 -4 0
0.001665 8 6 0
-0.000338 8 -6 0
-0.006170 8 8 0
0.000817 8 -8 0
-0.023123 9 1 0
0.030685 9 -1 0
-0.006941 9 3 0
0.001473 9 -3 0
0.000724 9 5 0
-0.004452 9 -5 0
0.002895 9 7 0
-0.007768 9 -7 0
-0.006095 9 9 0
0.002857 9 -9 0
0.056077 10 0 0
0.016818 10 2 0
0.003270 10 -2 0
0.009062 10 4 0
-0.010664 10 -4 0
0.001660 10 6 0
0.006688 10 -6 0
0.001956 10 8 0
0.000849 10 -8 0
0.010956 10 10 0
0.006255 10 -10 0
0.024257 11 1 0
-0.020267 11 -1 0
-0.000899 11 3 0
0.007211 11 -3 0
-0.010211 11 5 0
-0.004745 11 -5 0
0.003030 11 7 0
-0.001734 11 -7 0
-0.003685 11 9 0
0.000167 11 -9 0
-0.009101 11 11 0
-0.006303 11 -11 0
-0.034366 12 0 0
-0.005460 12 2 0
-0.003633 12 -2 0
0.005750 12 4 0
0.010022 12 -4 0
-0.000574 12 6 0
0.002937 12 -6 0
-0.000373 12 8 0
-0.001458 12 -8 0
0.005794 12 10 0
0.001746 12 -10 0
-0.001491 12 12 0
0.007986 12 -12 0
-0.011176 13 1 0
0.019740 13 -1 0
-0.005470 13 3 0
0.002630 13 -3 0
0.000857 13 5 0
-0.003726 13 -5 0
0.000334 13 7 0
-0.004631 13 -7 0
-0.001861 13 9 0
0.000477 13 -9 0
-0.002424 13 11 0
-0.002488 13 -11 0
0.006313 13 13 0
0.003864 13 -13 0
0.020135 14 0 0
0.014021 14 2 0
-0.002560 14 -2 0
0.003900 14 4 0
-0.010323 14 -4 0
0.002177 14 6 0
0.001233 14 -6 0
0.001953 14 8 0
0.003391 14 -8 0
0.004792 14 10 0
0.002492 14 -10 0
-0.002432 14 12 0
0.008498 14 -12 0
-0.005658 14 14 0
0.003366 14 -14 0
0.012113 15 1 0
-0.011417 15 -1 0
0.001994 15 3 0
0.004880 15 -3 0
-0.006932 15 5 0
0.000694 15 -5 0
0.001574 15 7 0
-0.001910 15 -7 0
-0.003756 15 9 0
0.003361 15 -9 0
-0.004347 15 11 0
-0.002684 15 -11 0
-0.000472 15 13 0
0.003012 15 -13 0
0.001329 15 15 0
0.000476 15 -15 0
-0.010447 16 0 0
-0.001114 16 2 0
-0.000838 16 -2 0
0.001358 16 4 0
0.006138 16 -4 0
0.001339 16 6 0
0.001110 16 -6 0
0.001879 16 8 0
-0.001377 16 -8 0
0.004216 16 10 0
0.002308 16 -10 0
-0.001685 16 12 0
0.004108 16 -12 0
-0.000305 16 14 0
0.002779 16 -14 0
-0.002158 16 16 0
0.002515 16 -16 0
-0.006585 17 1 0
0.007226 17 -1 0
-0.003107 17 3 0
0.001780 17 -3 0
-0.000217 17 5 0
-0.002462 17 -5 0
0.000056 17 7 0
-0.002491 17 -7 0
-0.001719 17 9 0
-0.001427 17 -9 0
-0.002720 17 11 0
0.000502 17 -11 0
0.001231 17 13 0
0.003799 17 -13 0
0.001689 17 15 0
-0.001314 17 -15 0
-0.001413 17 17 0
-0.000244 17 -17 0
0.007721 18 0 0
0.004651 18 2 0
0.001166 18 -2 0
0.003329 18 4 0
-0.003887 18 -4 0
-0.002682 18 6 0
0.000347 18 -6 0
0.001698 18 8 0
0.001603 18 -8 0
0.003831 18 10 0
0.002083 18 -10 0
-0.001844 18 12 0
0.002619 18 -12 0
-0.003917 18 14 0
0.002660 18 -14 0
0.002996 18 16 0
0.000095 18 -16 0
0.002179 18 18 0
0.001447 18 -18 0
0.006262 19 1 0
-0.002383 19 -1 0
-0.000392 19 3 0
0.001640 19 -3 0
-0.001554 19 5 0
0.000176 19 -5 0
-0.001159 19 7 0
-0.001274 19 -7 0
0.000417 19 9 0
0.000539 19 -9 0
-0.003388 19 11 0
