0.004213 1 1 0
-0.011439 1 -1 0
0.128014 2 0 0
0.060562 2 2 0
0.039367 2 -2 0
-0.205107 3 1 0
0.221680 3 -1 0
-0.005122 3 3 0
-0.031048 3 -3 0
-0.027064 4 0 0
-0.180585 4 2 0
0.008227 4 -2 0
-0.019924 4 4 0
-0.060012 4 -4 0
0.207100 5 1 0
-0.148639 5 -1 0
-0.084629 5 3 0
-0.102628 5 -3 0
0.008733 5 5 0
-0.041315 5 -5 0
0.022390 6 0 0
0.284610 6 2 0
0.015505 6 -2 0
-0.026611 6 4 0
-0.095889 6 -4 0
-0.063597 6 6 0
-0.010498 6 -6 0
-0.141434 7 1 0
0.203721 7 -1 0
0.111759 7 3 0
0.086198 7 -3 0
0.032243 7 5 0
-0.071501 7 -5 0
0.000949 7 7 0
0.007440 7 -7 0
0.120738 8 0 0
-0.217093 8 2 0
0.023223 8 -2 0
-0.019589 8 4 0
0.056629 8 -4 0
-0.063217 8 6 0
-0.011923 8 -6 0
0.008919 8 8 0
0.036019 8 -8 0
0.010229 9 1 0
0.036381 9 -1 0
-0.132383 9 3 0
-0.147264 9 -3 0
-0.023039 9 5 0
-0.001960 9 -5 0
-0.000524 9 7 0
0.009337 9 -7 0
0.009581 9 9 0
-0.017042 9 -9 0
-0.011661 10 0 0
0.159115 10 2 0
0.005818 10 -2 0
-0.029658 10 4 0
-0.125235 10 -4 0
-0.099052 10 6 0
-0.007732 10 -6 0
0.012068 10 8 0
0.044698 10 -8 0
0.089348 10 10 0
-0.016272 10 -10 0
0.016820 11 1 0
0.025939 11 -1 0
0.092511 11 3 0
0.059362 11 -3 0
0.043479 11 5 0
-0.071581 11 -5 0
-0.025461 11 7 0
-0.008788 11 -7 0
-0.000164 11 9 0
-0.005452 11 -9 0
0.044804 11 11 0
-0.014125 11 -11 0
0.056569 12 0 0
-0.034516 12 2 0
0.014960 12 -2 0
-0.010836 12 4 0
0.047480 12 -4 0
-0.029727 12 6 0
-0.006815 12 -6 0
0.009325 12 8 0
0.013969 12 -8 0
0.069805 12 10 0
-0.011470 12 -10 0
0.020655 12 12 0
-0.009510 12 -12 0
-0.047229 13 1 0
0.080042 13 -1 0
-0.065932 13 3 0
-0.076099 13 -3 0
-0.013161 13 5 0
0.003938 13 -5 0
0.009798 13 7 0
0.015827 13 -7 0
0.007699 13 9 0
-0.017911 13 -9 0
0.036084 13 11 0
-0.018182 13 -11 0
-0.005188 13 13 0
-0.006918 13 -13 0
0.033641 14 0 0
0.005978 14 2 0
0.004016 14 -2 0
-0.016319 14 4 0
-0.076963 14 -4 0
-0.063203 14 6 0
-0.001792 14 -6 0
0.007681 14 8 0
0.039984 14 -8 0
0.062732 14 10 0
-0.006740 14 -10 0
0.016931 14 12 0
-0.011442 14 -12 0
-0.023012 14 14 0
0.002066 14 -14 0
0.006518 15 1 0
0.012724 15 -1 0
0.021669 15 3 0
0.008598 15 -3 0
0.030184 15 5 0
-0.045445 15 -5 0
-0.017532 15 7 0
-0.009556 15 -7 0
-0.013045 15 9 0
0.001395 15 -9 0
0.030266 15 11 0
-0.006152 15 -11 0
0.004938 15 13 0
-0.006655 15 -13 0
-0.005257 15 15 0
0.001838 15 -15 0
0.003509 16 0 0
0.021061 16 2 0
0.003431 16 -2 0
-0.005357 16 4 0
0.018944 16 -4 0
-0.009162 16 6 0
-0.006560 16 -6 0
0.003980 16 8 0
0.001567 16 -8 0
0.025073 16 10 0
-0.006211 16 -10 0
0.009192 16 12 0
-0.004673 16 -12 0
-0.008199 16 14 0
0.002657 16 -14 0
0.004693 16 16 0
0.017168 16 -16 0
-0.004970 17 1 0
0.017822 17 -1 0
-0.011435 17 3 0
-0.018410 17 -3 0
-0.006152 17 5 0
0.005997 17 -5 0
0.004241 17 7 0
0.006818 17 -7 0
0.005428 17 9 0
-0.012096 17 -9 0
0.013839 17 11 0
-0.009352 17 -11 0
-0.000026 17 13 0
-0.001342 17 -13 0
-0.000341 17 15 0
0.001643 17 -15 0
-0.003840 17 17 0
-0.000765 17 -17 0
0.015789 18 0 0
-0.009628 18 2 0
0.000693 18 -2 0
-0.002568 18 4 0
-0.023916 18 -4 0
-0.024502 18 6 0
-0.000334 18 -6 0
0.002653 18 8 0
0.016176 18 -8 0
0.028730 18 10 0
-0.002190 18 -10 0
0.004762 18 12 0
-0.004485 18 -12 0
-0.004644 18 14 0
-0.000294 18 -14 0
0.000820 18 16 0
0.006723 18 -16 0
0.004203 18 18 0
0.001819 18 -18 0
-0.007569 19 1 0
0.013523 19 -1 0
-0.003023 19 3 0
-0.005661 19 -3 0
0.016291 19 5 0
-0.013263 19 -5 0
-0.007790 19 7 0
-0.003047 19 -7 0
-0.009448 19 9 0
0.002076 19 -9 0
0.012033 19 11 0
