0.013634 1 1 0
-0.078288 1 -1 0
0.120872 2 0 0
0.041149 2 2 0
0.022891 2 -2 0
-0.203669 3 1 0
0.243252 3 -1 0
-0.031195 3 3 0
-0.017695 3 -3 0
-0.011574 4 0 0
-0.199376 4 2 0
-0.008807 4 -2 0
-0.020800 4 4 0
-0.038570 4 -4 0
0.192433 5 1 0
-0.155728 5 -1 0
-0.096469 5 3 0
-0.118184 5 -3 0
0.021562 5 5 0
-0.051470 5 -5 0
0.011496 6 0 0
0.273201 6 2 0
0.020854 6 -2 0
-0.032137 6 4 0
-0.103605 6 -4 0
-0.054578 6 6 0
-0.005582 6 -6 0
-0.148786 7 1 0
0.199216 7 -1 0
0.099953 7 3 0
0.085941 7 -3 0
0.035130 7 5 0
-0.084196 7 -5 0
0.007024 7 7 0
0.025004 7 -7 0
0.122784 8 0 0
-0.229407 8 2 0
0.020630 8 -2 0
-0.024566 8 4 0
0.053358 8 -4 0
-0.056351 8 6 0
-0.001570 8 -6 0
-0.007607 8 8 0
0.051507 8 -8 0
-0.005197 9 1 0
0.034843 9 -1 0
-0.144943 9 3 0
-0.151085 9 -3 0
-0.020347 9 5 0
-0.015385 9 -5 0
0.013135 9 7 0
0.021178 9 -7 0
-0.015538 9 9 0
-0.007082 9 -9 0
-0.013665 10 0 0
0.143386 10 2 0
0.005194 10 -2 0
-0.032171 10 4 0
-0.131141 10 -4 0
-0.094009 10 6 0
0.000703 10 -6 0
-0.002001 10 8 0
0.053226 10 -8 0
0.079104 10 10 0
-0.013849 10 -10 0
0.009810 11 1 0
0.020997 11 -1 0
0.080665 11 3 0
0.054266 11 -3 0
0.049123 11 5 0
-0.083544 11 -5 0
-0.014249 11 7 0
0.000237 11 -7 0
-0.019304 11 9 0
-0.002380 11 -9 0
0.036069 11 11 0
-0.018315 11 -11 0
0.054311 12 0 0
-0.045282 12 2 0
0.012327 12 -2 0
-0.015047 12 4 0
0.044956 12 -4 0
-0.024129 12 6 0
0.000353 12 -6 0
0.001073 12 8 0
0.023856 12 -8 0
0.061349 12 10 0
-0.005384 12 -10 0
0.025343 12 12 0
-0.012577 12 -12 0
-0.055410 13 1 0
0.078525 13 -1 0
-0.073637 13 3 0
-0.077097 13 -3 0
-0.012063 13 5 0
-0.008239 13 -5 0
0.016475 13 7 0
0.025434 13 -7 0
-0.008421 13 9 0
-0.013291 13 -9 0
0.026272 13 11 0
-0.022749 13 -11 0
-0.004308 13 13 0
-0.003476 13 -13 0
0.032876 14 0 0
-0.003422 14 2 0
0.004113 14 -2 0
-0.017050 14 4 0
-0.081005 14 -4 0
-0.059808 14 6 0
0.001049 14 -6 0
-0.000730 14 8 0
0.045607 14 -8 0
0.056659 14 10 0
-0.004596 14 -10 0
0.019917 14 12 0
-0.010798 14 -12 0
-0.013207 14 14 0
0.004892 14 -14 0
0.001555 15 1 0
0.011002 15 -1 0
0.016373 15 3 0
0.007851 15 -3 0
0.032416 15 5 0
-0.052947 15 -5 0
-0.010945 15 7 0
-0.004631 15 -7 0
-0.022975 15 9 0
0.002902 15 -9 0
0.023012 15 11 0
-0.006740 15 -11 0
0.001312 15 13 0
-0.005854 15 -13 0
-0.005183 15 15 0
-0.001331 15 -15 0
0.002732 16 0 0
0.015559 16 2 0
0.001397 16 -2 0
-0.008344 16 4 0
0.016825 16 -4 0
-0.005745 16 6 0
-0.003202 16 -6 0
0.001431 16 8 0
0.004467 16 -8 0
0.022536 16 10 0
-0.002744 16 -10 0
0.010485 16 12 0
-0.004473 16 -12 0
-0.003163 16 14 0
0.004461 16 -14 0
0.006947 16 16 0
0.016955 16 -16 0
-0.008458 17 1 0
0.017074 17 -1 0
-0.012531 17 3 0
-0.018063 17 -3 0
-0.006081 17 5 0
-0.000230 17 -5 0
0.009226 17 7 0
0.010376 17 -7 0
0.000566 17 9 0
-0.010975 17 -9 0
0.009384 17 11 0
-0.010017 17 -11 0
-0.001141 17 13 0
-0.000312 17 -13 0
0.000026 17 15 0
0.001786 17 -15 0
0.000468 17 17 0
-0.002405 17 -17 0
0.014371 18 0 0
-0.013210 18 2 0
-0.000068 18 -2 0
-0.002443 18 4 0
-0.024601 18 -4 0
-0.024533 18 6 0
-0.000425 18 -6 0
-0.000294 18 8 0
0.016050 18 -8 0
0.025987 18 10 0
0.000352 18 -10 0
0.007059 18 12 0
-0.004444 18 -12 0
-0.001346 18 14 0
0.002065 18 -14 0
0.001857 18 16 0
0.008986 18 -16 0
0.007508 18 18 0
0.001673 18 -18 0
-0.011078 19 1 0
0.013490 19 -1 0
-0.003648 19 3 0
-0.007061 19 -3 0
0.015551 19 5 0
-0.016019 19 -5 0
-0.005569 19 7 0
-0.001147 19 -7 0
-0.012289 19 9 0
0.002303 19 -9 0
0.010755 19 11 0
