0.098903 1 1 0
0.024341 1 -1 0
0.144120 2 0 0
0.011734 2 2 0
-0.011569 2 -2 0
-0.213736 3 1 0
0.198206 3 -1 0
0.023321 3 3 0
-0.019520 3 -3 0
-0.030881 4 0 0
-0.175227 4 2 0
0.000244 4 -2 0
-0.018026 4 4 0
-0.043327 4 -4 0
0.211371 5 1 0
-0.160233 5 -1 0
-0.095635 5 3 0
-0.113195 5 -3 0
0.034888 5 5 0
-0.061391 5 -5 0
0.012250 6 0 0
0.264705 6 2 0
0.016805 6 -2 0
-0.030392 6 4 0
-0.104217 6 -4 0
-0.045685 6 6 0
-0.000201 6 -6 0
-0.145195 7 1 0
0.192154 7 -1 0
0.116929 7 3 0
0.075969 7 -3 0
0.042618 7 5 0
-0.076621 7 -5 0
0.017275 7 7 0
0.028092 7 -7 0
0.110924 8 0 0
-0.236413 8 2 0
0.007658 8 -2 0
-0.020077 8 4 0
0.051194 8 -4 0
-0.051772 8 6 0
0.001440 8 -6 0
-0.016028 8 8 0
0.048921 8 -8 0
0.012067 9 1 0
0.027517 9 -1 0
-0.126895 9 3 0
-0.154122 9 -3 0
-0.010382 9 5 0
-0.014503 9 -5 0
0.021459 9 7 0
0.030417 9 -7 0
0.003209 9 9 0
0.013031 9 -9 0
-0.020422 10 0 0
0.142020 10 2 0
0.003306 10 -2 0
-0.029555 10 4 0
-0.131953 10 -4 0
-0.091429 10 6 0
0.003173 10 -6 0
-0.004025 10 8 0
0.053380 10 -8 0
0.064650 10 10 0
-0.007545 10 -10 0
0.019148 11 1 0
0.017105 11 -1 0
0.093598 11 3 0
0.055242 11 -3 0
0.054947 11 5 0
-0.080147 11 -5 0
-0.006178 11 7 0
0.009146 11 -7 0
-0.006766 11 9 0
0.019587 11 -9 0
0.038392 11 11 0
-0.007464 11 -11 0
0.049796 12 0 0
-0.049332 12 2 0
0.007186 12 -2 0
-0.013296 12 4 0
0.041890 12 -4 0
-0.018137 12 6 0
-0.000905 12 -6 0
-0.005216 12 8 0
0.020850 12 -8 0
0.051130 12 10 0
-0.002714 12 -10 0
0.012437 12 12 0
-0.014079 12 -12 0
-0.047976 13 1 0
0.074226 13 -1 0
-0.062449 13 3 0
-0.080015 13 -3 0
-0.005207 13 5 0
-0.007377 13 -5 0
0.022392 13 7 0
0.030290 13 -7 0
0.005147 13 9 0
0.002305 13 -9 0
0.030374 13 11 0
-0.012482 13 -11 0
-0.006038 13 13 0
0.000109 13 -13 0
0.028452 14 0 0
-0.002977 14 2 0
0.002070 14 -2 0
-0.015399 14 4 0
-0.080488 14 -4 0
-0.057872 14 6 0
0.004154 14 -6 0
-0.002836 14 8 0
0.044693 14 -8 0
0.047111 14 10 0
-0.000945 14 -10 0
0.013071 14 12 0
-0.011915 14 -12 0
-0.012177 14 14 0
-0.008005 14 -14 0
0.009367 15 1 0
0.008558 15 -1 0
0.022778 15 3 0
0.006760 15 -3 0
0.035909 15 5 0
-0.049024 15 -5 0
-0.006661 15 7 0
-0.001258 15 -7 0
-0.015381 15 9 0
0.015203 15 -9 0
0.025978 15 11 0
-0.001876 15 -11 0
0.003101 15 13 0
-0.001935 15 -13 0
-0.003360 15 15 0
0.002838 15 -15 0
0.001039 16 0 0
0.012963 16 2 0
0.000278 16 -2 0
-0.005585 16 4 0
0.016585 16 -4 0
-0.005988 16 6 0
-0.003024 16 -6 0
-0.001861 16 8 0
0.003092 16 -8 0
0.017620 16 10 0
-0.002040 16 -10 0
0.004756 16 12 0
-0.004583 16 -12 0
-0.004051 16 14 0
-0.002512 16 -14 0
0.011797 16 16 0
0.013421 16 -16 0
-0.006985 17 1 0
0.016203 17 -1 0
-0.008230 17 3 0
-0.019197 17 -3 0
-0.004052 17 5 0
0.000947 17 -5 0
0.010415 17 7 0
0.011557 17 -7 0
0.005008 17 9 0
-0.005474 17 -9 0
0.010085 17 11 0
-0.006063 17 -11 0
0.000751 17 13 0
0.000155 17 -13 0
-0.000025 17 15 0
0.003233 17 -15 0
0.000149 17 17 0
0.002383 17 -17 0
0.014222 18 0 0
-0.011382 18 2 0
0.000620 18 -2 0
-0.001432 18 4 0
-0.023862 18 -4 0
-0.022585 18 6 0
0.000451 18 -6 0
-0.001217 18 8 0
0.015639 18 -8 0
0.023231 18 10 0
0.000451 18 -10 0
0.003840 18 12 0
-0.004304 18 -12 0
-0.004034 18 14 0
-0.002769 18 -14 0
0.002876 18 16 0
0.006607 18 -16 0
0.009096 18 18 0
0.001483 18 -18 0
-0.008495 19 1 0
0.012276 19 -1 0
-0.001416 19 3 0
-0.004955 19 -3 0
0.016797 19 5 0
-0.016773 19 -5 0
-0.004005 19 7 0
-0.002014 19 -7 0
-0.010538 19 9 0
0.004777 19 -9 0
0.011394 19 11 0
