0.007571 1 1 0
0.091740 1 -1 0
-0.031412 2 0 0
0.014541 2 2 0
-0.009238 2 -2 0
-0.011233 3 1 0
-0.013781 3 -1 0
-0.019058 3 3 0
-0.004774 3 -3 0
0.004804 4 0 0
0.011643 4 2 0
0.006759 4 -2 0
0.005306 4 4 0
0.009593 4 -4 0
0.008656 5 1 0
0.007139 5 -1 0
0.005588 5 3 0
-0.000953 5 -3 0
-0.000497 5 5 0
-0.000354 5 -5 0
-0.004029 6 0 0
0.003707 6 2 0
0.000104 6 -2 0
-0.001793 6 4 0
-0.006145 6 -4 0
0.002643 6 6 0
0.000212 6 -6 0
-0.009671 7 1 0
0.002235 7 -1 0
-0.010281 7 3 0
0.005311 7 -3 0
0.001151 7 5 0
-0.009691 7 -5 0
0.010117 7 7 0
0.004082 7 -7 0
-0.005655 8 0 0
0.009409 8 2 0
0.002747 8 -2 0
0.003813 8 4 0
0.006640 8 -4 0
-0.005610 8 6 0
0.002509 8 -6 0
-0.002582 8 8 0
-0.001969 8 -8 0
-0.004468 9 1 0
0.004978 9 -1 0
-0.002622 9 3 0
-0.003965 9 -3 0
-0.003394 9 5 0
-0.004715 9 -5 0
0.007470 9 7 0
-0.005698 9 -7 0
-0.004910 9 9 0
0.002804 9 -9 0
-0.000784 10 0 0
0.004666 10 2 0
-0.001725 10 -2 0
-0.001906 10 4 0
0.001705 10 -4 0
-0.004200 10 6 0
0.002217 10 -6 0
-0.000069 10 8 0
0.002231 10 -8 0
0.003828 10 10 0
-0.005095 10 -10 0
-0.007708 11 1 0
0.001999 11 -1 0
-0.004459 11 3 0
0.000103 11 -3 0
0.000371 11 5 0
-0.005930 11 -5 0
0.005860 11 7 0
-0.001745 11 -7 0
-0.007506 11 9 0
-0.000260 11 -9 0
-0.007269 11 11 0
0.003319 11 -11 0
-0.001846 12 0 0
0.008240 12 2 0
0.001983 12 -2 0
0.001659 12 4 0
0.003728 12 -4 0
-0.002823 12 6 0
0.001983 12 -6 0
0.000381 12 8 0
0.000845 12 -8 0
0.003679 12 10 0
-0.003339 12 -10 0
0.008239 12 12 0
-0.002356 12 -12 0
-0.005284 13 1 0
0.000674 13 -1 0
-0.002207 13 3 0
-0.001415 13 -3 0
-0.002785 13 5 0
-0.006212 13 -5 0
0.005473 13 7 0
-0.003272 13 -7 0
-0.008370 13 9 0
0.000283 13 -9 0
-0.004952 13 11 0
-0.003423 13 -11 0
-0.006083 13 13 0
0.000333 13 -13 0
-0.001586 14 0 0
0.004077 14 2 0
-0.000934 14 -2 0
-0.000308 14 4 0
0.001874 14 -4 0
-0.002017 14 6 0
0.002319 14 -6 0
0.000858 14 8 0
0.001390 14 -8 0
0.003459 14 10 0
0.000491 14 -10 0
0.006548 14 12 0
0.000520 14 -12 0
0.000364 14 14 0
0.003353 14 -14 0
-0.004113 15 1 0
0.001764 15 -1 0
0.000130 15 3 0
-0.000250 15 -3 0
-0.000044 15 5 0
-0.004416 15 -5 0
0.004895 15 7 0
-0.001126 15 -7 0
-0.005647 15 9 0
0.000087 15 -9 0
-0.002837 15 11 0
-0.000577 15 -11 0
-0.002074 15 13 0
-0.004177 15 -13 0
0.001137 15 15 0
-0.002711 15 -15 0
-0.000106 16 0 0
0.003099 16 2 0
0.000842 16 -2 0
-0.000083 16 4 0
0.001123 16 -4 0
0.000406 16 6 0
0.001107 16 -6 0
0.000483 16 8 0
0.000756 16 -8 0
0.002176 16 10 0
-0.001707 16 -10 0
0.003867 16 12 0
-0.000575 16 -12 0
-0.001012 16 14 0
0.002960 16 -14 0
0.002617 16 16 0
0.004038 16 -16 0
-0.001925 17 1 0
0.001049 17 -1 0
-0.001265 17 3 0
-0.000175 17 -3 0
-0.000196 17 5 0
-0.001323 17 -5 0
0.002321 17 7 0
-0.002303 17 -7 0
-0.003901 17 9 0
0.000618 17 -9 0
-0.002649 17 11 0
-0.002809 17 -11 0
-0.000593 17 13 0
-0.000168 17 -13 0
0.002891 17 15 0
-0.003839 17 -15 0
-0.000220 17 17 0
-0.002851 17 -17 0
-0.001222 18 0 0
0.002049 18 2 0
0.000105 18 -2 0
0.000800 18 4 0
0.001419 18 -4 0
-0.002073 18 6 0
-0.001488 18 -6 0
0.000906 18 8 0
-0.000204 18 -8 0
0.002304 18 10 0
-0.000311 18 -10 0
0.003710 18 12 0
-0.000153 18 -12 0
-0.000622 18 14 0
0.002665 18 -14 0
0.000942 18 16 0
0.000872 18 -16 0
0.000079 18 18 0
0.001798 18 -18 0
-0.000464 19 1 0
0.001041 19 -1 0
-0.001332 19 3 0
-0.000076 19 -3 0
-0.000058 19 5 0
-0.002420 19 -5 0
0.003306 19 7 0
0.000533 19 -7 0
-0.002269 19 9 0
-0.000173 19 -9 0
-0.001572 19 11 0
