0.000296 1 1 0
0.068926 1 -1 0
0.004523 2 0 0
0.005417 2 2 0
-0.003338 2 -2 0
-0.016471 3 1 0
-0.029424 3 -1 0
-0.002505 3 3 0
-0.005014 3 -3 0
0.000987 4 0 0
0.012063 4 2 0
-0.004250 4 -2 0
0.009262 4 4 0
-0.008839 4 -4 0
0.003911 5 1 0
0.005247 5 -1 0
0.004007 5 3 0
-0.004023 5 -3 0
0.002693 5 5 0
0.003137 5 -5 0
-0.005535 6 0 0
-0.000503 6 2 0
0.008235 6 -2 0
-0.008095 6 4 0
0.000163 6 -4 0
0.001459 6 6 0
-0.005313 6 -6 0
-0.003034 7 1 0
-0.009024 7 -1 0
-0.002004 7 3 0
-0.000775 7 -3 0
0.000331 7 5 0
-0.001549 7 -5 0
-0.001294 7 7 0
0.001462 7 -7 0
0.002483 8 0 0
0.001779 8 2 0
-0.000554 8 -2 0
0.002307 8 4 0
0.000962 8 -4 0
0.002191 8 6 0
-0.003395 8 -6 0
-0.000018 8 8 0
-0.002741 8 -8 0
-0.001636 9 1 0
-0.007872 9 -1 0
0.001530 9 3 0
-0.005492 9 -3 0
-0.001013 9 5 0
0.000120 9 -5 0
0.003755 9 7 0
0.000302 9 -7 0
-0.005812 9 9 0
0.002195 9 -9 0
-0.001296 10 0 0
0.003284 10 2 0
-0.000346 10 -2 0
-0.003540 10 4 0
0.003120 10 -4 0
-0.002959 10 6 0
-0.004644 10 -6 0
0.000666 10 8 0
0.004802 10 -8 0
-0.004295 10 10 0
-0.003059 10 -10 0
-0.004658 11 1 0
-0.004601 11 -1 0
0.000909 11 3 0
-0.004447 11 -3 0
-0.002062 11 5 0
0.001315 11 -5 0
-0.000541 11 7 0
0.003852 11 -7 0
-0.000637 11 9 0
0.000128 11 -9 0
-0.000246 11 11 0
0.001428 11 -11 0
-0.000760 12 0 0
0.004527 12 2 0
0.002042 12 -2 0
-0.000200 12 4 0
0.001976 12 -4 0
0.002852 12 6 0
-0.003962 12 -6 0
0.001546 12 8 0
-0.001527 12 -8 0
-0.000656 12 10 0
-0.000652 12 -10 0
-0.004445 12 12 0
0.000426 12 -12 0
-0.002238 13 1 0
-0.005681 13 -1 0
-0.000286 13 3 0
-0.004033 13 -3 0
-0.000968 13 5 0
-0.000777 13 -5 0
0.000421 13 7 0
0.000429 13 -7 0
-0.003127 13 9 0
0.000913 13 -9 0
0.001461 13 11 0
-0.001060 13 -11 0
0.000534 13 13 0
0.003796 13 -13 0
-0.000807 14 0 0
0.002058 14 2 0
-0.002499 14 -2 0
-0.000609 14 4 0
0.000412 14 -4 0
-0.000697 14 6 0
-0.003237 14 -6 0
0.001107 14 8 0
0.001371 14 -8 0
-0.000663 14 10 0
-0.000807 14 -10 0
0.000328 14 12 0
0.002041 14 -12 0
-0.006410 14 14 0
-0.003141 14 -14 0
-0.003501 15 1 0
-0.004072 15 -1 0
0.001196 15 3 0
-0.003352 15 -3 0
-0.001169 15 5 0
-0.000244 15 -5 0
0.002310 15 7 0
0.000649 15 -7 0
-0.003984 15 9 0
-0.000556 15 -9 0
0.003201 15 11 0
-0.000247 15 -11 0
0.000327 15 13 0
0.000613 15 -13 0
0.002149 15 15 0
0.001819 15 -15 0
-0.000520 16 0 0
0.002495 16 2 0
-0.000044 16 -2 0
0.000278 16 4 0
0.000747 16 -4 0
0.001159 16 6 0
-0.001944 16 -6 0
0.000492 16 8 0
0.001097 16 -8 0
0.000788 16 10 0
-0.002295 16 -10 0
0.000313 16 12 0
0.000886 16 -12 0
-0.004515 16 14 0
-0.001740 16 -14 0
-0.001866 16 16 0
-0.000629 16 -16 0
-0.001358 17 1 0
-0.002303 17 -1 0
-0.000640 17 3 0
-0.001936 17 -3 0
-0.001291 17 5 0
0.000475 17 -5 0
0.001226 17 7 0
-0.000994 17 -7 0
0.000589 17 9 0
0.000295 17 -9 0
0.001290 17 11 0
-0.000250 17 -11 0
0.000497 17 13 0
0.002709 17 -13 0
0.003594 17 15 0
-0.000557 17 -15 0
-0.000186 17 17 0
-0.000026 17 -17 0
-0.000855 18 0 0
0.001378 18 2 0
-0.000146 18 -2 0
-0.000093 18 4 0
0.001370 18 -4 0
0.000030 18 6 0
-0.002509 18 -6 0
0.000015 18 8 0
-0.000077 18 -8 0
0.000026 18 10 0
0.000613 18 -10 0
0.001094 18 12 0
0.000886 18 -12 0
-0.001939 18 14 0
-0.000110 18 -14 0
-0.001902 18 16 0
-0.001491 18 -16 0
-0.000694 18 18 0
-0.000677 18 -18 0
-0.001167 19 1 0
-0.001336 19 -1 0
-0.000954 19 3 0
-0.001622 19 -3 0
-0.000976 19 5 0
-0.000746 19 -5 0
0.001469 19 7 0
0.001389 19 -7 0
-0.001075 19 9 0
-0.000825 19 -9 0
0.001017 19 11 0
