0.146402 1 1 0
-0.055378 1 -1 0
-0.273361 2 0 0
0.030822 2 2 0
0.058583 2 -2 0
-0.069112 3 1 0
-0.355224 3 -1 0
0.014986 3 3 0
0.034001 3 -3 0
0.239053 4 0 0
-0.075357 4 2 0
-0.179254 4 -2 0
0.003429 4 4 0
0.009416 4 -4 0
0.127398 5 1 0
0.541702 5 -1 0
-0.035064 5 3 0
-0.062188 5 -3 0
-0.007762 5 5 0
-0.019788 5 -5 0
-0.095470 6 0 0
0.101199 6 2 0
0.305068 6 -2 0
-0.017507 6 4 0
-0.035302 6 -4 0
0.017255 6 6 0
0.018249 6 -6 0
-0.069110 7 1 0
-0.457122 7 -1 0
0.079913 7 3 0
0.158257 7 -3 0
-0.022283 7 5 0
-0.009969 7 -5 0
0.004111 7 7 0
-0.012159 7 -7 0
-0.021952 8 0 0
-0.136253 8 2 0
-0.331870 8 -2 0
0.036508 8 4 0
0.039365 8 -4 0
0.004910 8 6 0
0.016011 8 -6 0
-0.014784 8 8 0
0.016298 8 -8 0
0.060842 9 1 0
0.285401 9 -1 0
-0.088295 9 3 0
-0.159314 9 -3 0
0.005035 9 5 0
-0.012108 9 -5 0
0.010228 9 7 0
-0.009740 9 -7 0
0.012990 9 9 0
0.005532 9 -9 0
0.077635 10 0 0
0.087183 10 2 0
0.229062 10 -2 0
-0.045191 10 4 0
-0.086820 10 -4 0
0.008482 10 6 0
-0.001225 10 -6 0
-0.004987 10 8 0
0.017764 10 -8 0
-0.006464 10 10 0
-0.008976 10 -10 0
0.014881 11 1 0
-0.101381 11 -1 0
0.080570 11 3 0
0.161564 11 -3 0
-0.033905 11 5 0
-0.031445 11 -5 0
-0.002005 11 7 0
-0.020424 11 -7 0
0.016653 11 9 0
0.009929 11 -9 0
0.000147 11 11 0
-0.000458 11 -11 0
-0.068819 12 0 0
-0.073973 12 2 0
-0.134046 12 -2 0
0.043538 12 4 0
0.066325 12 -4 0
0.002239 12 6 0
0.018931 12 -6 0
-0.014069 12 8 0
0.006571 12 -8 0
-0.006384 12 10 0
-0.006053 12 -10 0
-0.001641 12 12 0
-0.016200 12 -12 0
0.002452 13 1 0
0.034810 13 -1 0
-0.054487 13 3 0
-0.080111 13 -3 0
0.014774 13 5 0
0.012437 13 -5 0
0.010445 13 7 0
0.005930 13 -7 0
0.009179 13 9 0
0.005330 13 -9 0
0.004211 13 11 0
0.004783 13 -11 0
0.002867 13 13 0
0.009334 13 -13 0
0.048926 14 0 0
0.020098 14 2 0
0.046353 14 -2 0
-0.041709 14 4 0
-0.075437 14 -4 0
0.016319 14 6 0
-0.000020 14 -6 0
0.005235 14 8 0
0.023049 14 -8 0
-0.007532 14 10 0
-0.007617 14 -10 0
0.001361 14 12 0
-0.007717 14 -12 0
0.005478 14 14 0
-0.005883 14 -14 0
0.033712 15 1 0
0.021229 15 -1 0
0.035489 15 3 0
0.059094 15 -3 0
-0.032219 15 5 0
-0.038155 15 -5 0
-0.000274 15 7 0
-0.020965 15 -7 0
0.015240 15 9 0
0.015235 15 -9 0
-0.000675 15 11 0
-0.000021 15 -11 0
0.000017 15 13 0
0.007317 15 -13 0
-0.007575 15 15 0
0.008809 15 -15 0
-0.023275 16 0 0
-0.014040 16 2 0
-0.015107 16 -2 0
0.026774 16 4 0
0.033832 16 -4 0
-0.003282 16 6 0
0.002263 16 -6 0
-0.010080 16 8 0
-0.001020 16 -8 0
0.001237 16 10 0
-0.001017 16 -10 0
-0.002587 16 12 0
-0.008448 16 -12 0
0.004597 16 14 0
-0.002631 16 -14 0
0.004085 16 16 0
0.006086 16 -16 0
-0.009649 17 1 0
-0.008489 17 -1 0
-0.013723 17 3 0
-0.010960 17 -3 0
0.013657 17 5 0
0.016711 17 -5 0
0.003108 17 7 0
0.002721 17 -7 0
0.001609 17 9 0
-0.001891 17 -9 0
0.002817 17 11 0
0.001273 17 -11 0
0.002588 17 13 0
0.003720 17 -13 0
-0.004847 17 15 0
0.002962 17 -15 0
0.001510 17 17 0
0.006365 17 -17 0
0.011687 18 0 0
-0.006227 18 2 0
0.000737 18 -2 0
-0.015669 18 4 0
-0.025273 18 -4 0
0.013605 18 6 0
0.006378 18 -6 0
0.005928 18 8 0
0.010880 18 -8 0
-0.002950 18 10 0
-0.003723 18 -10 0
0.000442 18 12 0
-0.004441 18 -12 0
0.001520 18 14 0
-0.001188 18 -14 0
0.005411 18 16 0
-0.000449 18 -16 0
0.001270 18 18 0
0.000148 18 -18 0
0.017818 19 1 0
0.013918 19 -1 0
0.005340 19 3 0
0.009053 19 -3 0
-0.015719 19 5 0
-0.021629 19 -5 0
0.004062 19 7 0
-0.008917 19 -7 0
0.008983 19 9 0
0.008686 19 -9 0
-0.001639 19 11 0
