-0.048311 1 1 0
0.013533 1 -1 0
0.067379 2 0 0
0.164843 2 2 0
0.016285 2 -2 0
0.228801 3 1 0
-0.246881 3 -1 0
-0.103216 3 3 0
-0.079395 3 -3 0
0.002064 4 0 0
-0.237621 4 2 0
-0.028936 4 -2 0
-0.017313 4 4 0
0.046611 4 -4 0
-0.202094 5 1 0
0.182605 5 -1 0
0.126800 5 3 0
0.139923 5 -3 0
0.041702 5 5 0
-0.056596 5 -5 0
-0.170183 6 0 0
0.431145 6 2 0
0.010928 6 -2 0
-0.019739 6 4 0
-0.160797 6 -4 0
-0.106346 6 6 0
0.026352 6 -6 0
-0.070595 7 1 0
0.034201 7 -1 0
-0.256368 7 3 0
-0.271559 7 -3 0
-0.060311 7 5 0
0.008492 7 -5 0
0.070991 7 7 0
0.046688 7 -7 0
0.047201 8 0 0
-0.039682 8 2 0
-0.016979 8 -2 0
-0.047452 8 4 0
0.219948 8 -4 0
-0.044466 8 6 0
0.042282 8 -6 0
-0.013410 8 8 0
0.042997 8 -8 0
0.053817 9 1 0
-0.081986 9 -1 0
0.092018 9 3 0
0.112523 9 -3 0
0.122415 9 5 0
-0.123546 9 -5 0
0.043354 9 7 0
0.012663 9 -7 0
0.035746 9 9 0
0.053770 9 -9 0
-0.042985 10 0 0
0.090718 10 2 0
-0.011414 10 -2 0
-0.012130 10 4 0
-0.173984 10 -4 0
-0.173786 10 6 0
0.018273 10 -6 0
-0.011741 10 8 0
0.078676 10 -8 0
0.066305 10 10 0
-0.009453 10 -10 0
-0.104025 11 1 0
0.070547 11 -1 0
-0.102323 11 3 0
-0.100910 11 -3 0
-0.074977 11 5 0
0.034574 11 -5 0
0.084939 11 7 0
0.077220 11 -7 0
0.052473 11 9 0
0.028198 11 -9 0
0.026468 11 11 0
0.029327 11 -11 0
-0.062853 12 0 0
0.147087 12 2 0
-0.005669 12 -2 0
-0.031509 12 4 0
0.107371 12 -4 0
-0.003323 12 6 0
0.034916 12 -6 0
-0.002202 12 8 0
0.010469 12 -8 0
0.032623 12 10 0
-0.010444 12 -10 0
0.036182 12 12 0
-0.064742 12 -12 0
-0.032499 13 1 0
0.011610 13 -1 0
-0.036119 13 3 0
-0.026667 13 -3 0
0.083853 13 5 0
-0.085634 13 -5 0
0.020706 13 7 0
-0.004899 13 -7 0
0.008150 13 9 0
0.046087 13 -9 0
0.028155 13 11 0
0.034464 13 -11 0
0.007405 13 13 0
-0.002560 13 -13 0
-0.004403 14 0 0
0.030923 14 2 0
-0.010678 14 -2 0
-0.012228 14 4 0
-0.035082 14 -4 0
-0.114287 14 6 0
0.006965 14 -6 0
-0.008767 14 8 0
0.060190 14 -8 0
0.057116 14 10 0
-0.000073 14 -10 0
0.032006 14 12 0
-0.059017 14 -12 0
-0.017417 14 14 0
-0.007544 14 -14 0
-0.001218 15 1 0
-0.013929 15 -1 0
-0.011189 15 3 0
-0.002928 15 -3 0
-0.024539 15 5 0
0.006760 15 -5 0
0.053270 15 7 0
0.049929 15 -7 0
0.036338 15 9 0
0.007675 15 -9 0
0.007638 15 11 0
0.008821 15 -11 0
-0.000505 15 13 0
-0.001001 15 -13 0
0.007504 15 15 0
0.006791 15 -15 0
-0.016188 16 0 0
0.039915 16 2 0
-0.004901 16 -2 0
-0.009038 16 4 0
0.004612 16 -4 0
0.001896 16 6 0
0.016297 16 -6 0
0.002616 16 8 0
-0.001113 16 -8 0
0.006459 16 10 0
-0.005523 16 -10 0
0.016381 16 12 0
-0.020536 16 -12 0
-0.007481 16 14 0
-0.001506 16 -14 0
0.007244 16 16 0
0.003491 16 -16 0
-0.028818 17 1 0
0.020097 17 -1 0
-0.023154 17 3 0
-0.018410 17 -3 0
0.023440 17 5 0
-0.023059 17 -5 0
0.003485 17 7 0
-0.008178 17 -7 0
-0.000505 17 9 0
0.019041 17 -9 0
0.014815 17 11 0
0.019429 17 -11 0
0.005511 17 13 0
-0.002609 17 -13 0
0.003041 17 15 0
-0.001555 17 -15 0
-0.008383 17 17 0
0.000697 17 -17 0
-0.016173 18 0 0
0.032766 18 2 0
-0.002242 18 -2 0
-0.005633 18 4 0
0.009625 18 -4 0
-0.036396 18 6 0
0.000785 18 -6 0
-0.005349 18 8 0
0.027414 18 -8 0
0.024575 18 10 0
0.002976 18 -10 0
0.011440 18 12 0
-0.024679 18 -12 0
-0.006065 18 14 0
-0.000089 18 -14 0
-0.001086 18 16 0
0.004739 18 -16 0
0.010237 18 18 0
0.004473 18 -18 0
-0.004760 19 1 0
0.000581 19 -1 0
-0.011493 19 3 0
-0.006862 19 -3 0
0.001371 19 5 0
-0.004385 19 -5 0
0.018014 19 7 0
0.018882 19 -7 0
0.016548 19 9 0
-0.001222 19 -9 0
-0.001917 19 11 0
