-0.082824 1 1 0
0.084345 1 -1 0
0.100878 2 0 0
0.164004 2 2 0
0.003535 2 -2 0
0.231079 3 1 0
-0.256739 3 -1 0
-0.075327 3 3 0
-0.079094 3 -3 0
-0.006625 4 0 0
-0.236985 4 2 0
-0.044793 4 -2 0
-0.015380 4 4 0
0.036777 4 -4 0
-0.204764 5 1 0
0.155753 5 -1 0
0.113507 5 3 0
0.149371 5 -3 0
0.040622 5 5 0
-0.045669 5 -5 0
-0.180475 6 0 0
0.433452 6 2 0
0.003454 6 -2 0
-0.010880 6 4 0
-0.157664 6 -4 0
-0.105099 6 6 0
0.035090 6 -6 0
-0.078261 7 1 0
0.026860 7 -1 0
-0.252498 7 3 0
-0.267353 7 -3 0
-0.050542 7 5 0
0.027875 7 -5 0
0.092373 7 7 0
0.048353 7 -7 0
0.037741 8 0 0
-0.039985 8 2 0
-0.028924 8 -2 0
-0.031249 8 4 0
0.217497 8 -4 0
-0.032970 8 6 0
0.049598 8 -6 0
-0.013827 8 8 0
0.045314 8 -8 0
0.051457 9 1 0
-0.097253 9 -1 0
0.088670 9 3 0
0.112467 9 -3 0
0.135720 9 5 0
-0.114461 9 -5 0
0.061083 9 7 0
0.007470 9 -7 0
0.062091 9 9 0
0.054075 9 -9 0
-0.048952 10 0 0
0.089344 10 2 0
-0.021150 10 -2 0
-0.002773 10 4 0
-0.175735 10 -4 0
-0.166300 10 6 0
0.025296 10 -6 0
-0.005078 10 8 0
0.076652 10 -8 0
0.064774 10 10 0
-0.001728 10 -10 0
-0.104352 11 1 0
0.060483 11 -1 0
-0.103625 11 3 0
-0.097579 11 -3 0
-0.067431 11 5 0
0.047275 11 -5 0
0.102879 11 7 0
0.077221 11 -7 0
0.075073 11 9 0
0.024910 11 -9 0
0.022613 11 11 0
0.037467 11 -11 0
-0.069975 12 0 0
0.145552 12 2 0
-0.011256 12 -2 0
-0.022891 12 4 0
0.107421 12 -4 0
0.000409 12 6 0
0.036418 12 -6 0
0.001348 12 8 0
0.009772 12 -8 0
0.030240 12 10 0
-0.002070 12 -10 0
0.042608 12 12 0
-0.063267 12 -12 0
-0.034268 13 1 0
0.000623 13 -1 0
-0.036116 13 3 0
-0.026631 13 -3 0
0.091989 13 5 0
-0.073337 13 -5 0
0.034173 13 7 0
-0.007723 13 -7 0
0.023880 13 9 0
0.043722 13 -9 0
0.027922 13 11 0
0.038997 13 -11 0
-0.000030 13 13 0
-0.002833 13 -13 0
-0.008918 14 0 0
0.030864 14 2 0
-0.014427 14 -2 0
-0.005664 14 4 0
-0.036721 14 -4 0
-0.109461 14 6 0
0.009159 14 -6 0
-0.004863 14 8 0
0.059105 14 -8 0
0.055010 14 10 0
0.005756 14 -10 0
0.034700 14 12 0
-0.057553 14 -12 0
-0.014449 14 14 0
-0.008429 14 -14 0
-0.000438 15 1 0
-0.020884 15 -1 0
-0.013158 15 3 0
-0.001174 15 -3 0
-0.019365 15 5 0
0.014671 15 -5 0
0.061579 15 7 0
0.050281 15 -7 0
0.048071 15 9 0
0.005191 15 -9 0
0.005568 15 11 0
0.009662 15 -11 0
-0.003501 15 13 0
0.000682 15 -13 0
0.003733 15 15 0
0.003184 15 -15 0
-0.018042 16 0 0
0.038396 16 2 0
-0.007559 16 -2 0
-0.006542 16 4 0
0.003518 16 -4 0
0.003293 16 6 0
0.016312 16 -6 0
0.003847 16 8 0
-0.001827 16 -8 0
0.005143 16 10 0
-0.001818 16 -10 0
0.019369 16 12 0
-0.020179 16 -12 0
-0.008039 16 14 0
-0.000190 16 -14 0
0.005149 16 16 0
0.005961 16 -16 0
-0.029295 17 1 0
0.015845 17 -1 0
-0.022685 17 3 0
-0.017930 17 -3 0
0.025367 17 5 0
-0.018574 17 -5 0
0.009732 17 7 0
-0.009206 17 -7 0
0.005554 17 9 0
0.017605 17 -9 0
0.013698 17 11 0
0.020796 17 -11 0
0.004936 17 13 0
-0.003173 17 -13 0
-0.000015 17 15 0
-0.002267 17 -15 0
-0.010514 17 17 0
-0.002806 17 -17 0
-0.017849 18 0 0
0.033322 18 2 0
-0.003692 18 -2 0
-0.004193 18 4 0
0.010038 18 -4 0
-0.035564 18 6 0
-0.001117 18 -6 0
-0.002143 18 8 0
0.026776 18 -8 0
0.022030 18 10 0
0.005113 18 -10 0
0.013322 18 12 0
-0.024543 18 -12 0
-0.004880 18 14 0
-0.001661 18 -14 0
0.000212 18 16 0
0.004775 18 -16 0
0.009201 18 18 0
0.003628 18 -18 0
-0.003971 19 1 0
-0.001015 19 -1 0
-0.010185 19 3 0
-0.006209 19 -3 0
0.003815 19 5 0
-0.002352 19 -5 0
0.019930 19 7 0
0.018899 19 -7 0
0.018355 19 9 0
-0.002695 19 -9 0
-0.002819 19 11 0
