-0.180073 1 1 0
0.011637 1 -1 0
0.069315 2 0 0
0.175818 2 2 0
0.000387 2 -2 0
0.247088 3 1 0
-0.263943 3 -1 0
-0.067520 3 3 0
-0.082733 3 -3 0
-0.006690 4 0 0
-0.249761 4 2 0
-0.046120 4 -2 0
-0.020191 4 4 0
0.030366 4 -4 0
-0.185016 5 1 0
0.167147 5 -1 0
0.130793 5 3 0
0.153979 5 -3 0
0.022989 5 5 0
-0.031132 5 -5 0
-0.183663 6 0 0
0.425181 6 2 0
-0.003385 6 -2 0
-0.010888 6 4 0
-0.163957 6 -4 0
-0.085295 6 6 0
0.030630 6 -6 0
-0.052099 7 1 0
0.022731 7 -1 0
-0.235892 7 3 0
-0.259204 7 -3 0
-0.068219 7 5 0
0.031245 7 -5 0
0.057079 7 7 0
0.050443 7 -7 0
0.034441 8 0 0
-0.051173 8 2 0
-0.036507 8 -2 0
-0.040985 8 4 0
0.213460 8 -4 0
-0.021945 8 6 0
0.045777 8 -6 0
0.010525 8 8 0
0.047259 8 -8 0
0.077478 9 1 0
-0.098048 9 -1 0
0.103785 9 3 0
0.115095 9 -3 0
0.114430 9 5 0
-0.100419 9 -5 0
0.026858 9 7 0
0.013248 9 -7 0
0.070457 9 9 0
0.049081 9 -9 0
-0.053416 10 0 0
0.081106 10 2 0
-0.027425 10 -2 0
-0.009251 10 4 0
-0.177172 10 -4 0
-0.154244 10 6 0
0.025649 10 -6 0
0.005506 10 8 0
0.083446 10 -8 0
0.073726 10 10 0
0.009275 10 -10 0
-0.083661 11 1 0
0.058672 11 -1 0
-0.088406 11 3 0
-0.093865 11 -3 0
-0.082783 11 5 0
0.055224 11 -5 0
0.072154 11 7 0
0.079350 11 -7 0
0.087106 11 9 0
0.024550 11 -9 0
0.040168 11 11 0
0.026862 11 -11 0
-0.073651 12 0 0
0.138978 12 2 0
-0.017415 12 -2 0
-0.028242 12 4 0
0.105022 12 -4 0
0.011832 12 6 0
0.037495 12 -6 0
0.014152 12 8 0
0.012159 12 -8 0
0.037956 12 10 0
0.006009 12 -10 0
0.042215 12 12 0
-0.049914 12 -12 0
-0.018901 13 1 0
0.002785 13 -1 0
-0.025943 13 3 0
-0.024962 13 -3 0
0.077289 13 5 0
-0.067843 13 -5 0
0.010355 13 7 0
-0.004757 13 -7 0
0.034277 13 9 0
0.042864 13 -9 0
0.042035 13 11 0
0.033514 13 -11 0
0.007528 13 13 0
-0.004479 13 -13 0
-0.010894 14 0 0
0.023967 14 2 0
-0.018326 14 -2 0
-0.010225 14 4 0
-0.036768 14 -4 0
-0.102876 14 6 0
0.008339 14 -6 0
0.001956 14 8 0
0.061006 14 -8 0
0.061353 14 10 0
0.011526 14 -10 0
0.036156 14 12 0
-0.048559 14 -12 0
-0.017866 14 14 0
-0.006255 14 -14 0
0.009240 15 1 0
-0.020533 15 -1 0
-0.005263 15 3 0
-0.000761 15 -3 0
-0.027163 15 5 0
0.017753 15 -5 0
0.044828 15 7 0
0.050482 15 -7 0
0.054746 15 9 0
0.005232 15 -9 0
0.017588 15 11 0
0.007042 15 -11 0
0.001612 15 13 0
-0.001524 15 -13 0
0.004026 15 15 0
0.007026 15 -15 0
-0.019337 16 0 0
0.036385 16 2 0
-0.009630 16 -2 0
-0.008050 16 4 0
0.004261 16 -4 0
0.007264 16 6 0
0.015889 16 -6 0
0.009511 16 8 0
-0.000091 16 -8 0
0.008446 16 10 0
0.001847 16 -10 0
0.018625 16 12 0
-0.016721 16 -12 0
-0.008917 16 14 0
-0.001049 16 -14 0
0.006528 16 16 0
-0.001491 16 -16 0
-0.023328 17 1 0
0.016705 17 -1 0
-0.019541 17 3 0
-0.018575 17 -3 0
0.019844 17 5 0
-0.015536 17 -5 0
0.001615 17 7 0
-0.008346 17 -7 0
0.010100 17 9 0
0.019039 17 -9 0
0.021188 17 11 0
0.018641 17 -11 0
0.006280 17 13 0
-0.002232 17 -13 0
0.001210 17 15 0
-0.002146 17 -15 0
-0.002983 17 17 0
-0.002550 17 -17 0
-0.018051 18 0 0
0.031130 18 2 0
-0.004983 18 -2 0
-0.007610 18 4 0
0.009624 18 -4 0
-0.033012 18 6 0
0.000925 18 -6 0
-0.001278 18 8 0
0.028286 18 -8 0
0.024325 18 10 0
0.007165 18 -10 0
0.011354 18 12 0
-0.023265 18 -12 0
-0.005163 18 14 0
-0.002025 18 -14 0
-0.000378 18 16 0
0.001861 18 -16 0
0.006761 18 18 0
0.004195 18 -18 0
-0.001260 19 1 0
-0.001738 19 -1 0
-0.009762 19 3 0
-0.005697 19 -3 0
0.000089 19 5 0
-0.000986 19 -5 0
0.014574 19 7 0
0.018801 19 -7 0
0.021380 19 9 0
-0.002143 19 -9 0
0.001174 19 11 0
