0.184785 1 1 0
0.039275 1 -1 0
0.040690 2 0 0
-0.041093 2 2 0
-0.022244 2 -2 0
-0.133062 3 1 0
-0.160174 3 -1 0
-0.011375 3 3 0
0.018100 3 -3 0
-0.031585 4 0 0
0.145637 4 2 0
0.030464 4 -2 0
0.004197 4 4 0
0.013099 4 -4 0
0.075979 5 1 0
0.120800 5 -1 0
-0.111401 5 3 0
0.048984 5 -3 0
0.005437 5 5 0
0.028745 5 -5 0
-0.066454 6 0 0
-0.162285 6 2 0
-0.062767 6 -2 0
0.031327 6 4 0
-0.035064 6 -4 0
0.000485 6 6 0
0.022946 6 -6 0
-0.058599 7 1 0
-0.063458 7 -1 0
0.096184 7 3 0
-0.006035 7 -3 0
-0.005898 7 5 0
0.054153 7 -5 0
0.017245 7 7 0
-0.027669 7 -7 0
0.029805 8 0 0
0.120731 8 2 0
0.022327 8 -2 0
-0.042841 8 4 0
0.073969 8 -4 0
-0.006848 8 6 0
0.016115 8 -6 0
-0.014302 8 8 0
-0.000140 8 -8 0
-0.045744 9 1 0
-0.036584 9 -1 0
-0.132718 9 3 0
0.054300 9 -3 0
-0.006136 9 5 0
-0.010407 9 -5 0
0.025484 9 7 0
-0.023468 9 -7 0
0.026226 9 9 0
-0.037968 9 -9 0
-0.047725 10 0 0
-0.037705 10 2 0
-0.025499 10 -2 0
0.051688 10 4 0
-0.048317 10 -4 0
0.018609 10 6 0
0.042168 10 -6 0
-0.015172 10 8 0
0.005070 10 -8 0
-0.001836 10 10 0
-0.026999 10 -10 0
0.008108 11 1 0
0.020919 11 -1 0
0.045083 11 3 0
-0.004778 11 -3 0
-0.009039 11 5 0
0.070440 11 -5 0
-0.003151 11 7 0
-0.022834 11 -7 0
0.021289 11 9 0
-0.039307 11 -9 0
0.027143 11 11 0
-0.000203 11 -11 0
-0.017369 12 0 0
-0.002811 12 2 0
-0.008027 12 -2 0
-0.029296 12 4 0
0.054148 12 -4 0
-0.003033 12 6 0
-0.001203 12 -6 0
0.002193 12 8 0
-0.009200 12 -8 0
0.007405 12 10 0
-0.013581 12 -10 0
0.022385 12 12 0
-0.000270 12 -12 0
-0.039460 13 1 0
-0.030699 13 -1 0
-0.043686 13 3 0
0.027633 13 -3 0
-0.001069 13 5 0
-0.014456 13 -5 0
0.022708 13 7 0
-0.012324 13 -7 0
0.017729 13 9 0
-0.016220 13 -9 0
0.016705 13 11 0
-0.004251 13 -11 0
0.006987 13 13 0
-0.000416 13 -13 0
-0.003666 14 0 0
0.023382 14 2 0
-0.007799 14 -2 0
0.022009 14 4 0
-0.023367 14 -4 0
0.011592 14 6 0
0.033791 14 -6 0
-0.015082 14 8 0
0.005558 14 -8 0
-0.001570 14 10 0
-0.018843 14 -10 0
0.022717 14 12 0
-0.000701 14 -12 0
0.005709 14 14 0
0.011408 14 -14 0
-0.010219 15 1 0
-0.007574 15 -1 0
-0.006174 15 3 0
0.009578 15 -3 0
-0.003262 15 5 0
0.039970 15 -5 0
-0.003122 15 7 0
-0.016613 15 -7 0
0.014328 15 9 0
-0.027777 15 -9 0
0.021178 15 11 0
0.001387 15 -11 0
0.005357 15 13 0
0.002237 15 -13 0
-0.001200 15 15 0
-0.009734 15 -15 0
-0.014167 16 0 0
-0.011923 16 2 0
-0.002366 16 -2 0
-0.004645 16 4 0
0.016962 16 -4 0
-0.003298 16 6 0
-0.001758 16 -6 0
0.003067 16 8 0
-0.002863 16 -8 0
0.005101 16 10 0
-0.004889 16 -10 0
0.010490 16 12 0
0.000729 16 -12 0
0.000163 16 14 0
0.006450 16 -14 0
0.007147 16 16 0
0.002588 16 -16 0
-0.005257 17 1 0
0.001044 17 -1 0
-0.004271 17 3 0
0.002848 17 -3 0
-0.002736 17 5 0
-0.006220 17 -5 0
0.009276 17 7 0
-0.002722 17 -7 0
0.006452 17 9 0
-0.004638 17 -9 0
0.005258 17 11 0
-0.002898 17 -11 0
0.004717 17 13 0
0.002437 17 -13 0
0.001255 17 15 0
-0.005438 17 -15 0
-0.000195 17 17 0
-0.000779 17 -17 0
-0.001785 18 0 0
0.006559 18 2 0
-0.004999 18 -2 0
0.004816 18 4 0
-0.001655 18 -4 0
0.004967 18 6 0
0.013548 18 -6 0
-0.007238 18 8 0
0.000902 18 -8 0
-0.001555 18 10 0
-0.009829 18 -10 0
0.010372 18 12 0
-0.001400 18 -12 0
0.000091 18 14 0
0.004205 18 -14 0
0.001805 18 16 0
0.001710 18 -16 0
-0.001133 18 18 0
0.001308 18 -18 0
-0.011167 19 1 0
-0.007109 19 -1 0
-0.008334 19 3 0
0.007039 19 -3 0
-0.000781 19 5 0
0.012236 19 -5 0
-0.000248 19 7 0
-0.006474 19 -7 0
0.006434 19 9 0
-0.009325 19 -9 0
0.009307 19 11 0
