0.015771 1 1 0
-0.001697 1 -1 0
0.034703 2 0 0
-0.055725 2 2 0
-0.032446 2 -2 0
-0.122726 3 1 0
-0.161974 3 -1 0
-0.021099 3 3 0
0.003132 3 -3 0
-0.021051 4 0 0
0.146334 4 2 0
0.030110 4 -2 0
0.003539 4 4 0
0.009493 4 -4 0
0.078199 5 1 0
0.107069 5 -1 0
-0.133487 5 3 0
0.059147 5 -3 0
-0.000317 5 5 0
0.040105 5 -5 0
-0.070353 6 0 0
-0.174771 6 2 0
-0.061200 6 -2 0
0.032258 6 4 0
-0.019575 6 -4 0
0.003044 6 6 0
0.025191 6 -6 0
-0.066066 7 1 0
-0.081468 7 -1 0
0.081377 7 3 0
-0.004813 7 -3 0
-0.014868 7 5 0
0.058794 7 -5 0
0.017897 7 7 0
-0.026897 7 -7 0
0.034236 8 0 0
0.111217 8 2 0
0.025206 8 -2 0
-0.040967 8 4 0
0.085024 8 -4 0
-0.001351 8 6 0
0.014027 8 -6 0
-0.005032 8 8 0
-0.014487 8 -8 0
-0.049997 9 1 0
-0.058826 9 -1 0
-0.152783 9 3 0
0.058020 9 -3 0
-0.008921 9 5 0
0.002345 9 -5 0
0.022352 9 7 0
-0.021396 9 -7 0
0.018972 9 9 0
-0.038977 9 -9 0
-0.046546 10 0 0
-0.048871 10 2 0
-0.021838 10 -2 0
0.053498 10 4 0
-0.038973 10 -4 0
0.018553 10 6 0
0.044127 10 -6 0
-0.008954 10 8 0
-0.006713 10 -8 0
0.016091 10 10 0
-0.021463 10 -10 0
0.006035 11 1 0
0.007481 11 -1 0
0.029225 11 3 0
-0.002177 11 -3 0
-0.016173 11 5 0
0.077649 11 -5 0
-0.005585 11 7 0
-0.022609 11 -7 0
0.013355 11 9 0
-0.043323 11 -9 0
0.023417 11 11 0
0.000491 11 -11 0
-0.015935 12 0 0
-0.007845 12 2 0
-0.006127 12 -2 0
-0.028973 12 4 0
0.062669 12 -4 0
-0.001838 12 6 0
-0.000947 12 -6 0
0.005809 12 8 0
-0.017746 12 -8 0
0.014979 12 10 0
-0.010908 12 -10 0
0.020051 12 12 0
0.008590 12 -12 0
-0.042594 13 1 0
-0.042277 13 -1 0
-0.059179 13 3 0
0.029603 13 -3 0
-0.007402 13 5 0
-0.009052 13 -5 0
0.017532 13 7 0
-0.011510 13 -7 0
0.010148 13 9 0
-0.018446 13 -9 0
0.014712 13 11 0
-0.006999 13 -11 0
0.009119 13 13 0
0.004870 13 -13 0
-0.001298 14 0 0
0.016668 14 2 0
-0.006645 14 -2 0
0.023515 14 4 0
-0.016574 14 -4 0
0.012158 14 6 0
0.033978 14 -6 0
-0.011102 14 8 0
-0.000926 14 -8 0
0.008443 14 10 0
-0.015812 14 -10 0
0.021847 14 12 0
0.006488 14 -12 0
0.010756 14 14 0
0.010208 14 -14 0
-0.011121 15 1 0
-0.015775 15 -1 0
-0.017609 15 3 0
0.012566 15 -3 0
-0.007226 15 5 0
0.044156 15 -5 0
-0.005640 15 7 0
-0.016297 15 -7 0
0.009189 15 9 0
-0.030533 15 -9 0
0.018024 15 11 0
0.001527 15 -11 0
0.004365 15 13 0
0.004002 15 -13 0
-0.005574 15 15 0
-0.005078 15 -15 0
-0.014323 16 0 0
-0.014569 16 2 0
-0.001347 16 -2 0
-0.004206 16 4 0
0.019557 16 -4 0
-0.000169 16 6 0
-0.003498 16 -6 0
0.005716 16 8 0
-0.006278 16 -8 0
0.010600 16 10 0
-0.002200 16 -10 0
0.009179 16 12 0
0.003374 16 -12 0
0.003973 16 14 0
0.005066 16 -14 0
0.000062 16 16 0
-0.000701 16 -16 0
-0.006315 17 1 0
-0.002000 17 -1 0
-0.010636 17 3 0
0.002781 17 -3 0
-0.005441 17 5 0
-0.003548 17 -5 0
0.006972 17 7 0
-0.002141 17 -7 0
0.002114 17 9 0
-0.004673 17 -9 0
0.002459 17 11 0
-0.004014 17 -11 0
0.003261 17 13 0
0.002425 17 -13 0
-0.001440 17 15 0
-0.005208 17 -15 0
-0.003340 17 17 0
-0.004028 17 -17 0
-0.001648 18 0 0
0.003977 18 2 0
-0.004381 18 -2 0
0.005663 18 4 0
-0.000099 18 -4 0
0.004615 18 6 0
0.013413 18 -6 0
-0.005631 18 8 0
0.000066 18 -8 0
0.000564 18 10 0
-0.009168 18 -10 0
0.009165 18 12 0
0.000194 18 -12 0
0.003289 18 14 0
0.004413 18 -14 0
-0.002536 18 16 0
0.000314 18 -16 0
-0.000879 18 18 0
-0.001183 18 -18 0
-0.010301 19 1 0
-0.009276 19 -1 0
-0.014644 19 3 0
0.008175 19 -3 0
-0.002012 19 5 0
0.013970 19 -5 0
-0.003677 19 7 0
-0.005344 19 -7 0
0.004413 19 9 0
-0.009641 19 -9 0
0.008056 19 11 0
