0.046719 1 1 0
0.100182 1 -1 0
0.043852 2 0 0
-0.041849 2 2 0
-0.016890 2 -2 0
-0.125229 3 1 0
-0.179452 3 -1 0
-0.022931 3 3 0
-0.007405 3 -3 0
-0.035537 4 0 0
0.130785 4 2 0
0.020587 4 -2 0
0.016876 4 4 0
0.003049 4 -4 0
0.064677 5 1 0
0.114638 5 -1 0
-0.135040 5 3 0
0.063190 5 -3 0
0.006076 5 5 0
0.037609 5 -5 0
-0.081197 6 0 0
-0.171190 6 2 0
-0.063465 6 -2 0
0.026761 6 4 0
-0.018020 6 -4 0
0.020438 6 6 0
0.034319 6 -6 0
-0.069920 7 1 0
-0.076352 7 -1 0
0.077849 7 3 0
-0.002989 7 -3 0
-0.008367 7 5 0
0.059024 7 -5 0
0.016562 7 7 0
-0.033468 7 -7 0
0.022201 8 0 0
0.107168 8 2 0
0.015095 8 -2 0
-0.045514 8 4 0
0.084345 8 -4 0
0.010605 8 6 0
0.012522 8 -6 0
0.001381 8 8 0
-0.010371 8 -8 0
-0.057194 9 1 0
-0.054092 9 -1 0
-0.153685 9 3 0
0.063038 9 -3 0
-0.005392 9 5 0
-0.007680 9 -5 0
0.030423 9 7 0
-0.032939 9 -7 0
0.014180 9 9 0
-0.047141 9 -9 0
-0.054783 10 0 0
-0.048628 10 2 0
-0.026863 10 -2 0
0.053050 10 4 0
-0.036411 10 -4 0
0.034317 10 6 0
0.045193 10 -6 0
-0.004178 10 8 0
0.001590 10 -8 0
0.006957 10 10 0
-0.015865 10 -10 0
-0.001202 11 1 0
0.012770 11 -1 0
0.026760 11 3 0
0.001097 11 -3 0
-0.015108 11 5 0
0.076411 11 -5 0
0.000034 11 7 0
-0.029611 11 -7 0
0.015265 11 9 0
-0.053124 11 -9 0
0.021512 11 11 0
0.007494 11 -11 0
-0.024240 12 0 0
-0.010147 12 2 0
-0.009259 12 -2 0
-0.032858 12 4 0
0.063320 12 -4 0
0.009014 12 6 0
-0.000703 12 -6 0
0.009328 12 8 0
-0.012826 12 -8 0
0.010868 12 10 0
-0.004221 12 -10 0
0.017711 12 12 0
0.018894 12 -12 0
-0.046861 13 1 0
-0.037907 13 -1 0
-0.058874 13 3 0
0.032240 13 -3 0
-0.002762 13 5 0
-0.014716 13 -5 0
0.023638 13 7 0
-0.016874 13 -7 0
0.008905 13 9 0
-0.028168 13 -9 0
0.012903 13 11 0
-0.001366 13 -11 0
-0.001485 13 13 0
0.004435 13 -13 0
-0.007324 14 0 0
0.016269 14 2 0
-0.010945 14 -2 0
0.020839 14 4 0
-0.015970 14 -4 0
0.022831 14 6 0
0.035088 14 -6 0
-0.008738 14 8 0
0.002795 14 -8 0
0.001974 14 10 0
-0.011835 14 -10 0
0.018493 14 12 0
0.010165 14 -12 0
0.004097 14 14 0
0.011813 14 -14 0
-0.014399 15 1 0
-0.012473 15 -1 0
-0.019159 15 3 0
0.013736 15 -3 0
-0.005328 15 5 0
0.042121 15 -5 0
-0.001918 15 7 0
-0.020646 15 -7 0
0.008828 15 9 0
-0.035634 15 -9 0
0.018681 15 11 0
0.004667 15 -11 0
-0.000326 15 13 0
0.003327 15 -13 0
-0.002533 15 15 0
-0.013178 15 -15 0
-0.016996 16 0 0
-0.015271 16 2 0
-0.002994 16 -2 0
-0.005962 16 4 0
0.019797 16 -4 0
0.003464 16 6 0
-0.002568 16 -6 0
0.006583 16 8 0
-0.002918 16 -8 0
0.007285 16 10 0
0.000049 16 -10 0
0.007930 16 12 0
0.005648 16 -12 0
-0.000101 16 14 0
0.007692 16 -14 0
-0.001942 16 16 0
-0.000789 16 -16 0
-0.007248 17 1 0
-0.000568 17 -1 0
-0.010706 17 3 0
0.004807 17 -3 0
-0.003164 17 5 0
-0.006226 17 -5 0
0.008594 17 7 0
-0.005095 17 -7 0
0.003563 17 9 0
-0.010037 17 -9 0
0.002565 17 11 0
-0.002805 17 -11 0
0.000521 17 13 0
0.002310 17 -13 0
0.001157 17 15 0
-0.006891 17 -15 0
-0.004097 17 17 0
-0.003822 17 -17 0
-0.003053 18 0 0
0.004351 18 2 0
-0.004719 18 -2 0
0.004330 18 4 0
0.000738 18 -4 0
0.008028 18 6 0
0.014103 18 -6 0
-0.005239 18 8 0
-0.000266 18 -8 0
0.000359 18 10 0
-0.008374 18 -10 0
0.008200 18 12 0
0.000258 18 -12 0
0.000471 18 14 0
0.004291 18 -14 0
-0.003075 18 16 0
0.000004 18 -16 0
-0.004707 18 18 0
-0.001795 18 -18 0
-0.010807 19 1 0
-0.008168 19 -1 0
-0.013149 19 3 0
0.008895 19 -3 0
-0.001394 19 5 0
0.013704 19 -5 0
-0.001587 19 7 0
-0.007986 19 -7 0
0.005458 19 9 0
-0.012208 19 -9 0
0.007695 19 11 0
