0.023676 1 1 0
0.074277 1 -1 0
0.039734 2 0 0
0.073350 2 2 0
-0.003432 2 -2 0
0.111326 3 1 0
-0.160022 3 -1 0
-0.052756 3 3 0
-0.043090 3 -3 0
0.010462 4 0 0
-0.124401 4 2 0
-0.009125 4 -2 0
-0.004427 4 4 0
0.012234 4 -4 0
-0.086344 5 1 0
0.092249 5 -1 0
0.078242 5 3 0
0.097117 5 -3 0
0.040934 5 5 0
-0.037924 5 -5 0
-0.090583 6 0 0
0.239294 6 2 0
-0.001345 6 -2 0
-0.005512 6 4 0
-0.094275 6 -4 0
-0.054277 6 6 0
0.025767 6 -6 0
-0.020842 7 1 0
0.008992 7 -1 0
-0.123546 7 3 0
-0.130613 7 -3 0
-0.024491 7 5 0
-0.003522 7 -5 0
0.072733 7 7 0
0.029443 7 -7 0
0.025394 8 0 0
-0.020119 8 2 0
-0.013754 8 -2 0
-0.014246 8 4 0
0.103557 8 -4 0
-0.012258 8 6 0
0.018705 8 -6 0
-0.007034 8 8 0
0.030214 8 -8 0
0.041573 9 1 0
-0.046966 9 -1 0
0.054170 9 3 0
0.070031 9 -3 0
0.078118 9 5 0
-0.074770 9 -5 0
0.060549 9 7 0
0.007096 9 -7 0
0.040331 9 9 0
0.040430 9 -9 0
-0.019607 10 0 0
0.051539 10 2 0
-0.012140 10 -2 0
-0.002315 10 4 0
-0.102400 10 -4 0
-0.078933 10 6 0
0.014232 10 -6 0
-0.001945 10 8 0
0.052231 10 -8 0
0.030890 10 10 0
-0.009609 10 -10 0
-0.037435 11 1 0
0.028786 11 -1 0
-0.045764 11 3 0
-0.040255 11 -3 0
-0.031667 11 5 0
0.013277 11 -5 0
0.077138 11 7 0
0.038594 11 -7 0
0.047622 11 9 0
0.026731 11 -9 0
0.016688 11 11 0
0.023505 11 -11 0
-0.029771 12 0 0
0.076260 12 2 0
-0.005107 12 -2 0
-0.011211 12 4 0
0.046187 12 -4 0
0.006233 12 6 0
0.014727 12 -6 0
0.001806 12 8 0
0.012809 12 -8 0
0.020317 12 10 0
-0.007532 12 -10 0
0.017908 12 12 0
-0.040211 12 -12 0
-0.007349 13 1 0
0.001600 13 -1 0
-0.013754 13 3 0
-0.004928 13 -3 0
0.050042 13 5 0
-0.049282 13 -5 0
0.034754 13 7 0
-0.001813 13 -7 0
0.018779 13 9 0
0.032147 13 -9 0
0.019470 13 11 0
0.024618 13 -11 0
-0.000666 13 13 0
0.006224 13 -13 0
-0.002986 14 0 0
0.019942 14 2 0
-0.011007 14 -2 0
-0.002820 14 4 0
-0.025430 14 -4 0
-0.052501 14 6 0
0.003153 14 -6 0
-0.000307 14 8 0
0.035506 14 -8 0
0.032140 14 10 0
-0.003936 14 -10 0
0.018872 14 12 0
-0.036194 14 -12 0
-0.008159 14 14 0
-0.011784 14 -14 0
0.004815 15 1 0
-0.009038 15 -1 0
-0.004478 15 3 0
0.003384 15 -3 0
-0.009435 15 5 0
0.000300 15 -5 0
0.047062 15 7 0
0.025085 15 -7 0
0.028293 15 9 0
0.008703 15 -9 0
0.006640 15 11 0
0.009822 15 -11 0
-0.002189 15 13 0
0.006693 15 -13 0
-0.004816 15 15 0
0.008545 15 -15 0
-0.006825 16 0 0
0.020317 16 2 0
-0.003738 16 -2 0
-0.003697 16 4 0
-0.003123 16 -4 0
0.004707 16 6 0
0.006308 16 -6 0
0.002289 16 8 0
0.002265 16 -8 0
0.004999 16 10 0
-0.003652 16 -10 0
0.011133 16 12 0
-0.015184 16 -12 0
-0.001662 16 14 0
-0.005215 16 -14 0
0.010936 16 16 0
0.000577 16 -16 0
-0.010335 17 1 0
0.006901 17 -1 0
-0.011963 17 3 0
-0.005629 17 -3 0
0.014267 17 5 0
-0.016338 17 -5 0
0.011266 17 7 0
-0.004582 17 -7 0
0.005338 17 9 0
0.013245 17 -9 0
0.009180 17 11 0
0.012667 17 -11 0
0.002173 17 13 0
0.001311 17 -13 0
-0.004831 17 15 0
0.001142 17 -15 0
-0.007621 17 17 0
0.001718 17 -17 0
-0.007834 18 0 0
0.015499 18 2 0
-0.004165 18 -2 0
-0.002273 18 4 0
0.002476 18 -4 0
-0.017329 18 6 0
-0.000818 18 -6 0
0.000475 18 8 0
0.013968 18 -8 0
0.014243 18 10 0
0.001901 18 -10 0
0.007341 18 12 0
-0.015735 18 -12 0
-0.000800 18 14 0
-0.001190 18 -14 0
0.004456 18 16 0
0.003569 18 -16 0
0.007788 18 18 0
0.003426 18 -18 0
-0.001973 19 1 0
-0.001922 19 -1 0
-0.004815 19 3 0
-0.001659 19 -3 0
-0.000110 19 5 0
-0.003466 19 -5 0
0.015335 19 7 0
0.009374 19 -7 0
0.008676 19 9 0
0.000022 19 -9 0
-0.001200 19 11 0
