-0.000566 1 1 0
0.017633 1 -1 0
0.045826 2 0 0
0.071407 2 2 0
-0.016378 2 -2 0
0.112744 3 1 0
-0.145964 3 -1 0
-0.042576 3 3 0
-0.040213 3 -3 0
0.001545 4 0 0
-0.110205 4 2 0
-0.018174 4 -2 0
-0.001846 4 4 0
0.019924 4 -4 0
-0.086764 5 1 0
0.087692 5 -1 0
0.080822 5 3 0
0.073466 5 -3 0
0.043283 5 5 0
-0.025494 5 -5 0
-0.097698 6 0 0
0.227430 6 2 0
0.000099 6 -2 0
0.001857 6 4 0
-0.085867 6 -4 0
-0.046189 6 6 0
0.019788 6 -6 0
-0.034709 7 1 0
0.006125 7 -1 0
-0.122703 7 3 0
-0.137165 7 -3 0
-0.006060 7 5 0
0.009000 7 -5 0
0.074064 7 7 0
0.042508 7 -7 0
0.015695 8 0 0
-0.013518 8 2 0
-0.015163 8 -2 0
-0.014487 8 4 0
0.115299 8 -4 0
-0.010498 8 6 0
0.030681 8 -6 0
-0.002299 8 8 0
0.020608 8 -8 0
0.040413 9 1 0
-0.051059 9 -1 0
0.060337 9 3 0
0.057329 9 -3 0
0.085363 9 5 0
-0.062854 9 -5 0
0.053942 9 7 0
0.018657 9 -7 0
0.041913 9 9 0
0.037212 9 -9 0
-0.027968 10 0 0
0.052763 10 2 0
-0.011386 10 -2 0
0.003405 10 4 0
-0.091524 10 -4 0
-0.080974 10 6 0
0.017682 10 -6 0
0.001995 10 8 0
0.039441 10 -8 0
0.036784 10 10 0
-0.015869 10 -10 0
-0.046895 11 1 0
0.025394 11 -1 0
-0.041337 11 3 0
-0.048067 11 -3 0
-0.017630 11 5 0
0.023373 11 -5 0
0.073035 11 7 0
0.051512 11 -7 0
0.050594 11 9 0
0.019757 11 -9 0
0.027310 11 11 0
0.024087 11 -11 0
-0.038002 12 0 0
0.079396 12 2 0
-0.006861 12 -2 0
-0.008870 12 4 0
0.052270 12 -4 0
0.008513 12 6 0
0.019907 12 -6 0
0.004945 12 8 0
0.003538 12 -8 0
0.023360 12 10 0
-0.011017 12 -10 0
0.026945 12 12 0
-0.046611 12 -12 0
-0.009323 13 1 0
0.000441 13 -1 0
-0.009713 13 3 0
-0.012466 13 -3 0
0.058301 13 5 0
-0.041521 13 -5 0
0.033003 13 7 0
0.009373 13 -7 0
0.021258 13 9 0
0.028725 13 -9 0
0.027511 13 11 0
0.024871 13 -11 0
0.001562 13 13 0
0.006977 13 -13 0
-0.008450 14 0 0
0.020628 14 2 0
-0.010513 14 -2 0
-0.000399 14 4 0
-0.018979 14 -4 0
-0.051066 14 6 0
0.006842 14 -6 0
0.001034 14 8 0
0.030394 14 -8 0
0.034112 14 10 0
-0.004677 14 -10 0
0.022731 14 12 0
-0.038484 14 -12 0
-0.005382 14 14 0
-0.010272 14 -14 0
0.001109 15 1 0
-0.011697 15 -1 0
-0.001792 15 3 0
-0.000444 15 -3 0
-0.001883 15 5 0
0.005959 15 -5 0
0.044166 15 7 0
0.033382 15 -7 0
0.029428 15 9 0
0.004899 15 -9 0
0.011044 15 11 0
0.009786 15 -11 0
-0.000607 15 13 0
0.005252 15 -13 0
-0.001474 15 15 0
0.009142 15 -15 0
-0.010255 16 0 0
0.022625 16 2 0
-0.004458 16 -2 0
-0.001756 16 4 0
0.000410 16 -4 0
0.003845 16 6 0
0.008045 16 -6 0
0.004326 16 8 0
-0.000242 16 -8 0
0.006094 16 10 0
-0.006312 16 -10 0
0.014590 16 12 0
-0.015561 16 -12 0
-0.000829 16 14 0
-0.003973 16 -14 0
0.008269 16 16 0
0.001801 16 -16 0
-0.011775 17 1 0
0.006718 17 -1 0
-0.007933 17 3 0
-0.008785 17 -3 0
0.018095 17 5 0
-0.011351 17 -5 0
0.011755 17 7 0
0.000311 17 -7 0
0.005899 17 9 0
0.011951 17 -9 0
0.012759 17 11 0
0.011733 17 -11 0
0.003847 17 13 0
0.000738 17 -13 0
-0.002453 17 15 0
0.001041 17 -15 0
-0.005096 17 17 0
0.000393 17 -17 0
-0.009609 18 0 0
0.016570 18 2 0
-0.002056 18 -2 0
-0.000635 18 4 0
0.005000 18 -4 0
-0.017826 18 6 0
0.000344 18 -6 0
-0.000524 18 8 0
0.012994 18 -8 0
0.013844 18 10 0
0.000530 18 -10 0
0.008040 18 12 0
-0.015756 18 -12 0
-0.001062 18 14 0
-0.001243 18 -14 0
0.002260 18 16 0
0.004082 18 -16 0
0.007784 18 18 0
0.002131 18 -18 0
-0.001834 19 1 0
-0.000746 19 -1 0
-0.004929 19 3 0
-0.003901 19 -3 0
0.001951 19 5 0
-0.001929 19 -5 0
0.015086 19 7 0
0.012544 19 -7 0
0.009335 19 9 0
-0.000154 19 -9 0
-0.000679 19 11 0
