0.037183 1 1 0
0.001513 1 -1 0
0.052735 2 0 0
0.054751 2 2 0
-0.030088 2 -2 0
0.111974 3 1 0
-0.147254 3 -1 0
-0.047888 3 3 0
-0.038545 3 -3 0
0.001786 4 0 0
-0.138820 4 2 0
-0.013340 4 -2 0
-0.014638 4 4 0
0.015885 4 -4 0
-0.098319 5 1 0
0.092641 5 -1 0
0.054624 5 3 0
0.072409 5 -3 0
0.043789 5 5 0
-0.048648 5 -5 0
-0.102015 6 0 0
0.222689 6 2 0
0.002146 6 -2 0
-0.020793 6 4 0
-0.081154 6 -4 0
-0.058547 6 6 0
0.028573 6 -6 0
-0.043141 7 1 0
0.010626 7 -1 0
-0.146107 7 3 0
-0.132381 7 -3 0
-0.023165 7 5 0
0.000927 7 -5 0
0.087051 7 7 0
0.025043 7 -7 0
0.017076 8 0 0
-0.037633 8 2 0
-0.012978 8 -2 0
-0.028875 8 4 0
0.119646 8 -4 0
-0.026952 8 6 0
0.033300 8 -6 0
-0.028483 8 8 0
0.030736 8 -8 0
0.031844 9 1 0
-0.048989 9 -1 0
0.039946 9 3 0
0.065013 9 -3 0
0.076459 9 5 0
-0.075302 9 -5 0
0.066984 9 7 0
0.006798 9 -7 0
0.030496 9 9 0
0.050984 9 -9 0
-0.029265 10 0 0
0.038014 10 2 0
-0.011469 10 -2 0
-0.016964 10 4 0
-0.092934 10 -4 0
-0.092388 10 6 0
0.027484 10 -6 0
-0.024339 10 8 0
0.047141 10 -8 0
0.017021 10 10 0
-0.014869 10 -10 0
-0.054060 11 1 0
0.031767 11 -1 0
-0.061288 11 3 0
-0.043852 11 -3 0
-0.028538 11 5 0
0.012199 11 -5 0
0.083335 11 7 0
0.040134 11 -7 0
0.039223 11 9 0
0.031630 11 -9 0
0.010543 11 11 0
0.026090 11 -11 0
-0.038212 12 0 0
0.066018 12 2 0
-0.004254 12 -2 0
-0.021529 12 4 0
0.055163 12 -4 0
-0.002742 12 6 0
0.024722 12 -6 0
-0.015462 12 8 0
0.010901 12 -8 0
0.003358 12 10 0
-0.011318 12 -10 0
0.026941 12 12 0
-0.048256 12 -12 0
-0.016152 13 1 0
0.004318 13 -1 0
-0.024984 13 3 0
-0.007982 13 -3 0
0.051364 13 5 0
-0.049027 13 -5 0
0.041666 13 7 0
-0.001472 13 -7 0
0.012949 13 9 0
0.038852 13 -9 0
0.011170 13 11 0
0.024567 13 -11 0
0.004068 13 13 0
0.011106 13 -13 0
-0.009328 14 0 0
0.011307 14 2 0
-0.011473 14 -2 0
-0.009651 14 4 0
-0.019798 14 -4 0
-0.058483 14 6 0
0.011268 14 -6 0
-0.013166 14 8 0
0.033967 14 -8 0
0.021011 14 10 0
-0.005679 14 -10 0
0.023171 14 12 0
-0.042999 14 -12 0
0.004891 14 14 0
-0.008310 14 -14 0
-0.000997 15 1 0
-0.008361 15 -1 0
-0.011403 15 3 0
0.001053 15 -3 0
-0.006850 15 5 0
-0.000715 15 -5 0
0.049393 15 7 0
0.025837 15 -7 0
0.022657 15 9 0
0.011944 15 -9 0
0.001387 15 11 0
0.010295 15 -11 0
0.001934 15 13 0
0.006079 15 -13 0
0.000357 15 15 0
0.013336 15 -15 0
-0.009356 16 0 0
0.015755 16 2 0
-0.004856 16 -2 0
-0.007516 16 4 0
0.000849 16 -4 0
0.001094 16 6 0
0.010908 16 -6 0
-0.005196 16 8 0
0.002179 16 -8 0
-0.002596 16 10 0
-0.006061 16 -10 0
0.012674 16 12 0
-0.017993 16 -12 0
0.004926 16 14 0
-0.004046 16 -14 0
0.015630 16 16 0
0.003156 16 -16 0
-0.012546 17 1 0
0.009227 17 -1 0
-0.014739 17 3 0
-0.005548 17 -3 0
0.015012 17 5 0
-0.015476 17 -5 0
0.013670 17 7 0
-0.004744 17 -7 0
0.003235 17 9 0
0.014475 17 -9 0
0.005236 17 11 0
0.010272 17 -11 0
0.004925 17 13 0
0.001406 17 -13 0
-0.000343 17 15 0
0.003397 17 -15 0
-0.007573 17 17 0
0.003598 17 -17 0
-0.010031 18 0 0
0.013939 18 2 0
-0.004355 18 -2 0
-0.002075 18 4 0
0.004817 18 -4 0
-0.019530 18 6 0
0.001722 18 -6 0
-0.004948 18 8 0
0.015458 18 -8 0
0.009583 18 10 0
-0.000241 18 -10 0
0.008873 18 12 0
-0.016738 18 -12 0
0.001273 18 14 0
-0.000117 18 -14 0
0.004278 18 16 0
0.003565 18 -16 0
0.012013 18 18 0
0.006006 18 -18 0
-0.001480 19 1 0
0.000249 19 -1 0
-0.008268 19 3 0
-0.003164 19 -3 0
0.001893 19 5 0
-0.004424 19 -5 0
0.015650 19 7 0
0.008983 19 -7 0
0.007842 19 9 0
0.000942 19 -9 0
-0.003778 19 11 0
