0.010766 1 1 0
0.112022 1 -1 0
0.024159 2 0 0
0.027370 2 2 0
-0.045515 2 -2 0
0.011454 3 1 0
0.006184 3 -1 0
-0.019427 3 3 0
0.009177 3 -3 0
-0.006718 4 0 0
-0.010531 4 2 0
0.018957 4 -2 0
-0.009875 4 4 0
-0.012742 4 -4 0
0.003661 5 1 0
-0.001491 5 -1 0
0.000221 5 3 0
-0.003491 5 -3 0
-0.016417 5 5 0
0.002791 5 -5 0
0.010122 6 0 0
0.000191 6 2 0
0.000191 6 -2 0
-0.014414 6 4 0
-0.002457 6 -4 0
0.009360 6 6 0
0.001449 6 -6 0
-0.005294 7 1 0
-0.001031 7 -1 0
0.010478 7 3 0
0.001097 7 -3 0
0.007096 7 5 0
-0.014588 7 -5 0
-0.018650 7 7 0
-0.021334 7 -7 0
0.007918 8 0 0
0.002469 8 2 0
0.010650 8 -2 0
-0.012861 8 4 0
0.000290 8 -4 0
-0.011621 8 6 0
-0.004695 8 -6 0
0.014278 8 8 0
0.005083 8 -8 0
0.001833 9 1 0
0.002319 9 -1 0
0.004543 9 3 0
0.000797 9 -3 0
-0.004556 9 5 0
-0.000575 9 -5 0
0.009301 9 7 0
-0.012876 9 -7 0
-0.001487 9 9 0
0.004951 9 -9 0
0.005420 10 0 0
-0.004702 10 2 0
0.007847 10 -2 0
-0.016175 10 4 0
-0.000702 10 -4 0
-0.005527 10 6 0
0.001906 10 -6 0
-0.000101 10 8 0
-0.013379 10 -8 0
0.011889 10 10 0
-0.010832 10 -10 0
0.000579 11 1 0
-0.000468 11 -1 0
0.003144 11 3 0
-0.002983 11 -3 0
0.000912 11 5 0
-0.008885 11 -5 0
-0.000747 11 7 0
-0.015980 11 -7 0
0.003872 11 9 0
0.014607 11 -9 0
-0.001007 11 11 0
0.002423 11 -11 0
0.007958 12 0 0
0.000224 12 2 0
0.008481 12 -2 0
-0.008666 12 4 0
0.000856 12 -4 0
-0.003507 12 6 0
-0.002587 12 -6 0
0.002832 12 8 0
-0.000466 12 -8 0
0.009111 12 10 0
-0.012405 12 -10 0
-0.004335 12 12 0
0.006314 12 -12 0
-0.001272 13 1 0
0.001110 13 -1 0
0.004774 13 3 0
-0.003271 13 -3 0
-0.003324 13 5 0
-0.003216 13 -5 0
-0.000806 13 7 0
-0.010218 13 -7 0
0.004112 13 9 0
0.005716 13 -9 0
0.002156 13 11 0
0.006813 13 -11 0
0.000983 13 13 0
-0.009566 13 -13 0
0.007050 14 0 0
-0.001197 14 2 0
0.006623 14 -2 0
-0.011430 14 4 0
-0.000858 14 -4 0
-0.002658 14 6 0
0.001403 14 -6 0
0.003433 14 8 0
-0.000986 14 -8 0
0.005675 14 10 0
-0.004888 14 -10 0
-0.001846 14 12 0
-0.003972 14 -12 0
-0.000502 14 14 0
0.009322 14 -14 0
0.002823 15 1 0
-0.001836 15 -1 0
0.003193 15 3 0
-0.001552 15 -3 0
-0.002658 15 5 0
-0.001744 15 -5 0
-0.001632 15 7 0
-0.009271 15 -7 0
0.001032 15 9 0
0.006179 15 -9 0
0.000841 15 11 0
0.001420 15 -11 0
-0.003943 15 13 0
-0.001466 15 -13 0
-0.002173 15 15 0
-0.010959 15 -15 0
0.002986 16 0 0
-0.001786 16 2 0
0.005433 16 -2 0
-0.005992 16 4 0
0.000509 16 -4 0
-0.001681 16 6 0
-0.001301 16 -6 0
0.000999 16 8 0
0.001130 16 -8 0
0.004169 16 10 0
-0.002963 16 -10 0
-0.000302 16 12 0
0.002588 16 -12 0
0.005338 16 14 0
0.005965 16 -14 0
0.006239 16 16 0
0.006032 16 -16 0
-0.000002 17 1 0
0.002150 17 -1 0
0.001386 17 3 0
-0.000539 17 -3 0
-0.001325 17 5 0
-0.001217 17 -5 0
0.000932 17 7 0
-0.005610 17 -7 0
0.001241 17 9 0
0.002275 17 -9 0
0.000421 17 11 0
0.001814 17 -11 0
-0.000345 17 13 0
-0.001292 17 -13 0
-0.003925 17 15 0
-0.007425 17 -15 0
0.000505 17 17 0
0.003878 17 -17 0
0.002861 18 0 0
0.000091 18 2 0
0.005178 18 -2 0
-0.004071 18 4 0
0.002379 18 -4 0
0.000370 18 6 0
0.001844 18 -6 0
-0.001030 18 8 0
0.001153 18 -8 0
0.001410 18 10 0
-0.000601 18 -10 0
-0.000781 18 12 0
-0.002335 18 -12 0
-0.000140 18 14 0
0.003724 18 -14 0
0.004237 18 16 0
0.004825 18 -16 0
0.003048 18 18 0
0.000538 18 -18 0
0.002243 19 1 0
-0.002076 19 -1 0
0.000929 19 3 0
-0.001938 19 -3 0
-0.001268 19 5 0
-0.000543 19 -5 0
-0.003380 19 7 0
-0.001815 19 -7 0
0.001046 19 9 0
0.001947 19 -9 0
-0.000874 19 11 0
