0.096693 1 1 0
0.147270 1 -1 0
0.081540 2 0 0
-0.064805 2 2 0
-0.042399 2 -2 0
-0.199702 3 1 0
-0.242222 3 -1 0
-0.020001 3 3 0
0.016391 3 -3 0
-0.032160 4 0 0
0.201532 4 2 0
0.053633 4 -2 0
-0.006743 4 4 0
-0.001400 4 -4 0
0.109022 5 1 0
0.163217 5 -1 0
-0.169789 5 3 0
0.053326 5 -3 0
0.014436 5 5 0
0.037463 5 -5 0
-0.093206 6 0 0
-0.279864 6 2 0
-0.087602 6 -2 0
0.046344 6 4 0
-0.051270 6 -4 0
0.020986 6 6 0
0.045486 6 -6 0
-0.099533 7 1 0
-0.100185 7 -1 0
0.131921 7 3 0
-0.044553 7 -3 0
0.001155 7 5 0
0.064067 7 -5 0
0.020201 7 7 0
-0.021461 7 -7 0
0.060826 8 0 0
0.155039 8 2 0
0.030698 8 -2 0
-0.075602 8 4 0
0.096220 8 -4 0
0.012069 8 6 0
0.018324 8 -6 0
-0.021480 8 8 0
0.025175 8 -8 0
-0.073918 9 1 0
-0.068519 9 -1 0
-0.206081 9 3 0
0.061383 9 -3 0
0.002673 9 5 0
-0.034642 9 -5 0
0.031935 9 7 0
-0.012395 9 -7 0
-0.009912 9 9 0
-0.033683 9 -9 0
-0.056218 10 0 0
-0.085658 10 2 0
-0.029966 10 -2 0
0.073330 10 4 0
-0.075383 10 -4 0
0.045918 10 6 0
0.067242 10 -6 0
-0.020770 10 8 0
0.023993 10 -8 0
-0.014403 10 10 0
-0.029702 10 -10 0
0.003868 11 1 0
0.027581 11 -1 0
0.055764 11 3 0
-0.028484 11 -3 0
-0.007686 11 5 0
0.087018 11 -5 0
-0.013853 11 7 0
-0.017993 11 -7 0
-0.004464 11 9 0
-0.044360 11 -9 0
0.006368 11 11 0
-0.001326 11 -11 0
-0.015943 12 0 0
-0.022945 12 2 0
-0.009833 12 -2 0
-0.050313 12 4 0
0.075419 12 -4 0
0.008103 12 6 0
0.001548 12 -6 0
0.002094 12 8 0
0.007812 12 -8 0
-0.001405 12 10 0
-0.011777 12 -10 0
0.021296 12 12 0
-0.009404 12 -12 0
-0.062561 13 1 0
-0.049102 13 -1 0
-0.070198 13 3 0
0.023427 13 -3 0
0.005715 13 5 0
-0.032661 13 -5 0
0.028592 13 7 0
-0.004308 13 -7 0
-0.008716 13 9 0
-0.011690 13 -9 0
-0.000517 13 11 0
-0.007520 13 -11 0
0.008984 13 13 0
0.001928 13 -13 0
0.003264 14 0 0
0.018516 14 2 0
-0.010443 14 -2 0
0.029178 14 4 0
-0.034893 14 -4 0
0.028645 14 6 0
0.051205 14 -6 0
-0.023178 14 8 0
0.018557 14 -8 0
-0.011514 14 10 0
-0.025254 14 -10 0
0.022592 14 12 0
-0.008368 14 -12 0
0.006364 14 14 0
0.001087 14 -14 0
-0.019223 15 1 0
-0.013270 15 -1 0
-0.017002 15 3 0
0.006192 15 -3 0
-0.000260 15 5 0
0.048668 15 -5 0
-0.011505 15 7 0
-0.016072 15 -7 0
0.000239 15 9 0
-0.032329 15 -9 0
0.011040 15 11 0
0.000662 15 -11 0
0.003633 15 13 0
0.004244 15 -13 0
0.002227 15 15 0
-0.007902 15 -15 0
-0.017645 16 0 0
-0.026071 16 2 0
-0.003866 16 -2 0
-0.008670 16 4 0
0.023461 16 -4 0
0.003013 16 6 0
-0.001119 16 -6 0
0.006107 16 8 0
0.005341 16 -8 0
0.003890 16 10 0
-0.003538 16 -10 0
0.008710 16 12 0
-0.004474 16 -12 0
0.001563 16 14 0
-0.001010 16 -14 0
0.004145 16 16 0
-0.001979 16 -16 0
-0.007978 17 1 0
0.002180 17 -1 0
-0.008242 17 3 0
-0.002815 17 -3 0
-0.000662 17 5 0
-0.011013 17 -5 0
0.010723 17 7 0
0.000479 17 -7 0
-0.004652 17 9 0
-0.003316 17 -9 0
-0.005146 17 11 0
-0.004855 17 -11 0
0.004512 17 13 0
0.001179 17 -13 0
0.003123 17 15 0
-0.003804 17 -15 0
-0.003191 17 17 0
-0.001714 17 -17 0
-0.000852 18 0 0
0.005176 18 2 0
-0.007511 18 -2 0
0.005666 18 4 0
-0.002824 18 -4 0
0.013498 18 6 0
0.019950 18 -6 0
-0.011077 18 8 0
0.004119 18 -8 0
-0.004793 18 10 0
-0.014231 18 -10 0
0.012701 18 12 0
-0.004430 18 -12 0
0.001288 18 14 0
0.001414 18 -14 0
-0.000652 18 16 0
-0.000924 18 -16 0
-0.001906 18 18 0
0.002532 18 -18 0
-0.014947 19 1 0
-0.011719 19 -1 0
-0.013656 19 3 0
0.008832 19 -3 0
0.003110 19 5 0
0.014159 19 -5 0
-0.005470 19 7 0
-0.005972 19 -7 0
0.006488 19 9 0
-0.010852 19 -9 0
0.008408 19 11 0
