0.137952 1 1 0
0.027985 1 -1 0
0.126380 2 0 0
-0.083739 2 2 0
-0.049099 2 -2 0
-0.201412 3 1 0
-0.247650 3 -1 0
0.003618 3 3 0
0.007666 3 -3 0
-0.033266 4 0 0
0.191191 4 2 0
0.046617 4 -2 0
0.000777 4 4 0
0.003487 4 -4 0
0.154678 5 1 0
0.175175 5 -1 0
-0.148808 5 3 0
0.070524 5 -3 0
-0.000302 5 5 0
0.035422 5 -5 0
-0.090944 6 0 0
-0.253805 6 2 0
-0.086514 6 -2 0
0.049552 6 4 0
-0.064628 6 -4 0
0.013986 6 6 0
0.032083 6 -6 0
-0.071333 7 1 0
-0.103582 7 -1 0
0.155553 7 3 0
-0.044016 7 -3 0
-0.010215 7 5 0
0.073921 7 -5 0
0.008479 7 7 0
0.000919 7 -7 0
0.065719 8 0 0
0.162896 8 2 0
0.032171 8 -2 0
-0.062270 8 4 0
0.099954 8 -4 0
0.004330 8 6 0
0.012254 8 -6 0
-0.012778 8 8 0
0.002946 8 -8 0
-0.042194 9 1 0
-0.063116 9 -1 0
-0.178908 9 3 0
0.069940 9 -3 0
-0.011837 9 5 0
-0.027516 9 -5 0
0.019655 9 7 0
0.004410 9 -7 0
0.031127 9 9 0
-0.031816 9 -9 0
-0.057553 10 0 0
-0.076883 10 2 0
-0.029468 10 -2 0
0.077223 10 4 0
-0.085506 10 -4 0
0.040213 10 6 0
0.061286 10 -6 0
-0.015955 10 8 0
0.012133 10 -8 0
0.012590 10 10 0
-0.031637 10 -10 0
0.033078 11 1 0
0.027461 11 -1 0
0.075002 11 3 0
-0.024497 11 -3 0
-0.017956 11 5 0
0.095716 11 -5 0
-0.022759 11 7 0
0.000529 11 -7 0
0.034396 11 9 0
-0.041772 11 -9 0
0.045727 11 11 0
-0.003079 11 -11 0
-0.012267 12 0 0
-0.016253 12 2 0
-0.009742 12 -2 0
-0.041232 12 4 0
0.071720 12 -4 0
0.001089 12 6 0
-0.007478 12 -6 0
0.006428 12 8 0
-0.008042 12 -8 0
0.016567 12 10 0
-0.016909 12 -10 0
0.034537 12 12 0
0.000107 12 -12 0
-0.042142 13 1 0
-0.049010 13 -1 0
-0.054575 13 3 0
0.029494 13 -3 0
-0.004642 13 5 0
-0.027649 13 -5 0
0.020463 13 7 0
0.008228 13 -7 0
0.023245 13 9 0
-0.011692 13 -9 0
0.028951 13 11 0
-0.007785 13 -11 0
0.002173 13 13 0
-0.002187 13 -13 0
0.004273 14 0 0
0.022233 14 2 0
-0.008671 14 -2 0
0.032455 14 4 0
-0.038455 14 -4 0
0.026470 14 6 0
0.048143 14 -6 0
-0.021876 14 8 0
0.009120 14 -8 0
0.004244 14 10 0
-0.027571 14 -10 0
0.034170 14 12 0
-0.003286 14 -12 0
0.009491 14 14 0
0.004818 14 -14 0
-0.003268 15 1 0
-0.013433 15 -1 0
-0.006845 15 3 0
0.006295 15 -3 0
-0.007849 15 5 0
0.052768 15 -5 0
-0.016106 15 7 0
-0.006665 15 -7 0
0.020591 15 9 0
-0.032822 15 -9 0
0.030383 15 11 0
0.001046 15 -11 0
-0.000601 15 13 0
0.000692 15 -13 0
-0.007731 15 15 0
-0.002629 15 -15 0
-0.015512 16 0 0
-0.024728 16 2 0
-0.002283 16 -2 0
-0.006111 16 4 0
0.021467 16 -4 0
-0.000706 16 6 0
-0.006473 16 -6 0
0.008719 16 8 0
-0.003346 16 -8 0
0.012031 16 10 0
-0.005893 16 -10 0
0.015360 16 12 0
-0.001027 16 -12 0
0.004646 16 14 0
0.001839 16 -14 0
0.008185 16 16 0
-0.002241 16 -16 0
-0.000497 17 1 0
0.001359 17 -1 0
-0.002955 17 3 0
0.000363 17 -3 0
-0.007110 17 5 0
-0.010954 17 -5 0
0.008864 17 7 0
0.007416 17 -7 0
0.007332 17 9 0
-0.001709 17 -9 0
0.007966 17 11 0
-0.004923 17 -11 0
0.002458 17 13 0
-0.000833 17 -13 0
-0.002352 17 15 0
-0.002201 17 -15 0
-0.002546 17 17 0
-0.001353 17 -17 0
0.000199 18 0 0
0.005481 18 2 0
-0.007787 18 -2 0
0.007775 18 4 0
-0.005349 18 -4 0
0.011307 18 6 0
0.017196 18 -6 0
-0.011606 18 8 0
-0.000276 18 -8 0
-0.000302 18 10 0
-0.016387 18 -10 0
0.016059 18 12 0
-0.002292 18 -12 0
0.002635 18 14 0
0.003112 18 -14 0
0.000718 18 16 0
0.000577 18 -16 0
-0.002209 18 18 0
0.001011 18 -18 0
-0.011855 19 1 0
-0.011527 19 -1 0
-0.011100 19 3 0
0.009206 19 -3 0
-0.000811 19 5 0
0.018194 19 -5 0
-0.006522 19 7 0
-0.003445 19 -7 0
0.010365 19 9 0
-0.009075 19 -9 0
0.013733 19 11 0
