0.121106 1 1 0
0.138614 1 -1 0
0.095872 2 0 0
-0.049521 2 2 0
-0.072427 2 -2 0
-0.173033 3 1 0
-0.255135 3 -1 0
-0.004569 3 3 0
0.020592 3 -3 0
-0.038321 4 0 0
0.197283 4 2 0
0.051592 4 -2 0
-0.013858 4 4 0
-0.014679 4 -4 0
0.121363 5 1 0
0.181207 5 -1 0
-0.156862 5 3 0
0.062692 5 -3 0
0.021874 5 5 0
0.013973 5 -5 0
-0.099782 6 0 0
-0.253580 6 2 0
-0.102124 6 -2 0
0.060518 6 4 0
-0.051201 6 -4 0
0.017146 6 6 0
0.051777 6 -6 0
-0.077691 7 1 0
-0.101764 7 -1 0
0.147254 7 3 0
-0.042020 7 -3 0
-0.000685 7 5 0
0.059781 7 -5 0
0.034536 7 7 0
-0.017324 7 -7 0
0.048818 8 0 0
0.167992 8 2 0
0.030612 8 -2 0
-0.068579 8 4 0
0.102089 8 -4 0
0.000066 8 6 0
0.025777 8 -6 0
-0.026572 8 8 0
0.022624 8 -8 0
-0.054682 9 1 0
-0.060284 9 -1 0
-0.189753 9 3 0
0.066430 9 -3 0
0.002163 9 5 0
-0.045625 9 -5 0
0.044185 9 7 0
-0.010730 9 -7 0
0.018309 9 9 0
-0.013166 9 -9 0
-0.063160 10 0 0
-0.074680 10 2 0
-0.039712 10 -2 0
0.078078 10 4 0
-0.082767 10 -4 0
0.037695 10 6 0
0.074597 10 -6 0
-0.029891 10 8 0
0.025446 10 -8 0
-0.005104 10 10 0
-0.035638 10 -10 0
0.021212 11 1 0
0.034646 11 -1 0
0.067936 11 3 0
-0.024083 11 -3 0
-0.007046 11 5 0
0.079300 11 -5 0
-0.001586 11 7 0
-0.011651 11 -7 0
0.021228 11 9 0
-0.028636 11 -9 0
0.025119 11 11 0
0.010000 11 -11 0
-0.024142 12 0 0
-0.011958 12 2 0
-0.013836 12 -2 0
-0.042891 12 4 0
0.075510 12 -4 0
0.002935 12 6 0
0.006117 12 -6 0
-0.003129 12 8 0
0.003299 12 -8 0
0.004286 12 10 0
-0.014396 12 -10 0
0.030604 12 12 0
-0.012043 12 -12 0
-0.048865 13 1 0
-0.047134 13 -1 0
-0.058702 13 3 0
0.027073 13 -3 0
0.005332 13 5 0
-0.038689 13 -5 0
0.035885 13 7 0
-0.001099 13 -7 0
0.012241 13 9 0
0.000541 13 -9 0
0.010746 13 11 0
-0.001863 13 -11 0
0.001667 13 13 0
-0.000370 13 -13 0
0.000160 14 0 0
0.022362 14 2 0
-0.013157 14 -2 0
0.033737 14 4 0
-0.035984 14 -4 0
0.024785 14 6 0
0.054897 14 -6 0
-0.028035 14 8 0
0.016597 14 -8 0
-0.006276 14 10 0
-0.027295 14 -10 0
0.031316 14 12 0
-0.008354 14 -12 0
0.010914 14 14 0
0.003148 14 -14 0
-0.007934 15 1 0
-0.010245 15 -1 0
-0.009847 15 3 0
0.008482 15 -3 0
-0.000592 15 5 0
0.045580 15 -5 0
-0.005294 15 7 0
-0.013037 15 -7 0
0.013190 15 9 0
-0.025059 15 -9 0
0.021408 15 11 0
0.004341 15 -11 0
0.000173 15 13 0
0.001467 15 -13 0
-0.008684 15 15 0
-0.002770 15 -15 0
-0.020812 16 0 0
-0.021904 16 2 0
-0.005315 16 -2 0
-0.007625 16 4 0
0.022105 16 -4 0
-0.000041 16 6 0
-0.000754 16 -6 0
0.003336 16 8 0
0.002702 16 -8 0
0.006965 16 10 0
-0.004403 16 -10 0
0.013163 16 12 0
-0.005759 16 -12 0
0.003788 16 14 0
0.001288 16 -14 0
0.009384 16 16 0
0.000240 16 -16 0
-0.002782 17 1 0
0.003088 17 -1 0
-0.002551 17 3 0
-0.000456 17 -3 0
-0.001569 17 5 0
-0.014696 17 -5 0
0.012494 17 7 0
0.001745 17 -7 0
0.003474 17 9 0
0.001205 17 -9 0
-0.000549 17 11 0
-0.002220 17 -11 0
0.003869 17 13 0
-0.001821 17 -13 0
-0.000767 17 15 0
-0.002647 17 -15 0
-0.003960 17 17 0
-0.001546 17 -17 0
-0.002243 18 0 0
0.005631 18 2 0
-0.008779 18 -2 0
0.008116 18 4 0
-0.003149 18 -4 0
0.010867 18 6 0
0.019724 18 -6 0
-0.012747 18 8 0
0.003473 18 -8 0
-0.003414 18 10 0
-0.014644 18 -10 0
0.014667 18 12 0
-0.004523 18 -12 0
0.000707 18 14 0
0.002063 18 -14 0
-0.000041 18 16 0
0.001725 18 -16 0
-0.001313 18 18 0
0.002561 18 -18 0
-0.012648 19 1 0
-0.011745 19 -1 0
-0.012260 19 3 0
0.008414 19 -3 0
0.001008 19 5 0
0.014209 19 -5 0
-0.004813 19 7 0
-0.005713 19 -7 0
0.007202 19 9 0
-0.008127 19 -9 0
0.010697 19 11 0
