0.109223 1 1 0
-0.045633 1 -1 0
-0.006019 2 0 0
0.082571 2 2 0
0.008973 2 -2 0
-0.085915 3 1 0
0.050391 3 -1 0
-0.006640 3 3 0
0.000683 3 -3 0
-0.000215 4 0 0
-0.093621 4 2 0
0.000195 4 -2 0
0.005705 4 4 0
-0.008331 4 -4 0
0.081915 5 1 0
-0.065189 5 -1 0
-0.027679 5 3 0
-0.019776 5 -3 0
-0.004150 5 5 0
-0.020531 5 -5 0
-0.020290 6 0 0
0.090700 6 2 0
0.000300 6 -2 0
-0.002389 6 4 0
-0.032533 6 -4 0
0.016834 6 6 0
0.003356 6 -6 0
-0.047079 7 1 0
0.039564 7 -1 0
0.037945 7 3 0
0.045097 7 -3 0
0.014254 7 5 0
-0.007101 7 -5 0
0.006487 7 7 0
0.003582 7 -7 0
0.031143 8 0 0
-0.086267 8 2 0
0.000792 8 -2 0
-0.004024 8 4 0
0.038027 8 -4 0
0.005522 8 6 0
-0.002159 8 -6 0
0.010753 8 8 0
0.000277 8 -8 0
0.000374 9 1 0
-0.003159 9 -1 0
-0.051322 9 3 0
-0.042248 9 -3 0
-0.007977 9 5 0
0.014602 9 -5 0
0.009791 9 7 0
0.000238 9 -7 0
0.000616 9 9 0
-0.000358 9 -9 0
-0.017628 10 0 0
0.042530 10 2 0
0.001076 10 -2 0
-0.000797 10 4 0
-0.040589 10 -4 0
-0.006325 10 6 0
0.001696 10 -6 0
0.012004 10 8 0
0.007362 10 -8 0
0.015861 10 10 0
0.004164 10 -10 0
0.012690 11 1 0
-0.011568 11 -1 0
0.026770 11 3 0
0.034302 11 -3 0
0.017614 11 5 0
-0.018132 11 -5 0
0.002285 11 7 0
-0.002686 11 -7 0
0.002476 11 9 0
-0.002723 11 -9 0
0.006771 11 11 0
-0.006546 11 -11 0
0.004658 12 0 0
-0.016673 12 2 0
0.001902 12 -2 0
-0.002899 12 4 0
0.026986 12 -4 0
0.010589 12 6 0
-0.002406 12 -6 0
0.011904 12 8 0
-0.007364 12 -8 0
0.011064 12 10 0
0.003314 12 -10 0
-0.003075 12 12 0
0.002346 12 -12 0
-0.014362 13 1 0
0.014444 13 -1 0
-0.023367 13 3 0
-0.014877 13 -3 0
-0.007402 13 5 0
0.009651 13 -5 0
0.009751 13 7 0
0.003855 13 -7 0
0.006266 13 9 0
-0.004120 13 -9 0
0.004485 13 11 0
-0.003554 13 -11 0
0.008180 13 13 0
0.003115 13 -13 0
0.003439 14 0 0
-0.003477 14 2 0
0.000933 14 -2 0
-0.001455 14 4 0
-0.022121 14 -4 0
-0.003225 14 6 0
0.002612 14 -6 0
0.008332 14 8 0
0.008786 14 -8 0
0.013922 14 10 0
0.002950 14 -10 0
0.001277 14 12 0
0.002951 14 -12 0
-0.009509 14 14 0
0.000861 14 -14 0
0.002848 15 1 0
-0.001428 15 -1 0
0.002884 15 3 0
0.008110 15 -3 0
0.013292 15 5 0
-0.009390 15 -5 0
-0.000092 15 7 0
-0.002732 15 -7 0
-0.001863 15 9 0
0.003003 15 -9 0
0.002756 15 11 0
-0.000576 15 -11 0
0.005431 15 13 0
0.002178 15 -13 0
-0.001094 15 15 0
0.006099 15 -15 0
-0.003391 16 0 0
0.003715 16 2 0
-0.000021 16 -2 0
-0.000829 16 4 0
0.009997 16 -4 0
0.005426 16 6 0
-0.002390 16 -6 0
0.006372 16 8 0
-0.003371 16 -8 0
0.004417 16 10 0
0.000135 16 -10 0
-0.000031 16 12 0
0.001151 16 -12 0
-0.003540 16 14 0
-0.001440 16 -14 0
0.001597 16 16 0
-0.000976 16 -16 0
-0.000028 17 1 0
0.002912 17 -1 0
-0.006206 17 3 0
-0.000741 17 -3 0
-0.003677 17 5 0
0.003146 17 -5 0
0.004509 17 7 0
0.000534 17 -7 0
0.004624 17 9 0
-0.004338 17 -9 0
0.001142 17 11 0
-0.002085 17 -11 0
0.003251 17 13 0
0.001911 17 -13 0
0.002938 17 15 0
0.003182 17 -15 0
-0.003320 17 17 0
0.001085 17 -17 0
0.003896 18 0 0
-0.003099 18 2 0
0.001902 18 -2 0
-0.002033 18 4 0
-0.005205 18 -4 0
-0.003655 18 6 0
-0.000430 18 -6 0
0.004793 18 8 0
0.002579 18 -8 0
0.009407 18 10 0
0.000261 18 -10 0
0.000536 18 12 0
-0.001012 18 -12 0
-0.003701 18 14 0
0.000470 18 -14 0
0.002790 18 16 0
-0.002790 18 -16 0
-0.001835 18 18 0
0.002710 18 -18 0
-0.002391 19 1 0
0.005123 19 -1 0
-0.002254 19 3 0
-0.001106 19 -3 0
0.006871 19 5 0
-0.004577 19 -5 0
-0.000533 19 7 0
-0.002585 19 -7 0
0.001238 19 9 0
0.001097 19 -9 0
0.001513 19 11 0
