-0.049118 1 1 0
-0.007448 1 -1 0
-0.004190 2 0 0
0.083809 2 2 0
0.036552 2 -2 0
-0.068636 3 1 0
0.068530 3 -1 0
-0.005483 3 3 0
0.025671 3 -3 0
-0.014501 4 0 0
-0.098202 4 2 0
0.003301 4 -2 0
-0.001222 4 4 0
0.002097 4 -4 0
0.079085 5 1 0
-0.063081 5 -1 0
-0.035106 5 3 0
-0.038170 5 -3 0
0.004032 5 5 0
-0.014167 5 -5 0
-0.014073 6 0 0
0.098554 6 2 0
-0.001410 6 -2 0
-0.001198 6 4 0
-0.031506 6 -4 0
0.013614 6 6 0
-0.002792 6 -6 0
-0.045144 7 1 0
0.037758 7 -1 0
0.041071 7 3 0
0.048965 7 -3 0
0.008469 7 5 0
-0.003129 7 -5 0
0.000146 7 7 0
0.002013 7 -7 0
0.030702 8 0 0
-0.088643 8 2 0
-0.001740 8 -2 0
-0.005200 8 4 0
0.035550 8 -4 0
0.004975 8 6 0
-0.001810 8 -6 0
0.007069 8 8 0
0.005006 8 -8 0
-0.001215 9 1 0
-0.001988 9 -1 0
-0.053906 9 3 0
-0.049611 9 -3 0
-0.009778 9 5 0
0.010878 9 -5 0
-0.003561 9 7 0
-0.004362 9 -7 0
-0.001771 9 9 0
-0.007309 9 -9 0
-0.017118 10 0 0
0.042842 10 2 0
0.001105 10 -2 0
-0.001693 10 4 0
-0.037662 10 -4 0
-0.007954 10 6 0
-0.000361 10 -6 0
0.012051 10 8 0
0.010542 10 -8 0
0.021585 10 10 0
0.002657 10 -10 0
0.012280 11 1 0
-0.011477 11 -1 0
0.027725 11 3 0
0.031475 11 -3 0
0.013257 11 5 0
-0.016639 11 -5 0
-0.006624 11 7 0
-0.009856 11 -7 0
-0.000851 11 9 0
-0.002045 11 -9 0
-0.000336 11 11 0
-0.012906 11 -11 0
0.008059 12 0 0
-0.016078 12 2 0
0.000794 12 -2 0
-0.004648 12 4 0
0.026392 12 -4 0
0.013261 12 6 0
-0.004888 12 -6 0
0.008714 12 8 0
-0.002648 12 -8 0
0.012801 12 10 0
0.002149 12 -10 0
0.002204 12 12 0
-0.000976 12 -12 0
-0.013272 13 1 0
0.015760 13 -1 0
-0.024093 13 3 0
-0.019508 13 -3 0
-0.007873 13 5 0
0.010913 13 -5 0
0.001551 13 7 0
0.000897 13 -7 0
0.005811 13 9 0
-0.007548 13 -9 0
0.003198 13 11 0
-0.006664 13 -11 0
0.001038 13 13 0
0.001309 13 -13 0
0.004022 14 0 0
-0.005162 14 2 0
0.000048 14 -2 0
-0.003690 14 4 0
-0.020733 14 -4 0
-0.003216 14 6 0
0.001279 14 -6 0
0.006226 14 8 0
0.013080 14 -8 0
0.015683 14 10 0
0.002292 14 -10 0
0.001611 14 12 0
-0.001432 14 -12 0
-0.003606 14 14 0
0.002757 14 -14 0
0.001688 15 1 0
-0.002621 15 -1 0
0.003491 15 3 0
0.007146 15 -3 0
0.010044 15 5 0
-0.011451 15 -5 0
-0.006589 15 7 0
-0.006452 15 -7 0
-0.003719 15 9 0
0.002263 15 -9 0
0.000268 15 11 0
-0.004971 15 -11 0
0.001048 15 13 0
-0.003167 15 -13 0
0.003491 15 15 0
-0.001699 15 -15 0
-0.001619 16 0 0
0.003222 16 2 0
-0.000580 16 -2 0
-0.002232 16 4 0
0.009077 16 -4 0
0.005570 16 6 0
-0.002146 16 -6 0
0.004998 16 8 0
-0.001431 16 -8 0
0.007070 16 10 0
0.002337 16 -10 0
0.000361 16 12 0
-0.000985 16 -12 0
-0.001130 16 14 0
0.001232 16 -14 0
-0.005705 16 16 0
0.000393 16 -16 0
0.000294 17 1 0
0.002155 17 -1 0
-0.004946 17 3 0
-0.002152 17 -3 0
-0.005135 17 5 0
0.003925 17 -5 0
0.001117 17 7 0
-0.001898 17 -7 0
0.003818 17 9 0
-0.005075 17 -9 0
0.000870 17 11 0
-0.005395 17 -11 0
0.000532 17 13 0
0.000411 17 -13 0
0.004020 17 15 0
-0.000037 17 -15 0
-0.002556 17 17 0
0.002031 17 -17 0
0.004085 18 0 0
-0.003431 18 2 0
0.000571 18 -2 0
-0.002563 18 4 0
-0.006751 18 -4 0
-0.002697 18 6 0
0.000018 18 -6 0
0.002427 18 8 0
0.004416 18 -8 0
0.012252 18 10 0
0.000727 18 -10 0
0.000898 18 12 0
-0.004120 18 -12 0
-0.000376 18 14 0
0.000337 18 -14 0
-0.002693 18 16 0
-0.000194 18 -16 0
-0.000466 18 18 0
0.000190 18 -18 0
-0.002051 19 1 0
0.005287 19 -1 0
-0.000906 19 3 0
-0.001905 19 -3 0
0.004020 19 5 0
-0.004053 19 -5 0
-0.001756 19 7 0
-0.002082 19 -7 0
0.001626 19 9 0
0.001056 19 -9 0
0.000384 19 11 0
