0.098938 1 1 0
-0.107415 1 -1 0
0.030947 2 0 0
0.046320 2 2 0
-0.026891 2 -2 0
-0.094087 3 1 0
0.083996 3 -1 0
-0.013632 3 3 0
0.003556 3 -3 0
-0.020432 4 0 0
-0.073153 4 2 0
0.009911 4 -2 0
0.002469 4 4 0
0.008862 4 -4 0
0.086580 5 1 0
-0.064159 5 -1 0
-0.027525 5 3 0
-0.035024 5 -3 0
0.008737 5 5 0
-0.019299 5 -5 0
-0.013440 6 0 0
0.087970 6 2 0
-0.000098 6 -2 0
-0.003660 6 4 0
-0.032187 6 -4 0
0.020133 6 6 0
-0.001541 6 -6 0
-0.057711 7 1 0
0.044313 7 -1 0
0.036808 7 3 0
0.047392 7 -3 0
0.008019 7 5 0
-0.002071 7 -5 0
0.001065 7 7 0
0.000278 7 -7 0
0.026928 8 0 0
-0.083661 8 2 0
0.005839 8 -2 0
-0.006029 8 4 0
0.032352 8 -4 0
0.001089 8 6 0
0.000268 8 -6 0
0.011014 8 8 0
0.004999 8 -8 0
-0.001283 9 1 0
0.003963 9 -1 0
-0.051584 9 3 0
-0.044270 9 -3 0
-0.008059 9 5 0
0.009243 9 -5 0
0.005872 9 7 0
0.000014 9 -7 0
0.000715 9 9 0
-0.007072 9 -9 0
-0.018309 10 0 0
0.042485 10 2 0
0.004530 10 -2 0
-0.004374 10 4 0
-0.042710 10 -4 0
-0.011325 10 6 0
-0.000578 10 -6 0
0.009910 10 8 0
0.005470 10 -8 0
0.013080 10 10 0
0.011822 10 -10 0
0.009856 11 1 0
-0.008921 11 -1 0
0.027358 11 3 0
0.034054 11 -3 0
0.014334 11 5 0
-0.017938 11 -5 0
-0.005164 11 7 0
-0.005221 11 -7 0
0.002306 11 9 0
-0.005060 11 -9 0
0.005656 11 11 0
-0.001579 11 -11 0
0.004976 12 0 0
-0.016490 12 2 0
0.004448 12 -2 0
-0.002841 12 4 0
0.024086 12 -4 0
0.009337 12 6 0
-0.001123 12 -6 0
0.009700 12 8 0
-0.004345 12 -8 0
0.004316 12 10 0
0.004844 12 -10 0
-0.002779 12 12 0
-0.004601 12 -12 0
-0.014328 13 1 0
0.020512 13 -1 0
-0.025536 13 3 0
-0.015205 13 -3 0
-0.005456 13 5 0
0.009865 13 -5 0
0.005428 13 7 0
0.003758 13 -7 0
0.006233 13 9 0
-0.007720 13 -9 0
0.004052 13 11 0
-0.001114 13 -11 0
0.002280 13 13 0
0.006096 13 -13 0
0.003250 14 0 0
-0.005194 14 2 0
0.002498 14 -2 0
-0.003394 14 4 0
-0.024712 14 -4 0
-0.005229 14 6 0
0.001959 14 -6 0
0.008197 14 8 0
0.008390 14 -8 0
0.010268 14 10 0
0.004953 14 -10 0
-0.001459 14 12 0
-0.004875 14 -12 0
-0.003189 14 14 0
0.002122 14 -14 0
0.002292 15 1 0
0.000210 15 -1 0
0.002159 15 3 0
0.010040 15 -3 0
0.011221 15 5 0
-0.010596 15 -5 0
-0.003107 15 7 0
-0.002633 15 -7 0
-0.002755 15 9 0
0.001569 15 -9 0
0.002373 15 11 0
-0.000154 15 -11 0
0.003345 15 13 0
0.002685 15 -13 0
0.002125 15 15 0
0.003306 15 -15 0
-0.002739 16 0 0
0.003553 16 2 0
0.001858 16 -2 0
-0.000532 16 4 0
0.007967 16 -4 0
0.004921 16 6 0
-0.000991 16 -6 0
0.005660 16 8 0
-0.003683 16 -8 0
0.002072 16 10 0
0.002393 16 -10 0
-0.003420 16 12 0
-0.002530 16 -12 0
0.000368 16 14 0
0.000908 16 -14 0
-0.000374 16 16 0
-0.000163 16 -16 0
-0.001542 17 1 0
0.003465 17 -1 0
-0.004971 17 3 0
0.000631 17 -3 0
-0.003697 17 5 0
0.003528 17 -5 0
0.002661 17 7 0
-0.000431 17 -7 0
0.003183 17 9 0
-0.005729 17 -9 0
-0.000058 17 11 0
-0.001536 17 -11 0
0.001982 17 13 0
0.001512 17 -13 0
0.003968 17 15 0
0.001763 17 -15 0
-0.002861 17 17 0
0.003601 17 -17 0
0.003754 18 0 0
-0.004636 18 2 0
0.002102 18 -2 0
-0.000860 18 4 0
-0.005671 18 -4 0
-0.004290 18 6 0
-0.000730 18 -6 0
0.005251 18 8 0
0.001880 18 -8 0
0.008622 18 10 0
0.001852 18 -10 0
-0.000422 18 12 0
-0.003741 18 -12 0
-0.001956 18 14 0
-0.000188 18 -14 0
0.001938 18 16 0
-0.003122 18 -16 0
0.001454 18 18 0
-0.001876 18 -18 0
-0.001406 19 1 0
0.005257 19 -1 0
-0.001548 19 3 0
0.000165 19 -3 0
0.005886 19 5 0
-0.004952 19 -5 0
-0.002111 19 7 0
-0.000884 19 -7 0
0.000472 19 9 0
0.000615 19 -9 0
0.000128 19 11 0
