-0.007236 1 1 0
0.039306 1 -1 0
-0.102442 2 0 0
0.037769 2 2 0
-0.013511 2 -2 0
-0.038983 3 1 0
-0.071979 3 -1 0
-0.000308 3 3 0
-0.008206 3 -3 0
0.054142 4 0 0
-0.000084 4 2 0
-0.053106 4 -2 0
0.014619 4 4 0
-0.000152 4 -4 0
0.022997 5 1 0
0.144275 5 -1 0
-0.025031 5 3 0
-0.009775 5 -3 0
0.000121 5 5 0
-0.005890 5 -5 0
-0.028184 6 0 0
0.030834 6 2 0
0.074029 6 -2 0
-0.003306 6 4 0
-0.004853 6 -4 0
-0.000963 6 6 0
0.011175 6 -6 0
-0.019851 7 1 0
-0.096683 7 -1 0
0.012255 7 3 0
0.038424 7 -3 0
-0.008136 7 5 0
-0.014777 7 -5 0
0.009820 7 7 0
-0.004922 7 -7 0
-0.011853 8 0 0
-0.026826 8 2 0
-0.078109 8 -2 0
0.010689 8 4 0
0.016167 8 -4 0
-0.002199 8 6 0
0.008314 8 -6 0
-0.006905 8 8 0
0.002649 8 -8 0
0.003889 9 1 0
0.078796 9 -1 0
-0.026272 9 3 0
-0.035989 9 -3 0
-0.001371 9 5 0
-0.001098 9 -5 0
0.000305 9 7 0
-0.005648 9 -7 0
-0.001588 9 9 0
-0.001622 9 -9 0
0.012958 10 0 0
0.029945 10 2 0
0.051343 10 -2 0
-0.009396 10 4 0
-0.012222 10 -4 0
0.000346 10 6 0
0.004171 10 -6 0
0.000831 10 8 0
0.011289 10 -8 0
0.000326 10 10 0
0.002775 10 -10 0
-0.007779 11 1 0
-0.011173 11 -1 0
0.012181 11 3 0
0.036629 11 -3 0
-0.010907 11 5 0
-0.011223 11 -5 0
0.003013 11 7 0
-0.003832 11 -7 0
-0.002504 11 9 0
-0.001377 11 -9 0
-0.004307 11 11 0
-0.002233 11 -11 0
-0.022477 12 0 0
-0.009863 12 2 0
-0.029742 12 -2 0
0.014053 12 4 0
0.020324 12 -4 0
0.000340 12 6 0
0.013598 12 -6 0
-0.003306 12 8 0
0.005797 12 -8 0
0.002534 12 10 0
0.004997 12 -10 0
0.004448 12 12 0
0.007852 12 -12 0
-0.007938 13 1 0
0.019113 13 -1 0
-0.020020 13 3 0
-0.018795 13 -3 0
0.000772 13 5 0
0.000065 13 -5 0
0.002922 13 7 0
0.000146 13 -7 0
-0.005575 13 9 0
-0.000804 13 -9 0
-0.003402 13 11 0
-0.005354 13 -11 0
-0.005689 13 13 0
-0.004732 13 -13 0
0.009760 14 0 0
0.010139 14 2 0
0.010745 14 -2 0
-0.009835 14 4 0
-0.010644 14 -4 0
0.002065 14 6 0
0.005264 14 -6 0
0.002662 14 8 0
0.007873 14 -8 0
0.001676 14 10 0
0.003753 14 -10 0
0.005377 14 12 0
0.004246 14 -12 0
0.002264 14 14 0
0.009782 14 -14 0
0.001319 15 1 0
0.014610 15 -1 0
0.005530 15 3 0
0.015741 15 -3 0
-0.009686 15 5 0
-0.012294 15 -5 0
0.002435 15 7 0
-0.004174 15 -7 0
-0.002873 15 9 0
0.000446 15 -9 0
-0.000386 15 11 0
-0.000359 15 -11 0
-0.002621 15 13 0
-0.002692 15 -13 0
0.004274 15 15 0
-0.001469 15 -15 0
-0.009573 16 0 0
0.002105 16 2 0
-0.003932 16 -2 0
0.008375 16 4 0
0.011576 16 -4 0
-0.001682 16 6 0
0.004713 16 -6 0
-0.003292 16 8 0
0.002693 16 -8 0
0.004784 16 10 0
0.002708 16 -10 0
0.003121 16 12 0
0.003349 16 -12 0
0.001743 16 14 0
0.006189 16 -14 0
-0.000271 16 16 0
0.005408 16 -16 0
-0.005147 17 1 0
0.000971 17 -1 0
-0.006192 17 3 0
-0.003977 17 -3 0
0.002925 17 5 0
0.002825 17 -5 0
0.000491 17 7 0
-0.002271 17 -7 0
-0.003288 17 9 0
0.000291 17 -9 0
0.000274 17 11 0
-0.001403 17 -11 0
-0.002400 17 13 0
0.000267 17 -13 0
0.003779 17 15 0
-0.001630 17 -15 0
0.001773 17 17 0
0.003039 17 -17 0
0.001152 18 0 0
0.002321 18 2 0
-0.002849 18 -2 0
-0.002842 18 4 0
-0.003476 18 -4 0
0.003137 18 6 0
0.002805 18 -6 0
0.000182 18 8 0
0.004141 18 -8 0
0.000774 18 10 0
0.001308 18 -10 0
0.002224 18 12 0
0.002327 18 -12 0
0.001298 18 14 0
0.004472 18 -14 0
-0.000822 18 16 0
0.001354 18 -16 0
0.001722 18 18 0
0.001076 18 -18 0
0.000790 19 1 0
0.010240 19 -1 0
-0.003021 19 3 0
0.003226 19 -3 0
-0.004162 19 5 0
-0.007934 19 -5 0
0.003396 19 7 0
-0.000393 19 -7 0
0.000751 19 9 0
-0.000151 19 -9 0
-0.000992 19 11 0
