0.082107 1 1 0
0.147057 1 -1 0
0.006178 2 0 0
0.096814 2 2 0
0.033010 2 -2 0
-0.085854 3 1 0
-0.127928 3 -1 0
0.115771 3 3 0
0.025387 3 -3 0
-0.091327 4 0 0
-0.157341 4 2 0
-0.081909 4 -2 0
0.076977 4 4 0
-0.041468 4 -4 0
-0.048259 5 1 0
-0.066815 5 -1 0
-0.194827 5 3 0
-0.012758 5 -3 0
0.037377 5 5 0
-0.056626 5 -5 0
0.014763 6 0 0
0.013684 6 2 0
-0.004763 6 -2 0
-0.127640 6 4 0
0.102701 6 -4 0
0.003507 6 6 0
-0.058222 6 -6 0
0.040658 7 1 0
0.075404 7 -1 0
0.084982 7 3 0
-0.009796 7 -3 0
-0.040082 7 5 0
0.120063 7 -5 0
-0.043201 7 7 0
-0.033472 7 -7 0
0.026616 8 0 0
0.075335 8 2 0
0.032870 8 -2 0
0.102026 8 4 0
-0.057715 8 -4 0
0.005417 8 6 0
0.096899 8 -6 0
-0.044319 8 8 0
0.002228 8 -8 0
-0.005835 9 1 0
-0.000501 9 -1 0
0.029276 9 3 0
-0.010580 9 -3 0
0.048506 9 5 0
-0.075528 9 -5 0
0.027310 9 7 0
0.069240 9 -7 0
-0.029753 9 9 0
0.000471 9 -9 0
-0.020829 10 0 0
-0.027818 10 2 0
-0.009370 10 -2 0
-0.008455 10 4 0
0.019041 10 -4 0
-0.000412 10 6 0
-0.074186 10 -6 0
0.031926 10 8 0
0.016365 10 -8 0
-0.006633 10 10 0
0.021405 10 -10 0
-0.021422 11 1 0
-0.016074 11 -1 0
-0.023296 11 3 0
0.005123 11 -3 0
-0.001208 11 5 0
0.047865 11 -5 0
-0.038893 11 7 0
-0.032393 11 -7 0
0.031448 11 9 0
-0.013368 11 -9 0
0.014872 11 11 0
-0.017312 11 -11 0
-0.001539 12 0 0
-0.002537 12 2 0
0.001053 12 -2 0
-0.001485 12 4 0
0.020725 12 -4 0
0.004112 12 6 0
0.048868 12 -6 0
-0.042920 12 8 0
-0.007048 12 -8 0
0.016497 12 10 0
-0.009713 12 -10 0
0.001231 12 12 0
-0.020550 12 -12 0
0.005963 13 1 0
0.013236 13 -1 0
0.014438 13 3 0
-0.008363 13 -3 0
0.009957 13 5 0
0.016110 13 -5 0
0.016513 13 7 0
0.042396 13 -7 0
-0.024311 13 9 0
-0.001243 13 -9 0
0.010772 13 11 0
-0.034655 13 -11 0
0.017818 13 13 0
0.018117 13 -13 0
0.008558 14 0 0
0.016194 14 2 0
0.009011 14 -2 0
0.006596 14 4 0
-0.006504 14 -4 0
0.003535 14 6 0
-0.003985 14 -6 0
0.022172 14 8 0
0.021784 14 -8 0
-0.011269 14 10 0
0.016252 14 -10 0
-0.011837 14 12 0
-0.025536 14 -12 0
0.017377 14 14 0
0.004452 14 -14 0
0.003183 15 1 0
0.010426 15 -1 0
0.015155 15 3 0
-0.002596 15 -3 0
0.006451 15 5 0
0.000860 15 -5 0
-0.010355 15 7 0
-0.000866 15 -7 0
0.024877 15 9 0
0.000792 15 -9 0
0.001189 15 11 0
-0.001706 15 -11 0
-0.001185 15 13 0
0.012029 15 -13 0
-0.014921 15 15 0
0.004382 15 -15 0
0.001548 16 0 0
-0.002172 16 2 0
0.008449 16 -2 0
0.005702 16 4 0
0.004730 16 -4 0
-0.002262 16 6 0
-0.000846 16 -6 0
-0.014483 16 8 0
0.000145 16 -8 0
0.013993 16 10 0
-0.001138 16 -10 0
0.003724 16 12 0
0.001516 16 -12 0
0.001873 16 14 0
0.005403 16 -14 0
-0.004815 16 16 0
0.023335 16 -16 0
-0.003854 17 1 0
0.001785 17 -1 0
0.002244 17 3 0
0.004818 17 -3 0
0.007660 17 5 0
0.009647 17 -5 0
-0.000132 17 7 0
0.009836 17 -7 0
-0.004811 17 9 0
0.001755 17 -9 0
0.006829 17 11 0
-0.013359 17 -11 0
0.010734 17 13 0
0.012908 17 -13 0
-0.012149 17 15 0
0.006166 17 -15 0
-0.005742 17 17 0
-0.005784 17 -17 0
-0.000609 18 0 0
-0.002597 18 2 0
0.005005 18 -2 0
-0.001571 18 4 0
0.006889 18 -4 0
0.004163 18 6 0
0.005453 18 -6 0
0.002515 18 8 0
0.008832 18 -8 0
-0.004470 18 10 0
0.006304 18 -10 0
-0.002179 18 12 0
-0.013406 18 -12 0
0.013449 18 14 0
0.002604 18 -14 0
-0.004494 18 16 0
0.018800 18 -16 0
-0.003292 18 18 0
0.004293 18 -18 0
0.001394 19 1 0
-0.000064 19 -1 0
0.002013 19 3 0
-0.003330 19 -3 0
0.004207 19 5 0
0.006374 19 -5 0
0.001652 19 7 0
0.004113 19 -7 0
0.009002 19 9 0
0.003801 19 -9 0
-0.003334 19 11 0
