0.054129 1 1 0
0.157179 1 -1 0
-0.013214 2 0 0
0.087553 2 2 0
0.033906 2 -2 0
-0.074697 3 1 0
-0.122163 3 -1 0
0.093322 3 3 0
-0.017326 3 -3 0
-0.089033 4 0 0
-0.163291 4 2 0
-0.083595 4 -2 0
0.088484 4 4 0
-0.024824 4 -4 0
-0.062162 5 1 0
-0.072869 5 -1 0
-0.194016 5 3 0
0.007426 5 -3 0
0.045265 5 5 0
-0.042910 5 -5 0
0.021160 6 0 0
0.014089 6 2 0
0.002550 6 -2 0
-0.140595 6 4 0
0.099807 6 -4 0
-0.001226 6 6 0
-0.053415 6 -6 0
0.042607 7 1 0
0.070959 7 -1 0
0.085146 7 3 0
-0.014653 7 -3 0
-0.041814 7 5 0
0.123696 7 -5 0
-0.048543 7 7 0
-0.034743 7 -7 0
0.026992 8 0 0
0.073023 8 2 0
0.032421 8 -2 0
0.107803 8 4 0
-0.053813 8 -4 0
0.005011 8 6 0
0.092995 8 -6 0
-0.045183 8 8 0
-0.004870 8 -8 0
-0.010971 9 1 0
-0.000343 9 -1 0
0.023856 9 3 0
-0.006122 9 -3 0
0.049636 9 5 0
-0.070317 9 -5 0
0.032432 9 7 0
0.082096 9 -7 0
-0.027482 9 9 0
-0.016871 9 -9 0
-0.016267 10 0 0
-0.033210 10 2 0
-0.004656 10 -2 0
-0.011399 10 4 0
0.023115 10 -4 0
-0.003453 10 6 0
-0.076386 10 -6 0
0.025747 10 8 0
0.015437 10 -8 0
-0.012264 10 10 0
0.016758 10 -10 0
-0.024616 11 1 0
-0.017544 11 -1 0
-0.025897 11 3 0
0.008800 11 -3 0
-0.003902 11 5 0
0.051152 11 -5 0
-0.042660 11 7 0
-0.027638 11 -7 0
0.030611 11 9 0
-0.026522 11 -9 0
0.019698 11 11 0
-0.017017 11 -11 0
0.000606 12 0 0
-0.004384 12 2 0
0.001622 12 -2 0
-0.000135 12 4 0
0.023046 12 -4 0
0.004916 12 6 0
0.046789 12 -6 0
-0.041341 12 8 0
-0.012333 12 -8 0
0.009436 12 10 0
-0.013520 12 -10 0
0.017142 12 12 0
-0.032739 12 -12 0
0.002236 13 1 0
0.012275 13 -1 0
0.012028 13 3 0
-0.006719 13 -3 0
0.009475 13 5 0
0.018914 13 -5 0
0.016232 13 7 0
0.049474 13 -7 0
-0.022740 13 9 0
-0.012834 13 -9 0
0.015747 13 11 0
-0.036164 13 -11 0
0.009786 13 13 0
0.022944 13 -13 0
0.010823 14 0 0
0.011909 14 2 0
0.009669 14 -2 0
0.008596 14 4 0
-0.003437 14 -4 0
0.003814 14 6 0
-0.003926 14 -6 0
0.019562 14 8 0
0.019785 14 -8 0
-0.017011 14 10 0
0.014610 14 -10 0
-0.001543 14 12 0
-0.037429 14 -12 0
0.020760 14 14 0
-0.001745 14 -14 0
0.000710 15 1 0
0.010335 15 -1 0
0.013387 15 3 0
0.001184 15 -3 0
0.005027 15 5 0
0.004061 15 -5 0
-0.010442 15 7 0
0.000252 15 -7 0
0.024258 15 9 0
-0.007072 15 -9 0
0.004842 15 11 0
-0.001250 15 -11 0
-0.004425 15 13 0
0.016090 15 -13 0
-0.014928 15 15 0
0.001857 15 -15 0
0.002391 16 0 0
-0.003660 16 2 0
0.007993 16 -2 0
0.005298 16 4 0
0.007759 16 -4 0
-0.001214 16 6 0
0.000388 16 -6 0
-0.013992 16 8 0
-0.001453 16 -8 0
0.008502 16 10 0
-0.001910 16 -10 0
0.008775 16 12 0
-0.005674 16 -12 0
0.007179 16 14 0
0.002332 16 -14 0
-0.005384 16 16 0
0.014043 16 -16 0
-0.005119 17 1 0
0.001929 17 -1 0
0.001775 17 3 0
0.005924 17 -3 0
0.006358 17 5 0
0.010255 17 -5 0
-0.002517 17 7 0
0.010832 17 -7 0
-0.005644 17 9 0
-0.004195 17 -9 0
0.008896 17 11 0
-0.014929 17 -11 0
0.009607 17 13 0
0.013226 17 -13 0
-0.014870 17 15 0
0.004998 17 -15 0
-0.005052 17 17 0
-0.005852 17 -17 0
0.000771 18 0 0
-0.004633 18 2 0
0.003855 18 -2 0
-0.000843 18 4 0
0.009493 18 -4 0
0.006031 18 6 0
0.005642 18 -6 0
0.001993 18 8 0
0.008565 18 -8 0
-0.007722 18 10 0
0.005051 18 -10 0
0.001006 18 12 0
-0.014669 18 -12 0
0.013726 18 14 0
0.003230 18 -14 0
-0.003238 18 16 0
0.013715 18 -16 0
-0.006507 18 18 0
-0.000530 18 -18 0
0.000514 19 1 0
0.000013 19 -1 0
0.001414 19 3 0
-0.001887 19 -3 0
0.001958 19 5 0
0.007492 19 -5 0
0.000600 19 7 0
0.003619 19 -7 0
0.008549 19 9 0
0.000731 19 -9 0
-0.000405 19 11 0
