0.031275 1 1 0
0.059282 1 -1 0
-0.006061 2 0 0
0.066901 2 2 0
0.046531 2 -2 0
-0.077679 3 1 0
-0.126509 3 -1 0
0.080333 3 3 0
0.004267 3 -3 0
-0.089111 4 0 0
-0.156018 4 2 0
-0.080936 4 -2 0
0.085171 4 4 0
-0.029539 4 -4 0
-0.044908 5 1 0
-0.072260 5 -1 0
-0.197466 5 3 0
-0.002740 5 -3 0
0.040987 5 5 0
-0.045823 5 -5 0
0.020598 6 0 0
0.008758 6 2 0
-0.007253 6 -2 0
-0.121455 6 4 0
0.097847 6 -4 0
0.001028 6 6 0
-0.052828 6 -6 0
0.048991 7 1 0
0.076115 7 -1 0
0.083159 7 3 0
0.001879 7 -3 0
-0.045335 7 5 0
0.121387 7 -5 0
-0.032489 7 7 0
-0.025526 7 -7 0
0.032213 8 0 0
0.072458 8 2 0
0.033117 8 -2 0
0.110372 8 4 0
-0.049225 8 -4 0
0.005052 8 6 0
0.104650 8 -6 0
-0.049924 8 8 0
-0.014196 8 -8 0
0.002721 9 1 0
-0.000481 9 -1 0
0.021230 9 3 0
-0.005507 9 -3 0
0.046869 9 5 0
-0.075686 9 -5 0
0.036008 9 7 0
0.074376 9 -7 0
-0.036183 9 9 0
-0.002939 9 -9 0
-0.016107 10 0 0
-0.033443 10 2 0
-0.010263 10 -2 0
0.003100 10 4 0
0.021384 10 -4 0
-0.004287 10 6 0
-0.066405 10 -6 0
0.026650 10 8 0
0.011783 10 -8 0
-0.016711 10 10 0
0.008577 10 -10 0
-0.015567 11 1 0
-0.021487 11 -1 0
-0.027732 11 3 0
0.013625 11 -3 0
-0.005184 11 5 0
0.048787 11 -5 0
-0.030338 11 7 0
-0.030103 11 -7 0
0.023472 11 9 0
-0.011921 11 -9 0
0.018651 11 11 0
-0.013117 11 -11 0
0.003244 12 0 0
-0.005734 12 2 0
0.000697 12 -2 0
0.005827 12 4 0
0.024761 12 -4 0
0.005431 12 6 0
0.053826 12 -6 0
-0.041240 12 8 0
-0.016425 12 -8 0
0.007155 12 10 0
-0.021839 12 -10 0
0.013553 12 12 0
-0.023572 12 -12 0
0.013556 13 1 0
0.010228 13 -1 0
0.009867 13 3 0
-0.002581 13 -3 0
0.008117 13 5 0
0.015896 13 -5 0
0.022167 13 7 0
0.046359 13 -7 0
-0.031405 13 9 0
-0.003048 13 -9 0
0.014301 13 11 0
-0.033635 13 -11 0
0.012559 13 13 0
0.029921 13 -13 0
0.012659 14 0 0
0.012694 14 2 0
0.008628 14 -2 0
0.011836 14 4 0
-0.005944 14 -4 0
0.002462 14 6 0
0.001332 14 -6 0
0.020181 14 8 0
0.017010 14 -8 0
-0.017935 14 10 0
0.005750 14 -10 0
-0.004281 14 12 0
-0.031002 14 -12 0
0.020986 14 14 0
-0.009600 14 -14 0
0.006313 15 1 0
0.004820 15 -1 0
0.010574 15 3 0
0.002611 15 -3 0
0.004086 15 5 0
0.002402 15 -5 0
-0.005463 15 7 0
-0.001228 15 -7 0
0.019519 15 9 0
-0.002053 15 -9 0
0.002737 15 11 0
0.000408 15 -11 0
-0.002255 15 13 0
0.016268 15 -13 0
-0.021700 15 15 0
0.012525 15 -15 0
0.003953 16 0 0
-0.003458 16 2 0
0.008141 16 -2 0
0.010915 16 4 0
0.008460 16 -4 0
-0.001742 16 6 0
0.003338 16 -6 0
-0.013881 16 8 0
-0.002427 16 -8 0
0.008003 16 10 0
-0.006862 16 -10 0
0.008405 16 12 0
-0.000494 16 -12 0
0.004759 16 14 0
-0.001005 16 -14 0
-0.006716 16 16 0
0.015114 16 -16 0
-0.000978 17 1 0
0.000550 17 -1 0
0.001430 17 3 0
0.006726 17 -3 0
0.006583 17 5 0
0.009990 17 -5 0
0.003699 17 7 0
0.009836 17 -7 0
-0.009654 17 9 0
-0.001060 17 -9 0
0.007743 17 11 0
-0.015304 17 -11 0
0.009690 17 13 0
0.014882 17 -13 0
-0.014035 17 15 0
0.010116 17 -15 0
-0.002017 17 17 0
-0.004761 17 -17 0
0.001361 18 0 0
-0.003172 18 2 0
0.003885 18 -2 0
-0.000046 18 4 0
0.007192 18 -4 0
0.004134 18 6 0
0.006974 18 -6 0
0.002388 18 8 0
0.007352 18 -8 0
-0.007595 18 10 0
0.003390 18 -10 0
0.001580 18 12 0
-0.013148 18 -12 0
0.013757 18 14 0
0.000340 18 -14 0
-0.002994 18 16 0
0.015453 18 -16 0
-0.007047 18 18 0
-0.001542 18 -18 0
0.002489 19 1 0
-0.003313 19 -1 0
0.000624 19 3 0
-0.000514 19 -3 0
0.001962 19 5 0
0.006227 19 -5 0
0.003740 19 7 0
0.003187 19 -7 0
0.005670 19 9 0
0.000976 19 -9 0
-0.002600 19 11 0
