0.004275 1 1 0
0.070679 1 -1 0
-0.200729 2 0 0
-0.015217 2 2 0
-0.001214 2 -2 0
-0.068607 3 1 0
0.023928 3 -1 0
-0.020692 3 3 0
-0.016049 3 -3 0
0.273288 4 0 0
0.024519 4 2 0
-0.004305 4 -2 0
0.005749 4 4 0
0.012995 4 -4 0
0.080617 5 1 0
-0.026217 5 -1 0
-0.016482 5 3 0
-0.006519 5 -3 0
0.009454 5 5 0
-0.007179 5 -5 0
-0.327812 6 0 0
-0.000822 6 2 0
-0.015813 6 -2 0
-0.002521 6 4 0
0.015081 6 -4 0
-0.000864 6 6 0
0.012640 6 -6 0
-0.135263 7 1 0
0.081140 7 -1 0
-0.018944 7 3 0
-0.003215 7 -3 0
-0.002086 7 5 0
-0.019604 7 -5 0
0.011658 7 7 0
0.003706 7 -7 0
0.234195 8 0 0
0.024412 8 2 0
0.007633 8 -2 0
0.002835 8 4 0
0.009090 8 -4 0
-0.001374 8 6 0
0.009204 8 -6 0
-0.003766 8 8 0
-0.012907 8 -8 0
0.087508 9 1 0
-0.038001 9 -1 0
-0.010803 9 3 0
-0.011382 9 -3 0
-0.003637 9 5 0
-0.011886 9 -5 0
0.008915 9 7 0
-0.007459 9 -7 0
-0.010286 9 9 0
0.001324 9 -9 0
-0.202616 10 0 0
-0.006372 10 2 0
-0.018854 10 -2 0
-0.002799 10 4 0
0.039823 10 -4 0
-0.001828 10 6 0
0.012024 10 -6 0
0.002289 10 8 0
-0.006447 10 -8 0
-0.000618 10 10 0
0.001529 10 -10 0
-0.107091 11 1 0
0.062430 11 -1 0
-0.024075 11 3 0
-0.014263 11 -3 0
0.005379 11 5 0
-0.018150 11 -5 0
0.007564 11 7 0
-0.002120 11 -7 0
-0.008678 11 9 0
-0.002506 11 -9 0
-0.002898 11 11 0
-0.002631 11 -11 0
0.089123 12 0 0
0.026037 12 2 0
0.005722 12 -2 0
0.000235 12 4 0
-0.013329 12 -4 0
-0.002033 12 6 0
0.008833 12 -6 0
0.001486 12 8 0
-0.014056 12 -8 0
0.003685 12 10 0
0.004255 12 -10 0
0.004028 12 12 0
0.004354 12 -12 0
0.039722 13 1 0
-0.015007 13 -1 0
-0.004544 13 3 0
-0.004957 13 -3 0
-0.009770 13 5 0
-0.008788 13 -5 0
0.008510 13 7 0
-0.004549 13 -7 0
-0.010905 13 9 0
-0.000140 13 -9 0
-0.002813 13 11 0
-0.006632 13 -11 0
0.000016 13 13 0
-0.004119 13 -13 0
-0.081959 14 0 0
-0.005543 14 2 0
-0.011143 14 -2 0
-0.000810 14 4 0
0.041850 14 -4 0
0.003124 14 6 0
0.012074 14 -6 0
0.001605 14 8 0
-0.006513 14 -8 0
0.000912 14 10 0
0.003519 14 -10 0
0.006707 14 12 0
0.002702 14 -12 0
0.003708 14 14 0
0.003125 14 -14 0
-0.053862 15 1 0
0.031052 15 -1 0
-0.020388 15 3 0
-0.012052 15 -3 0
0.008829 15 5 0
-0.015502 15 -5 0
0.006436 15 7 0
-0.005089 15 -7 0
-0.007186 15 9 0
-0.002726 15 -9 0
-0.000250 15 11 0
-0.002052 15 -11 0
-0.000868 15 13 0
-0.004482 15 -13 0
0.007331 15 15 0
-0.000149 15 -15 0
0.022307 16 0 0
0.013823 16 2 0
0.001078 16 -2 0
-0.001397 16 4 0
-0.014168 16 -4 0
-0.002800 16 6 0
0.003201 16 -6 0
0.000685 16 8 0
-0.006464 16 -8 0
0.001497 16 10 0
0.000912 16 -10 0
0.003146 16 12 0
0.003107 16 -12 0
0.003020 16 14 0
0.002415 16 -14 0
-0.000050 16 16 0
-0.006135 16 -16 0
0.014563 17 1 0
-0.004465 17 -1 0
-0.000100 17 3 0
-0.000760 17 -3 0
-0.005384 17 5 0
-0.003359 17 -5 0
0.004200 17 7 0
-0.001709 17 -7 0
-0.004509 17 9 0
-0.000503 17 -9 0
0.000363 17 11 0
-0.003721 17 -11 0
0.001151 17 13 0
-0.001155 17 -13 0
0.004497 17 15 0
-0.002781 17 -15 0
-0.002705 17 17 0
0.001841 17 -17 0
-0.026192 18 0 0
-0.002195 18 2 0
-0.005506 18 -2 0
-0.001191 18 4 0
0.022038 18 -4 0
0.002610 18 6 0
0.004738 18 -6 0
0.002106 18 8 0
-0.002649 18 -8 0
-0.000193 18 10 0
0.001135 18 -10 0
0.004634 18 12 0
-0.000026 18 -12 0
0.003031 18 14 0
0.001066 18 -14 0
-0.001783 18 16 0
-0.004744 18 -16 0
0.000176 18 18 0
0.001815 18 -18 0
-0.017834 19 1 0
0.011393 19 -1 0
-0.012730 19 3 0
-0.007065 19 -3 0
0.004435 19 5 0
-0.007125 19 -5 0
0.003096 19 7 0
-0.002960 19 -7 0
-0.000428 19 9 0
-0.002256 19 -9 0
-0.000187 19 11 0
