-0.014132 1 1 0
-0.011408 1 -1 0
-0.186785 2 0 0
0.019916 2 2 0
-0.015370 2 -2 0
-0.054455 3 1 0
0.031955 3 -1 0
-0.003941 3 3 0
-0.015580 3 -3 0
0.272591 4 0 0
0.008809 4 2 0
-0.000629 4 -2 0
-0.004220 4 4 0
0.011868 4 -4 0
0.081024 5 1 0
-0.026287 5 -1 0
-0.017123 5 3 0
-0.003677 5 -3 0
0.015581 5 5 0
-0.008077 5 -5 0
-0.326847 6 0 0
-0.004595 6 2 0
-0.011735 6 -2 0
-0.002827 6 4 0
0.016784 6 -4 0
-0.009490 6 6 0
0.018320 6 -6 0
-0.133639 7 1 0
0.081090 7 -1 0
-0.014323 7 3 0
-0.002253 7 -3 0
-0.001950 7 5 0
-0.015586 7 -5 0
0.013435 7 7 0
0.000275 7 -7 0
0.236788 8 0 0
0.024178 8 2 0
0.006175 8 -2 0
0.001733 8 4 0
0.011312 8 -4 0
-0.001288 8 6 0
0.004262 8 -6 0
-0.001094 8 8 0
-0.011480 8 -8 0
0.091950 9 1 0
-0.032127 9 -1 0
-0.002490 9 3 0
-0.006073 9 -3 0
0.002260 9 5 0
-0.008609 9 -5 0
0.012662 9 7 0
-0.001627 9 -7 0
-0.009567 9 9 0
0.006019 9 -9 0
-0.201450 10 0 0
-0.010701 10 2 0
-0.019557 10 -2 0
-0.006308 10 4 0
0.039897 10 -4 0
-0.004676 10 6 0
0.015821 10 -6 0
-0.000083 10 8 0
-0.005490 10 -8 0
0.002499 10 10 0
0.001455 10 -10 0
-0.103090 11 1 0
0.064469 11 -1 0
-0.018253 11 3 0
-0.010176 11 -3 0
0.008789 11 5 0
-0.013762 11 -5 0
0.009766 11 7 0
-0.000228 11 -7 0
-0.006897 11 9 0
0.000475 11 -9 0
-0.002285 11 11 0
-0.000247 11 -11 0
0.090672 12 0 0
0.022884 12 2 0
0.008475 12 -2 0
-0.000915 12 4 0
-0.011081 12 -4 0
-0.004330 12 6 0
0.007788 12 -6 0
0.000461 12 8 0
-0.011777 12 -8 0
0.003105 12 10 0
0.005485 12 -10 0
0.007754 12 12 0
0.010580 12 -12 0
0.041007 13 1 0
-0.010121 13 -1 0
0.001714 13 3 0
-0.000174 13 -3 0
-0.006768 13 5 0
-0.004421 13 -5 0
0.009887 13 7 0
-0.000223 13 -7 0
-0.008776 13 9 0
0.002354 13 -9 0
-0.004744 13 11 0
-0.006665 13 -11 0
-0.005070 13 13 0
-0.003901 13 -13 0
-0.079954 14 0 0
-0.008574 14 2 0
-0.011752 14 -2 0
-0.002222 14 4 0
0.043237 14 -4 0
0.002172 14 6 0
0.013048 14 -6 0
0.002032 14 8 0
-0.006087 14 -8 0
0.002733 14 10 0
0.005763 14 -10 0
0.009302 14 12 0
0.004459 14 -12 0
0.005242 14 14 0
0.004380 14 -14 0
-0.051481 15 1 0
0.033159 15 -1 0
-0.016539 15 3 0
-0.008111 15 -3 0
0.010437 15 5 0
-0.010785 15 -5 0
0.007526 15 7 0
-0.002123 15 -7 0
-0.006963 15 9 0
-0.000143 15 -9 0
-0.000105 15 11 0
-0.000359 15 -11 0
-0.002686 15 13 0
-0.001690 15 -13 0
0.005040 15 15 0
0.002283 15 -15 0
0.024110 16 0 0
0.012171 16 2 0
0.001913 16 -2 0
-0.002543 16 4 0
-0.012486 16 -4 0
-0.004081 16 6 0
0.004807 16 -6 0
0.000131 16 8 0
-0.006663 16 -8 0
0.002091 16 10 0
0.002515 16 -10 0
0.005136 16 12 0
0.005890 16 -12 0
0.002921 16 14 0
0.001623 16 -14 0
0.000560 16 16 0
-0.004111 16 -16 0
0.015369 17 1 0
-0.002239 17 -1 0
0.003594 17 3 0
0.000248 17 -3 0
-0.005318 17 5 0
-0.001679 17 -5 0
0.004257 17 7 0
-0.000032 17 -7 0
-0.004153 17 9 0
0.000375 17 -9 0
-0.000632 17 11 0
-0.002347 17 -11 0
-0.000416 17 13 0
-0.000045 17 -13 0
0.003733 17 15 0
-0.000629 17 -15 0
-0.002880 17 17 0
0.003175 17 -17 0
-0.025110 18 0 0
-0.003785 18 2 0
-0.006049 18 -2 0
-0.000419 18 4 0
0.023845 18 -4 0
0.002410 18 6 0
0.005499 18 -6 0
0.001854 18 8 0
-0.001651 18 -8 0
0.001960 18 10 0
0.001703 18 -10 0
0.005688 18 12 0
0.001151 18 -12 0
0.002812 18 14 0
0.001718 18 -14 0
-0.002739 18 16 0
-0.004259 18 -16 0
-0.002323 18 18 0
0.003410 18 -18 0
-0.018240 19 1 0
0.012639 19 -1 0
-0.010513 19 3 0
-0.006276 19 -3 0
0.005807 19 5 0
-0.006244 19 -5 0
0.002920 19 7 0
-0.002071 19 -7 0
0.000362 19 9 0
-0.001229 19 -9 0
-0.000367 19 11 0
