-0.083115 1 1 0
-0.001726 1 -1 0
-0.217602 2 0 0
-0.003963 2 2 0
-0.002291 2 -2 0
-0.054986 3 1 0
0.038984 3 -1 0
0.013951 3 3 0
-0.006530 3 -3 0
0.279264 4 0 0
0.019757 4 2 0
-0.006068 4 -2 0
0.008466 4 4 0
0.013898 4 -4 0
0.079835 5 1 0
-0.027138 5 -1 0
-0.014346 5 3 0
-0.016324 5 -3 0
0.018535 5 5 0
-0.012929 5 -5 0
-0.327029 6 0 0
-0.001265 6 2 0
-0.002074 6 -2 0
-0.002636 6 4 0
0.021138 6 -4 0
-0.005339 6 6 0
0.002664 6 -6 0
-0.134503 7 1 0
0.076801 7 -1 0
-0.014794 7 3 0
-0.006112 7 -3 0
0.003042 7 5 0
-0.016654 7 -5 0
0.019169 7 7 0
0.005836 7 -7 0
0.233235 8 0 0
0.024787 8 2 0
0.003217 8 -2 0
-0.000444 8 4 0
0.012987 8 -4 0
-0.007526 8 6 0
0.013430 8 -6 0
-0.003655 8 8 0
-0.018331 8 -8 0
0.086578 9 1 0
-0.034799 9 -1 0
-0.006143 9 3 0
-0.012911 9 -3 0
-0.000630 9 5 0
-0.015629 9 -5 0
0.017566 9 7 0
-0.001107 9 -7 0
-0.007331 9 9 0
0.005034 9 -9 0
-0.199166 10 0 0
-0.008039 10 2 0
-0.020709 10 -2 0
-0.005740 10 4 0
0.043571 10 -4 0
-0.008297 10 6 0
0.010599 10 -6 0
-0.003718 10 8 0
-0.010792 10 -8 0
-0.000248 10 10 0
-0.005109 10 -10 0
-0.107248 11 1 0
0.062349 11 -1 0
-0.018784 11 3 0
-0.014275 11 -3 0
0.010341 11 5 0
-0.016411 11 -5 0
0.011836 11 7 0
-0.002581 11 -7 0
-0.007047 11 9 0
0.005347 11 -9 0
-0.000548 11 11 0
0.003614 11 -11 0
0.090527 12 0 0
0.022861 12 2 0
0.006576 12 -2 0
-0.000441 12 4 0
-0.009209 12 -4 0
-0.006394 12 6 0
0.007471 12 -6 0
-0.002752 12 8 0
-0.014392 12 -8 0
0.001428 12 10 0
0.000465 12 -10 0
0.007069 12 12 0
0.005190 12 -12 0
0.039627 13 1 0
-0.012933 13 -1 0
0.001471 13 3 0
-0.006096 13 -3 0
-0.007599 13 5 0
-0.009336 13 -5 0
0.013533 13 7 0
-0.001943 13 -7 0
-0.008463 13 9 0
0.003479 13 -9 0
-0.001553 13 11 0
-0.002259 13 -11 0
-0.005080 13 13 0
0.001412 13 -13 0
-0.082061 14 0 0
-0.005832 14 2 0
-0.013981 14 -2 0
-0.002163 14 4 0
0.044418 14 -4 0
-0.000818 14 6 0
0.010057 14 -6 0
0.000662 14 8 0
-0.009633 14 -8 0
0.000464 14 10 0
0.000137 14 -10 0
0.008065 14 12 0
0.002169 14 -12 0
0.005260 14 14 0
0.002067 14 -14 0
-0.053394 15 1 0
0.031620 15 -1 0
-0.016305 15 3 0
-0.011983 15 -3 0
0.011797 15 5 0
-0.014979 15 -5 0
0.010273 15 7 0
-0.000930 15 -7 0
-0.007812 15 9 0
0.000481 15 -9 0
0.000445 15 11 0
0.000888 15 -11 0
-0.003190 15 13 0
-0.002085 15 -13 0
0.008742 15 15 0
-0.000231 15 -15 0
0.024330 16 0 0
0.012288 16 2 0
0.001003 16 -2 0
-0.001815 16 4 0
-0.011356 16 -4 0
-0.004357 16 6 0
0.002989 16 -6 0
-0.001382 16 8 0
-0.006632 16 -8 0
0.001152 16 10 0
-0.000605 16 -10 0
0.004142 16 12 0
0.004449 16 -12 0
0.003929 16 14 0
0.000356 16 -14 0
-0.001093 16 16 0
-0.004654 16 -16 0
0.013852 17 1 0
-0.003560 17 -1 0
0.003544 17 3 0
-0.000108 17 -3 0
-0.004780 17 5 0
-0.002441 17 -5 0
0.005979 17 7 0
0.000087 17 -7 0
-0.003970 17 9 0
0.001535 17 -9 0
0.000465 17 11 0
-0.002123 17 -11 0
-0.001826 17 13 0
-0.000101 17 -13 0
0.004257 17 15 0
-0.001243 17 -15 0
-0.002403 17 17 0
0.001100 17 -17 0
-0.025435 18 0 0
-0.003085 18 2 0
-0.005416 18 -2 0
-0.000375 18 4 0
0.023652 18 -4 0
0.000512 18 6 0
0.004685 18 -6 0
0.001696 18 8 0
-0.004111 18 -8 0
0.000705 18 10 0
0.000368 18 -10 0
0.003998 18 12 0
0.000291 18 -12 0
0.003486 18 14 0
0.000227 18 -14 0
-0.003141 18 16 0
-0.002760 18 -16 0
-0.003252 18 18 0
0.001975 18 -18 0
-0.018453 19 1 0
0.012087 19 -1 0
-0.010597 19 3 0
-0.007850 19 -3 0
0.004983 19 5 0
-0.006742 19 -5 0
0.005061 19 7 0
-0.002186 19 -7 0
-0.000898 19 9 0
-0.001801 19 -9 0
0.000218 19 11 0
