0.055758 1 1 0
-0.036584 1 -1 0
0.051177 2 0 0
-0.029876 2 2 0
-0.102113 2 -2 0
0.023051 3 1 0
0.227321 3 -1 0
-0.018127 3 3 0
-0.058707 3 -3 0
0.087353 4 0 0
0.046262 4 2 0
0.259877 4 -2 0
-0.023556 4 4 0
-0.068198 4 -4 0
0.001527 5 1 0
-0.040343 5 -1 0
0.061007 5 3 0
0.209721 5 -3 0
-0.023700 5 5 0
-0.026126 5 -5 0
-0.080328 6 0 0
-0.020285 6 2 0
-0.163470 6 -2 0
0.052835 6 4 0
0.159353 6 -4 0
-0.013437 6 6 0
0.013560 6 -6 0
-0.014088 7 1 0
-0.140811 7 -1 0
-0.030049 7 3 0
-0.189482 7 -3 0
0.043973 7 5 0
0.093419 7 -5 0
-0.009709 7 7 0
-0.031986 7 -7 0
0.020726 8 0 0
0.004414 8 2 0
-0.029902 8 -2 0
-0.051096 8 4 0
-0.174210 8 -4 0
0.031355 8 6 0
0.100402 8 -6 0
-0.007639 8 8 0
0.006253 8 -8 0
0.016303 9 1 0
0.063320 9 -1 0
0.026564 9 3 0
0.039077 9 -3 0
-0.057533 9 5 0
-0.140531 9 -5 0
0.022946 9 7 0
0.024208 9 -7 0
-0.014893 9 9 0
0.045832 9 -9 0
0.013877 10 0 0
0.020132 10 2 0
0.043301 10 -2 0
0.023090 10 4 0
0.071257 10 -4 0
-0.039668 10 6 0
-0.060447 10 -6 0
-0.000817 10 8 0
-0.001150 10 -8 0
0.002315 10 10 0
-0.060406 10 -10 0
-0.000591 11 1 0
-0.049460 11 -1 0
0.022410 11 3 0
0.002727 11 -3 0
0.033761 11 5 0
0.058625 11 -5 0
-0.028976 11 7 0
-0.072099 11 -7 0
-0.009779 11 9 0
0.034488 11 -9 0
-0.024194 11 11 0
0.077048 11 -11 0
-0.022735 12 0 0
-0.008510 12 2 0
-0.062142 12 -2 0
0.002355 12 4 0
-0.016285 12 -4 0
0.032614 12 6 0
0.087221 12 -6 0
-0.025151 12 8 0
-0.036832 12 -8 0
-0.000905 12 10 0
-0.065005 12 -10 0
0.025974 12 12 0
0.011968 12 -12 0
-0.002137 13 1 0
-0.035054 13 -1 0
-0.006669 13 3 0
-0.052644 13 -3 0
-0.013600 13 5 0
-0.036586 13 -5 0
0.029484 13 7 0
0.037290 13 -7 0
-0.022043 13 9 0
0.007618 13 -9 0
-0.025040 13 11 0
0.037978 13 -11 0
-0.018453 13 13 0
0.021697 13 -13 0
0.005973 14 0 0
0.002494 14 2 0
-0.002644 14 -2 0
-0.015165 14 4 0
-0.029328 14 -4 0
-0.009639 14 6 0
-0.010435 14 -6 0
0.016885 14 8 0
0.025161 14 -8 0
-0.009576 14 10 0
-0.045846 14 -10 0
0.015897 14 12 0
-0.003884 14 -12 0
0.001707 14 14 0
0.040110 14 -14 0
0.006234 15 1 0
-0.001034 15 -1 0
0.013314 15 3 0
-0.003074 15 -3 0
-0.004216 15 5 0
-0.024749 15 -5 0
-0.010061 15 7 0
-0.035883 15 -7 0
0.009029 15 9 0
0.031419 15 -9 0
-0.018953 15 11 0
0.022912 15 -11 0
-0.013746 15 13 0
0.004654 15 -13 0
-0.009599 15 15 0
-0.005612 15 -15 0
-0.001446 16 0 0
0.001245 16 2 0
-0.007817 16 -2 0
0.006801 16 4 0
0.006855 16 -4 0
0.004300 16 6 0
0.006018 16 -6 0
-0.011268 16 8 0
-0.026634 16 -8 0
0.003753 16 10 0
-0.016947 16 -10 0
0.013189 16 12 0
0.004137 16 -12 0
-0.007490 16 14 0
0.019855 16 -14 0
0.006128 16 16 0
0.019635 16 -16 0
-0.000260 17 1 0
-0.015098 17 -1 0
0.002717 17 3 0
-0.011872 17 -3 0
0.005744 17 5 0
-0.000509 17 -5 0
0.009604 17 7 0
-0.000993 17 -7 0
-0.011611 17 9 0
-0.008252 17 -9 0
-0.003631 17 11 0
0.013587 17 -11 0
-0.003497 17 13 0
0.007117 17 -13 0
-0.006816 17 15 0
-0.007319 17 -15 0
-0.001984 17 17 0
0.003578 17 -17 0
-0.003719 18 0 0
-0.001641 18 2 0
-0.006714 18 -2 0
-0.005968 18 4 0
-0.004408 18 -4 0
0.008238 18 6 0
0.014768 18 -6 0
0.006500 18 8 0
0.008624 18 -8 0
-0.012725 18 10 0
-0.022107 18 -10 0
0.005471 18 12 0
0.000911 18 -12 0
0.000393 18 14 0
0.011540 18 -14 0
-0.001107 18 16 0
0.009249 18 -16 0
0.004323 18 18 0
0.001914 18 -18 0
0.004007 19 1 0
-0.004469 19 -1 0
-0.000862 19 3 0
-0.010195 19 -3 0
-0.004560 19 5 0
-0.009378 19 -5 0
0.003689 19 7 0
0.004711 19 -7 0
0.006638 19 9 0
0.011038 19 -9 0
-0.012772 19 11 0
