0.102855 1 1 0
-0.073214 1 -1 0
0.069448 2 0 0
-0.029112 2 2 0
-0.100328 2 -2 0
0.000613 3 1 0
0.214119 3 -1 0
-0.013352 3 3 0
-0.084833 3 -3 0
0.077257 4 0 0
0.047248 4 2 0
0.258639 4 -2 0
-0.015187 4 4 0
-0.056443 4 -4 0
0.002751 5 1 0
-0.050698 5 -1 0
0.052276 5 3 0
0.214785 5 -3 0
-0.034963 5 5 0
-0.040148 5 -5 0
-0.082924 6 0 0
-0.010140 6 2 0
-0.163139 6 -2 0
0.063231 6 4 0
0.156826 6 -4 0
-0.006222 6 6 0
0.016342 6 -6 0
-0.007744 7 1 0
-0.159032 7 -1 0
-0.046517 7 3 0
-0.178254 7 -3 0
0.038358 7 5 0
0.100503 7 -5 0
-0.004841 7 7 0
-0.014336 7 -7 0
0.016811 8 0 0
0.008942 8 2 0
-0.031768 8 -2 0
-0.040334 8 4 0
-0.174482 8 -4 0
0.030039 8 6 0
0.097196 8 -6 0
-0.015674 8 8 0
0.006642 8 -8 0
0.017380 9 1 0
0.047516 9 -1 0
0.021860 9 3 0
0.042877 9 -3 0
-0.067560 9 5 0
-0.130417 9 -5 0
0.037839 9 7 0
0.036627 9 -7 0
-0.012660 9 9 0
0.066532 9 -9 0
0.013512 10 0 0
0.024708 10 2 0
0.040889 10 -2 0
0.032188 10 4 0
0.070825 10 -4 0
-0.037337 10 6 0
-0.058364 10 -6 0
-0.012739 10 8 0
0.007753 10 -8 0
-0.004563 10 10 0
-0.056756 10 -10 0
0.001426 11 1 0
-0.066083 11 -1 0
0.013819 11 3 0
0.008541 11 -3 0
0.028269 11 5 0
0.064799 11 -5 0
-0.022078 11 7 0
-0.057617 11 -7 0
-0.003826 11 9 0
0.050141 11 -9 0
-0.022540 11 11 0
0.070441 11 -11 0
-0.024663 12 0 0
-0.003419 12 2 0
-0.063751 12 -2 0
0.007697 12 4 0
-0.015558 12 -4 0
0.033218 12 6 0
0.085806 12 -6 0
-0.034861 12 8 0
-0.032874 12 -8 0
-0.006746 12 10 0
-0.062089 12 -10 0
0.027569 12 12 0
-0.001159 12 -12 0
0.001030 13 1 0
-0.046163 13 -1 0
-0.011427 13 3 0
-0.045247 13 -3 0
-0.018182 13 5 0
-0.029267 13 -5 0
0.036277 13 7 0
0.047167 13 -7 0
-0.019297 13 9 0
0.024157 13 -9 0
-0.026186 13 11 0
0.032858 13 -11 0
-0.019449 13 13 0
0.019890 13 -13 0
0.004176 14 0 0
0.003789 14 2 0
-0.004472 14 -2 0
-0.010757 14 4 0
-0.029524 14 -4 0
-0.010790 14 6 0
-0.012171 14 -6 0
0.011188 14 8 0
0.026175 14 -8 0
-0.013061 14 10 0
-0.045782 14 -10 0
0.014639 14 12 0
-0.012381 14 -12 0
0.003334 14 14 0
0.032809 14 -14 0
0.009146 15 1 0
-0.008252 15 -1 0
0.010938 15 3 0
0.001589 15 -3 0
-0.006936 15 5 0
-0.018808 15 -5 0
-0.006301 15 7 0
-0.028708 15 -7 0
0.011179 15 9 0
0.040937 15 -9 0
-0.017145 15 11 0
0.021083 15 -11 0
-0.015530 15 13 0
0.005671 15 -13 0
-0.005857 15 15 0
-0.009775 15 -15 0
-0.002643 16 0 0
0.003345 16 2 0
-0.008172 16 -2 0
0.009313 16 4 0
0.006668 16 -4 0
0.003699 16 6 0
0.004296 16 -6 0
-0.017038 16 8 0
-0.024482 16 -8 0
0.002303 16 10 0
-0.015247 16 -10 0
0.012872 16 12 0
-0.001738 16 -12 0
-0.000615 16 14 0
0.015031 16 -14 0
-0.000235 16 16 0
0.014885 16 -16 0
0.001776 17 1 0
-0.019788 17 -1 0
0.000286 17 3 0
-0.008684 17 -3 0
0.005552 17 5 0
0.003146 17 -5 0
0.011049 17 7 0
0.004291 17 -7 0
-0.010672 17 9 0
-0.001317 17 -9 0
-0.004215 17 11 0
0.013033 17 -11 0
-0.004424 17 13 0
0.007197 17 -13 0
-0.004203 17 15 0
-0.007501 17 -15 0
-0.000188 17 17 0
0.001820 17 -17 0
-0.004827 18 0 0
-0.001812 18 2 0
-0.007227 18 -2 0
-0.005396 18 4 0
-0.005893 18 -4 0
0.007307 18 6 0
0.013598 18 -6 0
0.003951 18 8 0
0.007495 18 -8 0
-0.013074 18 10 0
-0.022131 18 -10 0
0.004336 18 12 0
-0.002001 18 -12 0
0.003773 18 14 0
0.008582 18 -14 0
-0.003366 18 16 0
0.003110 18 -16 0
0.004425 18 18 0
-0.002340 18 -18 0
0.006426 19 1 0
-0.007461 19 -1 0
-0.001138 19 3 0
-0.008047 19 -3 0
-0.004215 19 5 0
-0.006520 19 -5 0
0.003850 19 7 0
0.008609 19 -7 0
0.007797 19 9 0
0.015787 19 -9 0
-0.011245 19 11 0
