0.007441 1 1 0
-0.025333 1 -1 0
0.078171 2 0 0
-0.028359 2 2 0
-0.106804 2 -2 0
0.035596 3 1 0
0.227287 3 -1 0
-0.008611 3 3 0
-0.054590 3 -3 0
0.079094 4 0 0
0.038420 4 2 0
0.263648 4 -2 0
-0.017044 4 4 0
-0.069400 4 -4 0
-0.009978 5 1 0
-0.050370 5 -1 0
0.056317 5 3 0
0.211518 5 -3 0
-0.028313 5 5 0
-0.035715 5 -5 0
-0.074589 6 0 0
-0.018645 6 2 0
-0.158734 6 -2 0
0.063481 6 4 0
0.167009 6 -4 0
-0.014755 6 6 0
0.016035 6 -6 0
-0.018633 7 1 0
-0.162050 7 -1 0
-0.037612 7 3 0
-0.178692 7 -3 0
0.044852 7 5 0
0.088701 7 -5 0
-0.010195 7 7 0
-0.034900 7 -7 0
0.024560 8 0 0
0.000639 8 2 0
-0.025145 8 -2 0
-0.043217 8 4 0
-0.169357 8 -4 0
0.031404 8 6 0
0.102317 8 -6 0
-0.013498 8 8 0
-0.000038 8 -8 0
0.012347 9 1 0
0.047132 9 -1 0
0.025186 9 3 0
0.045762 9 -3 0
-0.061669 9 5 0
-0.140359 9 -5 0
0.020157 9 7 0
0.020071 9 -7 0
-0.006399 9 9 0
0.077758 9 -9 0
0.019250 10 0 0
0.017070 10 2 0
0.049342 10 -2 0
0.032633 10 4 0
0.074359 10 -4 0
-0.042472 10 6 0
-0.060600 10 -6 0
-0.007161 10 8 0
-0.005158 10 -8 0
0.007406 10 10 0
-0.076046 10 -10 0
-0.004870 11 1 0
-0.067437 11 -1 0
0.019819 11 3 0
0.010105 11 -3 0
0.032117 11 5 0
0.058845 11 -5 0
-0.033117 11 7 0
-0.075641 11 -7 0
-0.002562 11 9 0
0.061499 11 -9 0
-0.031079 11 11 0
0.083939 11 -11 0
-0.019223 12 0 0
-0.011513 12 2 0
-0.057720 12 -2 0
0.009568 12 4 0
-0.011245 12 -4 0
0.033702 12 6 0
0.087260 12 -6 0
-0.033348 12 8 0
-0.037699 12 -8 0
0.002180 12 10 0
-0.077253 12 -10 0
0.018055 12 12 0
-0.008402 12 -12 0
-0.004655 13 1 0
-0.048777 13 -1 0
-0.006174 13 3 0
-0.044679 13 -3 0
-0.014877 13 5 0
-0.037029 13 -5 0
0.025361 13 7 0
0.034673 13 -7 0
-0.014461 13 9 0
0.029541 13 -9 0
-0.025809 13 11 0
0.043360 13 -11 0
-0.021833 13 13 0
0.022206 13 -13 0
0.007972 14 0 0
-0.001217 14 2 0
0.000626 14 -2 0
-0.011204 14 4 0
-0.027161 14 -4 0
-0.011044 14 6 0
-0.010593 14 -6 0
0.013537 14 8 0
0.023940 14 -8 0
-0.007848 14 10 0
-0.054398 14 -10 0
0.005110 14 12 0
-0.017100 14 -12 0
0.003444 14 14 0
0.024721 14 -14 0
0.004487 15 1 0
-0.011249 15 -1 0
0.013259 15 3 0
0.004870 15 -3 0
-0.005031 15 5 0
-0.023287 15 -5 0
-0.014374 15 7 0
-0.040038 15 -7 0
0.013389 15 9 0
0.046870 15 -9 0
-0.017606 15 11 0
0.027284 15 -11 0
-0.016272 15 13 0
0.006809 15 -13 0
-0.003369 15 15 0
-0.006797 15 -15 0
-0.000099 16 0 0
-0.000473 16 2 0
-0.005637 16 -2 0
0.010382 16 4 0
0.008190 16 -4 0
0.003999 16 6 0
0.005592 16 -6 0
-0.015279 16 8 0
-0.024564 16 -8 0
0.004631 16 10 0
-0.020920 16 -10 0
0.007100 16 12 0
-0.002638 16 -12 0
-0.002864 16 14 0
0.012085 16 -14 0
0.010129 16 16 0
0.006955 16 -16 0
-0.001076 17 1 0
-0.021809 17 -1 0
0.001347 17 3 0
-0.007929 17 -3 0
0.007840 17 5 0
-0.000553 17 -5 0
0.006595 17 7 0
-0.003626 17 -7 0
-0.009283 17 9 0
0.000090 17 -9 0
-0.002331 17 11 0
0.015480 17 -11 0
-0.004011 17 13 0
0.008325 17 -13 0
-0.004809 17 15 0
-0.006896 17 -15 0
-0.004478 17 17 0
0.004979 17 -17 0
-0.003504 18 0 0
-0.003955 18 2 0
-0.006974 18 -2 0
-0.004942 18 4 0
-0.004046 18 -4 0
0.007586 18 6 0
0.014011 18 -6 0
0.003827 18 8 0
0.008573 18 -8 0
-0.011506 18 10 0
-0.023770 18 -10 0
0.001430 18 12 0
-0.003864 18 -12 0
0.002710 18 14 0
0.008037 18 -14 0
0.001803 18 16 0
0.004353 18 -16 0
0.000878 18 18 0
-0.003621 18 -18 0
0.003244 19 1 0
-0.009555 19 -1 0
0.000572 19 3 0
-0.005723 19 -3 0
-0.002520 19 5 0
-0.007811 19 -5 0
-0.000021 19 7 0
0.003688 19 -7 0
0.007366 19 9 0
0.017228 19 -9 0
-0.011294 19 11 0
