-0.023821 1 1 0
0.402983 1 -1 0
-0.068632 2 0 0
0.000815 2 2 0
-0.109229 2 -2 0
0.362768 3 1 0
0.044478 3 -1 0
0.074641 3 3 0
0.008178 3 -3 0
-0.066556 4 0 0
-0.048900 4 2 0
0.382459 4 -2 0
-0.039678 4 4 0
0.041860 4 -4 0
-0.130262 5 1 0
-0.012643 5 -1 0
-0.316913 5 3 0
-0.061408 5 -3 0
-0.023475 5 5 0
0.009307 5 -5 0
0.162470 6 0 0
0.024256 6 2 0
-0.318147 6 -2 0
0.030894 6 4 0
-0.210978 6 -4 0
0.001666 6 6 0
0.041457 6 -6 0
-0.172671 7 1 0
-0.036754 7 -1 0
0.323241 7 3 0
0.032357 7 -3 0
0.169488 7 5 0
0.035032 7 -5 0
-0.007791 7 7 0
-0.016294 7 -7 0
-0.014583 8 0 0
-0.010292 8 2 0
0.002552 8 -2 0
-0.064189 8 4 0
0.265717 8 -4 0
-0.041549 8 6 0
0.143833 8 -6 0
0.076382 8 8 0
-0.020904 8 -8 0
0.123073 9 1 0
-0.020903 9 -1 0
-0.107749 9 3 0
-0.040962 9 -3 0
-0.192922 9 5 0
-0.033028 9 -5 0
-0.057433 9 7 0
-0.029800 9 -7 0
-0.005304 9 9 0
0.019441 9 -9 0
0.014461 10 0 0
-0.012727 10 2 0
0.016219 10 -2 0
0.023733 10 4 0
-0.145780 10 -4 0
0.029494 10 6 0
-0.077809 10 -6 0
0.071692 10 8 0
-0.034589 10 -8 0
0.000430 10 10 0
-0.034556 10 -10 0
-0.093128 11 1 0
-0.062680 11 -1 0
0.038777 11 3 0
-0.026319 11 -3 0
0.141958 11 5 0
0.037756 11 -5 0
0.064379 11 7 0
-0.000376 11 -7 0
-0.004031 11 9 0
0.004356 11 -9 0
-0.042210 11 11 0
-0.032749 11 -11 0
0.045754 12 0 0
0.010144 12 2 0
-0.134564 12 -2 0
-0.011037 12 4 0
0.048765 12 -4 0
-0.038509 12 6 0
0.147811 12 -6 0
0.041991 12 8 0
0.020815 12 -8 0
0.028593 12 10 0
-0.064966 12 -10 0
-0.099735 12 12 0
-0.065312 12 -12 0
0.001575 13 1 0
-0.044458 13 -1 0
0.083660 13 3 0
-0.008713 13 -3 0
-0.068772 13 5 0
-0.018595 13 -5 0
-0.100185 13 7 0
-0.056267 13 -7 0
-0.001553 13 9 0
-0.014303 13 -9 0
0.018793 13 11 0
-0.018182 13 -11 0
-0.018131 13 13 0
0.010359 13 -13 0
-0.010786 14 0 0
-0.000688 14 2 0
-0.009043 14 -2 0
-0.011152 14 4 0
0.032489 14 -4 0
0.014894 14 6 0
-0.035456 14 -6 0
0.059013 14 8 0
-0.069167 14 -8 0
0.021195 14 10 0
-0.042734 14 -10 0
-0.072646 14 12 0
-0.022709 14 -12 0
-0.069938 14 14 0
-0.005162 14 -14 0
0.020726 15 1 0
-0.038712 15 -1 0
-0.005018 15 3 0
-0.017393 15 -3 0
-0.010924 15 5 0
0.004519 15 -5 0
0.035511 15 7 0
-0.007502 15 -7 0
0.048350 15 9 0
0.006313 15 -9 0
0.008619 15 11 0
-0.016779 15 -11 0
-0.013189 15 13 0
0.002916 15 -13 0
-0.002662 15 15 0
0.006515 15 -15 0
0.006671 16 0 0
-0.000646 16 2 0
-0.035235 16 -2 0
0.006702 16 4 0
-0.017282 16 -4 0
-0.002736 16 6 0
0.030042 16 -6 0
0.010362 16 8 0
0.021554 16 -8 0
0.010701 16 10 0
-0.021384 16 -10 0
-0.026395 16 12 0
-0.021476 16 -12 0
-0.032280 16 14 0
-0.000858 16 -14 0
0.009877 16 16 0
0.022463 16 -16 0
-0.007929 17 1 0
-0.021329 17 -1 0
0.028398 17 3 0
-0.002978 17 -3 0
0.010584 17 5 0
0.000027 17 -5 0
-0.036299 17 7 0
-0.024974 17 -7 0
-0.001643 17 9 0
-0.013839 17 -9 0
0.015720 17 11 0
-0.010911 17 -11 0
0.004079 17 13 0
0.003307 17 -13 0
-0.003331 17 15 0
0.000482 17 -15 0
-0.007869 17 17 0
0.007605 17 -17 0
-0.000873 18 0 0
-0.001603 18 2 0
-0.018782 18 -2 0
-0.005955 18 4 0
0.018265 18 -4 0
-0.002126 18 6 0
0.019644 18 -6 0
0.019860 18 8 0
-0.035844 18 -8 0
0.016785 18 10 0
-0.027308 18 -10 0
-0.010089 18 12 0
-0.002457 18 -12 0
-0.016605 18 14 0
0.007183 18 -14 0
0.002378 18 16 0
0.010615 18 -16 0
0.007643 18 18 0
0.010383 18 -18 0
0.011299 19 1 0
-0.012255 19 -1 0
0.006425 19 3 0
-0.003457 19 -3 0
-0.015631 19 5 0
-0.000900 19 -5 0
-0.009861 19 7 0
-0.007177 19 -7 0
0.033999 19 9 0
0.008421 19 -9 0
0.012128 19 11 0
