-0.053384 1 1 0
0.384926 1 -1 0
-0.055210 2 0 0
0.011341 2 2 0
-0.132085 2 -2 0
0.383877 3 1 0
0.053399 3 -1 0
0.078654 3 3 0
0.016281 3 -3 0
-0.064491 4 0 0
-0.053075 4 2 0
0.393430 4 -2 0
-0.023005 4 4 0
0.047810 4 -4 0
-0.143484 5 1 0
-0.001719 5 -1 0
-0.313997 5 3 0
-0.085781 5 -3 0
-0.026080 5 5 0
0.028726 5 -5 0
0.166615 6 0 0
0.016362 6 2 0
-0.328305 6 -2 0
0.028138 6 4 0
-0.224285 6 -4 0
0.001649 6 6 0
0.049052 6 -6 0
-0.169363 7 1 0
-0.029514 7 -1 0
0.324526 7 3 0
0.021671 7 -3 0
0.171050 7 5 0
0.045342 7 -5 0
-0.009063 7 7 0
-0.027638 7 -7 0
-0.010275 8 0 0
-0.014440 8 2 0
-0.005668 8 -2 0
-0.066725 8 4 0
0.265942 8 -4 0
-0.037886 8 6 0
0.149793 8 -6 0
0.067941 8 8 0
-0.019325 8 -8 0
0.122554 9 1 0
-0.009373 9 -1 0
-0.104372 9 3 0
-0.056799 9 -3 0
-0.195449 9 5 0
-0.020477 9 -5 0
-0.062855 9 7 0
-0.038650 9 -7 0
0.001600 9 9 0
0.020615 9 -9 0
0.016932 10 0 0
-0.015683 10 2 0
0.009087 10 -2 0
0.022005 10 4 0
-0.153383 10 -4 0
0.029774 10 6 0
-0.075667 10 -6 0
0.060158 10 8 0
-0.035762 10 -8 0
0.029085 10 10 0
-0.021041 10 -10 0
-0.092980 11 1 0
-0.052489 11 -1 0
0.040342 11 3 0
-0.037907 11 -3 0
0.139892 11 5 0
0.048402 11 -5 0
0.060859 11 7 0
-0.010192 11 -7 0
0.000689 11 9 0
0.009383 11 -9 0
-0.050858 11 11 0
-0.057032 11 -11 0
0.043653 12 0 0
0.006279 12 2 0
-0.141580 12 -2 0
-0.015731 12 4 0
0.043044 12 -4 0
-0.039168 12 6 0
0.146727 12 -6 0
0.029638 12 8 0
0.019607 12 -8 0
0.047874 12 10 0
-0.055748 12 -10 0
-0.109975 12 12 0
-0.044557 12 -12 0
0.000683 13 1 0
-0.034338 13 -1 0
0.088409 13 3 0
-0.017416 13 -3 0
-0.070982 13 5 0
-0.008250 13 -5 0
-0.102835 13 7 0
-0.062646 13 -7 0
0.001841 13 9 0
-0.012258 13 -9 0
0.011491 13 11 0
-0.034058 13 -11 0
0.009935 13 13 0
0.009065 13 -13 0
-0.010729 14 0 0
-0.002792 14 2 0
-0.015776 14 -2 0
-0.016161 14 4 0
0.027996 14 -4 0
0.014317 14 6 0
-0.036388 14 -6 0
0.052348 14 8 0
-0.072172 14 -8 0
0.033482 14 10 0
-0.036594 14 -10 0
-0.080334 14 12 0
-0.010157 14 -12 0
-0.075595 14 14 0
-0.000300 14 -14 0
0.019007 15 1 0
-0.031664 15 -1 0
-0.001080 15 3 0
-0.021204 15 -3 0
-0.013664 15 5 0
0.011344 15 -5 0
0.033802 15 7 0
-0.010561 15 -7 0
0.050020 15 9 0
0.008713 15 -9 0
0.002689 15 11 0
-0.026429 15 -11 0
-0.001257 15 13 0
0.002888 15 -13 0
-0.001970 15 15 0
0.010403 15 -15 0
0.004676 16 0 0
-0.002825 16 2 0
-0.039159 16 -2 0
0.003166 16 4 0
-0.020523 16 -4 0
-0.003887 16 6 0
0.026918 16 -6 0
0.004707 16 8 0
0.019198 16 -8 0
0.015599 16 10 0
-0.018367 16 -10 0
-0.029910 16 12 0
-0.016383 16 -12 0
-0.035804 16 14 0
0.001692 16 -14 0
0.001599 16 16 0
0.025224 16 -16 0
-0.011026 17 1 0
-0.017509 17 -1 0
0.030911 17 3 0
-0.005164 17 -3 0
0.006272 17 5 0
0.005260 17 -5 0
-0.035676 17 7 0
-0.026988 17 -7 0
-0.000228 17 9 0
-0.013563 17 -9 0
0.013026 17 11 0
-0.013981 17 -11 0
0.008092 17 13 0
0.004773 17 -13 0
-0.002643 17 15 0
0.001771 17 -15 0
-0.008536 17 17 0
0.006427 17 -17 0
-0.001487 18 0 0
-0.002479 18 2 0
-0.021763 18 -2 0
-0.009344 18 4 0
0.016936 18 -4 0
-0.002130 18 6 0
0.018166 18 -6 0
0.016395 18 8 0
-0.035891 18 -8 0
0.018466 18 10 0
-0.026404 18 -10 0
-0.013305 18 12 0
-0.002585 18 -12 0
-0.019747 18 14 0
0.006674 18 -14 0
-0.003033 18 16 0
0.009863 18 -16 0
0.009100 18 18 0
0.007172 18 -18 0
0.010205 19 1 0
-0.009818 19 -1 0
0.007891 19 3 0
-0.003681 19 -3 0
-0.018304 19 5 0
0.000728 19 -5 0
-0.010613 19 7 0
-0.006647 19 -7 0
0.034709 19 9 0
0.009146 19 -9 0
0.010999 19 11 0
