0.007806 1 1 0
0.386066 1 -1 0
-0.053345 2 0 0
-0.017283 2 2 0
-0.107015 2 -2 0
0.355929 3 1 0
0.046078 3 -1 0
0.073976 3 3 0
0.031324 3 -3 0
-0.070004 4 0 0
-0.033644 4 2 0
0.381562 4 -2 0
-0.021040 4 4 0
0.037712 4 -4 0
-0.130945 5 1 0
-0.003102 5 -1 0
-0.323430 5 3 0
-0.080116 5 -3 0
-0.031186 5 5 0
0.013547 5 -5 0
0.169054 6 0 0
0.033068 6 2 0
-0.316062 6 -2 0
0.024233 6 4 0
-0.222142 6 -4 0
-0.003666 6 6 0
0.031130 6 -6 0
-0.163713 7 1 0
-0.034616 7 -1 0
0.325524 7 3 0
0.021154 7 -3 0
0.165450 7 5 0
0.037646 7 -5 0
-0.006814 7 7 0
-0.006392 7 -7 0
-0.009703 8 0 0
0.000605 8 2 0
0.012894 8 -2 0
-0.059201 8 4 0
0.264256 8 -4 0
-0.042242 8 6 0
0.133247 8 -6 0
0.062383 8 8 0
-0.013090 8 -8 0
0.125150 9 1 0
-0.018760 9 -1 0
-0.109503 9 3 0
-0.049424 9 -3 0
-0.204792 9 5 0
-0.031073 9 -5 0
-0.052019 9 7 0
-0.023023 9 -7 0
0.000804 9 9 0
0.014205 9 -9 0
0.023111 10 0 0
-0.002416 10 2 0
0.023716 10 -2 0
0.027536 10 4 0
-0.148955 10 -4 0
0.027331 10 6 0
-0.085408 10 -6 0
0.056435 10 8 0
-0.028031 10 -8 0
0.009076 10 10 0
-0.025457 10 -10 0
-0.086500 11 1 0
-0.059300 11 -1 0
0.037818 11 3 0
-0.030734 11 -3 0
0.136339 11 5 0
0.043696 11 -5 0
0.066492 11 7 0
0.002948 11 -7 0
0.001866 11 9 0
0.004500 11 -9 0
-0.040830 11 11 0
-0.061328 11 -11 0
0.047893 12 0 0
0.017841 12 2 0
-0.130665 12 -2 0
-0.011263 12 4 0
0.044614 12 -4 0
-0.041432 12 6 0
0.141922 12 -6 0
0.027952 12 8 0
0.025332 12 -8 0
0.033237 12 10 0
-0.056869 12 -10 0
-0.094964 12 12 0
-0.068395 12 -12 0
0.003210 13 1 0
-0.040697 13 -1 0
0.086571 13 3 0
-0.009727 13 -3 0
-0.075453 13 5 0
-0.013568 13 -5 0
-0.095920 13 7 0
-0.051105 13 -7 0
0.001970 13 9 0
-0.013380 13 -9 0
0.020196 13 11 0
-0.035335 13 -11 0
-0.015285 13 13 0
-0.000980 13 -13 0
-0.007013 14 0 0
0.005311 14 2 0
-0.005783 14 -2 0
-0.010123 14 4 0
0.031415 14 -4 0
0.012141 14 6 0
-0.040797 14 -6 0
0.050643 14 8 0
-0.067158 14 -8 0
0.024737 14 10 0
-0.037099 14 -10 0
-0.071232 14 12 0
-0.023650 14 -12 0
-0.061299 14 14 0
-0.020474 14 -14 0
0.024009 15 1 0
-0.035173 15 -1 0
-0.000839 15 3 0
-0.017073 15 -3 0
-0.015837 15 5 0
0.008215 15 -5 0
0.037291 15 7 0
-0.003537 15 -7 0
0.050142 15 9 0
0.008732 15 -9 0
0.007877 15 11 0
-0.026010 15 -11 0
-0.012281 15 13 0
-0.000957 15 -13 0
-0.006613 15 15 0
-0.000387 15 -15 0
0.007847 16 0 0
0.003469 16 2 0
-0.033534 16 -2 0
0.006460 16 4 0
-0.020087 16 -4 0
-0.005920 16 6 0
0.026786 16 -6 0
0.004886 16 8 0
0.022783 16 -8 0
0.013366 16 10 0
-0.016649 16 -10 0
-0.024091 16 12 0
-0.021163 16 -12 0
-0.027603 16 14 0
-0.009153 16 -14 0
0.007292 16 16 0
0.017155 16 -16 0
-0.007404 17 1 0
-0.020463 17 -1 0
0.031615 17 3 0
-0.002472 17 -3 0
0.006652 17 5 0
0.002855 17 -5 0
-0.034637 17 7 0
-0.023150 17 -7 0
-0.001137 17 9 0
-0.013713 17 -9 0
0.016023 17 11 0
-0.014538 17 -11 0
0.003636 17 13 0
0.001960 17 -13 0
-0.003539 17 15 0
-0.000546 17 -15 0
-0.002614 17 17 0
0.007843 17 -17 0
0.000258 18 0 0
0.000750 18 2 0
-0.017980 18 -2 0
-0.005832 18 4 0
0.018100 18 -4 0
-0.003354 18 6 0
0.018257 18 -6 0
0.016602 18 8 0
-0.034820 18 -8 0
0.018011 18 10 0
-0.026411 18 -10 0
-0.010298 18 12 0
-0.003471 18 -12 0
-0.015285 18 14 0
0.002634 18 -14 0
0.000676 18 16 0
0.007013 18 -16 0
0.008724 18 18 0
0.003140 18 -18 0
0.012002 19 1 0
-0.010602 19 -1 0
0.008875 19 3 0
-0.002376 19 -3 0
-0.017777 19 5 0
-0.000902 19 -5 0
-0.008820 19 7 0
-0.005535 19 -7 0
0.035805 19 9 0
0.009063 19 -9 0
0.011591 19 11 0
