0.009357 1 1 0
-0.040632 1 -1 0
-0.063976 2 0 0
0.015655 2 2 0
-0.000263 2 -2 0
-0.044858 3 1 0
0.017692 3 -1 0
-0.009645 3 3 0
-0.006655 3 -3 0
0.085974 4 0 0
0.002471 4 2 0
0.017421 4 -2 0
0.006621 4 4 0
0.013082 4 -4 0
0.018145 5 1 0
-0.006512 5 -1 0
-0.002455 5 3 0
-0.000927 5 -3 0
0.005710 5 5 0
0.009374 5 -5 0
-0.108056 6 0 0
0.005031 6 2 0
-0.015732 6 -2 0
-0.010633 6 4 0
0.002606 6 -4 0
-0.004393 6 6 0
-0.006833 6 -6 0
-0.038679 7 1 0
0.029416 7 -1 0
-0.007233 7 3 0
-0.000355 7 -3 0
-0.002178 7 5 0
-0.011871 7 -5 0
0.007474 7 7 0
0.003723 7 -7 0
0.074150 8 0 0
0.013618 8 2 0
0.010366 8 -2 0
0.004034 8 4 0
0.009324 8 -4 0
-0.006751 8 6 0
0.009329 8 -6 0
-0.002696 8 8 0
-0.007418 8 -8 0
0.017935 9 1 0
-0.006589 9 -1 0
-0.002827 9 3 0
-0.003501 9 -3 0
0.000738 9 5 0
-0.001544 9 -5 0
0.009129 9 7 0
-0.001070 9 -7 0
-0.004588 9 9 0
0.002565 9 -9 0
-0.066283 10 0 0
0.003693 10 2 0
-0.009126 10 -2 0
-0.006083 10 4 0
0.023285 10 -4 0
-0.008043 10 6 0
0.002579 10 -6 0
-0.001772 10 8 0
-0.002659 10 -8 0
0.000774 10 10 0
-0.001869 10 -10 0
-0.035752 11 1 0
0.022803 11 -1 0
-0.006068 11 3 0
-0.002648 11 -3 0
0.004635 11 5 0
-0.006779 11 -5 0
0.005751 11 7 0
0.001729 11 -7 0
-0.007151 11 9 0
0.000358 11 -9 0
-0.001942 11 11 0
0.003168 11 -11 0
0.028129 12 0 0
0.011626 12 2 0
0.008129 12 -2 0
0.001312 12 4 0
0.001376 12 -4 0
-0.005639 12 6 0
0.003524 12 -6 0
-0.002056 12 8 0
-0.004393 12 -8 0
0.002608 12 10 0
-0.000423 12 -10 0
0.005107 12 12 0
0.005633 12 -12 0
0.006336 13 1 0
0.001957 13 -1 0
-0.000558 13 3 0
0.000262 13 -3 0
-0.004188 13 5 0
0.000874 13 -5 0
0.006632 13 7 0
0.000784 13 -7 0
-0.007817 13 9 0
0.002975 13 -9 0
-0.001753 13 11 0
-0.000562 13 -11 0
-0.004970 13 13 0
0.002094 13 -13 0
-0.026397 14 0 0
0.001873 14 2 0
-0.005829 14 -2 0
-0.003271 14 4 0
0.021259 14 -4 0
-0.004002 14 6 0
0.005421 14 -6 0
0.000124 14 8 0
-0.001951 14 -8 0
0.001763 14 10 0
0.001927 14 -10 0
0.008645 14 12 0
0.004310 14 -12 0
0.003461 14 14 0
0.002604 14 -14 0
-0.019410 15 1 0
0.011636 15 -1 0
-0.004720 15 3 0
-0.002360 15 -3 0
0.004191 15 5 0
-0.004040 15 -5 0
0.004284 15 7 0
0.000836 15 -7 0
-0.005710 15 9 0
-0.000297 15 -9 0
0.000735 15 11 0
0.002724 15 -11 0
-0.001381 15 13 0
0.001638 15 -13 0
0.004899 15 15 0
0.002688 15 -15 0
0.008211 16 0 0
0.006850 16 2 0
0.004694 16 -2 0
-0.000071 16 4 0
-0.000693 16 -4 0
-0.003753 16 6 0
0.002094 16 -6 0
-0.001602 16 8 0
-0.002033 16 -8 0
0.002242 16 10 0
-0.001665 16 -10 0
0.003070 16 12 0
0.004053 16 -12 0
0.000793 16 14 0
0.002192 16 -14 0
0.003153 16 16 0
0.000163 16 -16 0
0.001803 17 1 0
0.001674 17 -1 0
0.002049 17 3 0
0.001049 17 -3 0
-0.002858 17 5 0
0.000319 17 -5 0
0.002352 17 7 0
-0.001021 17 -7 0
-0.003959 17 9 0
0.000734 17 -9 0
0.001318 17 11 0
-0.000716 17 -11 0
-0.001359 17 13 0
0.002088 17 -13 0
0.002186 17 15 0
-0.000351 17 -15 0
-0.000773 17 17 0
0.002290 17 -17 0
-0.009009 18 0 0
0.001291 18 2 0
-0.004023 18 -2 0
-0.000290 18 4 0
0.010097 18 -4 0
-0.001077 18 6 0
0.001273 18 -6 0
0.000557 18 8 0
-0.001093 18 -8 0
0.001230 18 10 0
0.000811 18 -10 0
0.004226 18 12 0
0.001630 18 -12 0
0.001032 18 14 0
0.002239 18 -14 0
-0.000237 18 16 0
0.000303 18 -16 0
-0.001221 18 18 0
0.002940 18 -18 0
-0.006933 19 1 0
0.004874 19 -1 0
-0.003742 19 3 0
-0.002237 19 -3 0
0.002519 19 5 0
-0.001526 19 -5 0
0.002019 19 7 0
0.000532 19 -7 0
-0.001975 19 9 0
-0.001693 19 -9 0
-0.000013 19 11 0
