0.022773 1 1 0
-0.006861 1 -1 0
-0.077123 2 0 0
-0.006990 2 2 0
0.007410 2 -2 0
-0.030027 3 1 0
0.008615 3 -1 0
-0.012040 3 3 0
0.004792 3 -3 0
0.098590 4 0 0
0.013454 4 2 0
-0.016297 4 -2 0
0.006452 4 4 0
-0.005349 4 -4 0
0.030702 5 1 0
-0.005440 5 -1 0
-0.010839 5 3 0
-0.007734 5 -3 0
0.003495 5 5 0
-0.003743 5 -5 0
-0.113243 6 0 0
0.003980 6 2 0
0.001034 6 -2 0
0.000623 6 4 0
0.002137 6 -4 0
-0.002756 6 6 0
-0.001454 6 -6 0
-0.049025 7 1 0
0.028990 7 -1 0
-0.006824 7 3 0
0.005266 7 -3 0
-0.004142 7 5 0
-0.004415 7 -5 0
0.002264 7 7 0
0.002756 7 -7 0
0.077109 8 0 0
0.013912 8 2 0
-0.001487 8 -2 0
0.005055 8 4 0
0.005936 8 -4 0
0.002646 8 6 0
0.000332 8 -6 0
0.001658 8 8 0
0.001744 8 -8 0
0.022745 9 1 0
-0.010820 9 -1 0
-0.006384 9 3 0
-0.003205 9 -3 0
-0.005466 9 5 0
-0.003043 9 -5 0
0.006369 9 7 0
-0.001092 9 -7 0
-0.007167 9 9 0
-0.000068 9 -9 0
-0.065590 10 0 0
0.003273 10 2 0
-0.012111 10 -2 0
-0.001208 10 4 0
0.013306 10 -4 0
-0.003819 10 6 0
0.003078 10 -6 0
0.004523 10 8 0
0.003616 10 -8 0
0.009053 10 10 0
0.003400 10 -10 0
-0.040423 11 1 0
0.020730 11 -1 0
-0.007462 11 3 0
-0.003387 11 -3 0
-0.003287 11 5 0
-0.002972 11 -5 0
0.002920 11 7 0
-0.002038 11 -7 0
-0.010230 11 9 0
-0.006136 11 -9 0
-0.000541 11 11 0
-0.006101 11 -11 0
0.029240 12 0 0
0.013641 12 2 0
0.003524 12 -2 0
0.004047 12 4 0
-0.001180 12 -4 0
-0.000235 12 6 0
0.001780 12 -6 0
0.004963 12 8 0
0.000798 12 -8 0
0.005350 12 10 0
0.004460 12 -10 0
0.005267 12 12 0
0.011650 12 -12 0
0.008557 13 1 0
-0.002861 13 -1 0
-0.002644 13 3 0
0.000543 13 -3 0
-0.006585 13 5 0
-0.002636 13 -5 0
0.004928 13 7 0
-0.000303 13 -7 0
-0.008007 13 9 0
-0.000657 13 -9 0
-0.000930 13 11 0
-0.006890 13 -11 0
-0.004890 13 13 0
-0.004531 13 -13 0
-0.027178 14 0 0
0.003332 14 2 0
-0.008523 14 -2 0
-0.000710 14 4 0
0.014975 14 -4 0
0.000662 14 6 0
0.002825 14 -6 0
0.005404 14 8 0
0.003460 14 -8 0
0.006373 14 10 0
0.004563 14 -10 0
0.006871 14 12 0
0.008327 14 -12 0
0.000480 14 14 0
0.004774 14 -14 0
-0.022118 15 1 0
0.009435 15 -1 0
-0.005469 15 3 0
-0.004159 15 -3 0
0.000297 15 5 0
-0.003108 15 -5 0
0.005107 15 7 0
-0.000903 15 -7 0
-0.006846 15 9 0
-0.003251 15 -9 0
0.003827 15 11 0
-0.001922 15 -11 0
-0.002921 15 13 0
-0.003500 15 -13 0
0.005531 15 15 0
-0.002573 15 -15 0
0.008190 16 0 0
0.007155 16 2 0
0.001525 16 -2 0
0.001929 16 4 0
-0.002377 16 -4 0
-0.001367 16 6 0
0.000303 16 -6 0
0.000875 16 8 0
0.001774 16 -8 0
0.003445 16 10 0
0.001041 16 -10 0
0.003522 16 12 0
0.006416 16 -12 0
-0.001358 16 14 0
0.004633 16 -14 0
-0.000277 16 16 0
0.003188 16 -16 0
0.002092 17 1 0
-0.000669 17 -1 0
0.001032 17 3 0
0.001111 17 -3 0
-0.003655 17 5 0
-0.001969 17 -5 0
0.002419 17 7 0
0.000041 17 -7 0
-0.003484 17 9 0
-0.001367 17 -9 0
0.002608 17 11 0
-0.002537 17 -11 0
-0.001139 17 13 0
-0.000181 17 -13 0
0.002409 17 15 0
-0.001407 17 -15 0
-0.001414 17 17 0
-0.001136 17 -17 0
-0.009018 18 0 0
0.002796 18 2 0
-0.004355 18 -2 0
-0.000245 18 4 0
0.007063 18 -4 0
0.000836 18 6 0
0.000253 18 -6 0
0.003010 18 8 0
0.001487 18 -8 0
0.002465 18 10 0
0.000349 18 -10 0
0.004129 18 12 0
0.002282 18 -12 0
0.000327 18 14 0
0.002047 18 -14 0
-0.000979 18 16 0
0.001435 18 -16 0
-0.001184 18 18 0
0.001400 18 -18 0
-0.007736 19 1 0
0.003908 19 -1 0
-0.005761 19 3 0
-0.003037 19 -3 0
0.000598 19 5 0
-0.001486 19 -5 0
0.002872 19 7 0
0.000017 19 -7 0
-0.000248 19 9 0
-0.001730 19 -9 0
0.001386 19 11 0
