0.007897 1 1 0
0.100214 1 -1 0
-0.100501 2 0 0
-0.006521 2 2 0
-0.015742 2 -2 0
-0.035707 3 1 0
-0.025413 3 -1 0
-0.018360 3 3 0
0.008086 3 -3 0
0.103056 4 0 0
0.008809 4 2 0
0.000823 4 -2 0
0.018415 4 4 0
0.004129 4 -4 0
0.032442 5 1 0
-0.004147 5 -1 0
0.006315 5 3 0
-0.007340 5 -3 0
0.003207 5 5 0
-0.008995 5 -5 0
-0.112655 6 0 0
-0.000693 6 2 0
-0.004398 6 -2 0
-0.012225 6 4 0
0.002118 6 -4 0
-0.012050 6 6 0
0.007699 6 -6 0
-0.048565 7 1 0
0.027285 7 -1 0
-0.005140 7 3 0
0.001169 7 -3 0
0.006750 7 5 0
-0.007856 7 -5 0
0.017025 7 7 0
0.001046 7 -7 0
0.075600 8 0 0
0.012009 8 2 0
0.003030 8 -2 0
0.002738 8 4 0
0.008545 8 -4 0
-0.008550 8 6 0
0.006616 8 -6 0
-0.013992 8 8 0
-0.005472 8 -8 0
0.026318 9 1 0
-0.017249 9 -1 0
-0.000283 9 3 0
-0.004445 9 -3 0
0.000054 9 5 0
-0.005926 9 -5 0
0.015948 9 7 0
-0.005497 9 -7 0
0.000900 9 9 0
0.002945 9 -9 0
-0.066868 10 0 0
-0.002962 10 2 0
-0.009975 10 -2 0
-0.005355 10 4 0
0.017172 10 -4 0
-0.009149 10 6 0
0.003586 10 -6 0
-0.006987 10 8 0
-0.002001 10 -8 0
-0.002263 10 10 0
-0.007325 10 -10 0
-0.036959 11 1 0
0.021474 11 -1 0
-0.003230 11 3 0
-0.006165 11 -3 0
0.005743 11 5 0
-0.006403 11 -5 0
0.011402 11 7 0
-0.001845 11 -7 0
-0.003398 11 9 0
0.002047 11 -9 0
0.000510 11 11 0
0.007004 11 -11 0
0.028363 12 0 0
0.010073 12 2 0
0.002161 12 -2 0
-0.001953 12 4 0
-0.003082 12 -4 0
-0.007036 12 6 0
0.003061 12 -6 0
-0.004451 12 8 0
-0.003458 12 -8 0
-0.001364 12 10 0
-0.003021 12 -10 0
0.003338 12 12 0
0.000710 12 -12 0
0.009013 13 1 0
-0.006119 13 -1 0
0.002810 13 3 0
0.001273 13 -3 0
-0.001953 13 5 0
-0.001955 13 -5 0
0.012816 13 7 0
-0.002969 13 -7 0
-0.004282 13 9 0
0.002089 13 -9 0
-0.000511 13 11 0
0.000099 13 -11 0
-0.006625 13 13 0
0.005446 13 -13 0
-0.027140 14 0 0
-0.000773 14 2 0
-0.007679 14 -2 0
-0.001761 14 4 0
0.015590 14 -4 0
-0.002895 14 6 0
0.004875 14 -6 0
-0.004494 14 8 0
-0.000411 14 -8 0
-0.000815 14 10 0
0.000646 14 -10 0
0.004790 14 12 0
0.001264 14 -12 0
0.006513 14 14 0
-0.003483 14 -14 0
-0.018656 15 1 0
0.008941 15 -1 0
-0.001434 15 3 0
-0.003342 15 -3 0
0.005510 15 5 0
-0.004757 15 -5 0
0.008758 15 7 0
-0.001324 15 -7 0
-0.003772 15 9 0
0.000996 15 -9 0
0.002659 15 11 0
0.002798 15 -11 0
-0.002728 15 13 0
0.000676 15 -13 0
0.001350 15 15 0
0.001603 15 -15 0
0.006538 16 0 0
0.004937 16 2 0
0.000767 16 -2 0
-0.000324 16 4 0
-0.002817 16 -4 0
-0.004081 16 6 0
-0.000059 16 -6 0
-0.001419 16 8 0
-0.000134 16 -8 0
0.000045 16 10 0
-0.003200 16 -10 0
0.002134 16 12 0
0.002175 16 -12 0
0.001823 16 14 0
-0.001244 16 -14 0
0.003914 16 16 0
-0.002600 16 -16 0
0.003875 17 1 0
-0.001022 17 -1 0
0.002112 17 3 0
0.001272 17 -3 0
-0.001496 17 5 0
-0.000115 17 -5 0
0.004450 17 7 0
-0.001351 17 -7 0
-0.002604 17 9 0
0.000497 17 -9 0
0.001410 17 11 0
-0.000261 17 -11 0
-0.001349 17 13 0
0.002643 17 -13 0
0.002348 17 15 0
-0.000746 17 -15 0
-0.004256 17 17 0
-0.001464 17 -17 0
-0.010304 18 0 0
0.001235 18 2 0
-0.004687 18 -2 0
-0.000417 18 4 0
0.006847 18 -4 0
-0.000941 18 6 0
0.002548 18 -6 0
-0.000735 18 8 0
-0.000193 18 -8 0
-0.000739 18 10 0
0.000418 18 -10 0
0.002672 18 12 0
0.001348 18 -12 0
0.003173 18 14 0
-0.000330 18 -14 0
0.002539 18 16 0
-0.000508 18 -16 0
0.000396 18 18 0
-0.000813 18 -18 0
-0.007037 19 1 0
0.001912 19 -1 0
-0.003657 19 3 0
-0.002879 19 -3 0
0.002349 19 5 0
-0.002259 19 -5 0
0.004256 19 7 0
-0.001144 19 -7 0
-0.000792 19 9 0
-0.001156 19 -9 0
0.001410 19 11 0
