0.014880 1 1 0
0.084593 1 -1 0
-0.030882 2 0 0
0.000278 2 2 0
0.049728 2 -2 0
-0.003479 3 1 0
-0.013441 3 -1 0
-0.023552 3 3 0
-0.007850 3 -3 0
0.006007 4 0 0
0.005637 4 2 0
-0.020220 4 -2 0
-0.005437 4 4 0
0.008297 4 -4 0
0.014362 5 1 0
0.004830 5 -1 0
0.012694 5 3 0
0.002725 5 -3 0
-0.007758 5 5 0
-0.009037 5 -5 0
-0.002808 6 0 0
-0.002507 6 2 0
0.008503 6 -2 0
0.000697 6 4 0
-0.005710 6 -4 0
0.010875 6 6 0
-0.000751 6 -6 0
-0.004492 7 1 0
0.000875 7 -1 0
-0.000213 7 3 0
0.001354 7 -3 0
0.001633 7 5 0
0.003963 7 -5 0
-0.004165 7 7 0
0.004642 7 -7 0
0.001830 8 0 0
-0.001970 8 2 0
-0.001963 8 -2 0
-0.001067 8 4 0
0.004255 8 -4 0
-0.003127 8 6 0
0.002128 8 -6 0
-0.001960 8 8 0
0.001920 8 -8 0
-0.002184 9 1 0
-0.003664 9 -1 0
-0.000992 9 3 0
-0.003128 9 -3 0
0.000472 9 5 0
-0.000083 9 -5 0
-0.000318 9 7 0
-0.004880 9 -7 0
-0.001844 9 9 0
0.000028 9 -9 0
0.000917 10 0 0
0.000511 10 2 0
0.001068 10 -2 0
-0.000043 10 4 0
0.001207 10 -4 0
-0.001094 10 6 0
-0.000109 10 -6 0
0.000555 10 8 0
0.001144 10 -8 0
0.002171 10 10 0
-0.000159 10 -10 0
0.001994 11 1 0
0.001460 11 -1 0
0.002577 11 3 0
0.002685 11 -3 0
0.002798 11 5 0
-0.000123 11 -5 0
0.001167 11 7 0
0.003303 11 -7 0
-0.000595 11 9 0
-0.001574 11 -9 0
-0.001968 11 11 0
0.000598 11 -11 0
0.000241 12 0 0
-0.001672 12 2 0
0.000304 12 -2 0
-0.000251 12 4 0
-0.003094 12 -4 0
-0.000174 12 6 0
-0.000288 12 -6 0
0.000108 12 8 0
0.000731 12 -8 0
-0.002140 12 10 0
0.000042 12 -10 0
0.001245 12 12 0
-0.005101 12 -12 0
-0.001211 13 1 0
-0.001517 13 -1 0
0.000220 13 3 0
-0.001690 13 -3 0
-0.001083 13 5 0
0.000665 13 -5 0
-0.001454 13 7 0
-0.002810 13 -7 0
0.000810 13 9 0
-0.001888 13 -9 0
0.000720 13 11 0
0.001874 13 -11 0
-0.001745 13 13 0
0.001682 13 -13 0
-0.000725 14 0 0
0.000602 14 2 0
0.000448 14 -2 0
-0.002948 14 4 0
-0.000294 14 -4 0
0.001450 14 6 0
0.000986 14 -6 0
0.000093 14 8 0
0.002321 14 -8 0
0.000668 14 10 0
-0.000160 14 -10 0
-0.000967 14 12 0
0.000556 14 -12 0
0.000893 14 14 0
-0.000056 14 -14 0
0.000587 15 1 0
0.001101 15 -1 0
0.002179 15 3 0
0.001933 15 -3 0
0.000278 15 5 0
0.000307 15 -5 0
0.000288 15 7 0
0.000313 15 -7 0
-0.000103 15 9 0
-0.001400 15 -9 0
0.001258 15 11 0
-0.001501 15 -11 0
-0.000082 15 13 0
0.000143 15 -13 0
-0.000375 15 15 0
0.001485 15 -15 0
-0.000579 16 0 0
-0.000883 16 2 0
-0.000332 16 -2 0
-0.000639 16 4 0
-0.000689 16 -4 0
-0.000261 16 6 0
-0.001022 16 -6 0
0.000313 16 8 0
0.001946 16 -8 0
-0.000406 16 10 0
0.002074 16 -10 0
0.000188 16 12 0
-0.000649 16 -12 0
0.001537 16 14 0
-0.000566 16 -14 0
-0.001142 16 16 0
0.001155 16 -16 0
-0.000377 17 1 0
-0.000159 17 -1 0
-0.000212 17 3 0
-0.000588 17 -3 0
0.000693 17 5 0
-0.000609 17 -5 0
-0.000197 17 7 0
-0.001709 17 -7 0
-0.001218 17 9 0
-0.001320 17 -9 0
-0.000271 17 11 0
0.000107 17 -11 0
0.000095 17 13 0
0.002648 17 -13 0
-0.000485 17 15 0
-0.000181 17 -15 0
-0.001441 17 17 0
0.003142 17 -17 0
0.000061 18 0 0
0.000168 18 2 0
-0.000929 18 -2 0
-0.001341 18 4 0
-0.000864 18 -4 0
0.000174 18 6 0
0.000657 18 -6 0
0.000232 18 8 0
0.000453 18 -8 0
0.000282 18 10 0
-0.001300 18 -10 0
-0.000561 18 12 0
-0.001214 18 -12 0
-0.001233 18 14 0
-0.001005 18 -14 0
0.000346 18 16 0
-0.001332 18 -16 0
0.001797 18 18 0
-0.001091 18 -18 0
0.000530 19 1 0
0.000366 19 -1 0
0.000692 19 3 0
-0.000028 19 -3 0
0.000522 19 5 0
0.000322 19 -5 0
-0.001395 19 7 0
-0.002060 19 -7 0
0.000897 19 9 0
0.000485 19 -9 0
0.000078 19 11 0
