0.063242 1 1 0
0.009989 1 -1 0
0.043150 2 0 0
0.003888 2 2 0
-0.017713 2 -2 0
-0.005243 3 1 0
0.038546 3 -1 0
0.014319 3 3 0
-0.004869 3 -3 0
-0.049561 4 0 0
0.017520 4 2 0
0.034841 4 -2 0
0.005778 4 4 0
-0.004226 4 -4 0
-0.021208 5 1 0
-0.104076 5 -1 0
0.006518 5 3 0
0.013730 5 -3 0
0.005939 5 5 0
0.004733 5 -5 0
0.018404 6 0 0
-0.014265 6 2 0
-0.067567 6 -2 0
0.005205 6 4 0
0.010171 6 -4 0
-0.010612 6 6 0
-0.013136 6 -6 0
0.011222 7 1 0
0.102683 7 -1 0
-0.020611 7 3 0
-0.026288 7 -3 0
0.003508 7 5 0
-0.004048 7 -5 0
0.016399 7 7 0
0.000262 7 -7 0
0.001005 8 0 0
0.036142 8 2 0
0.070325 8 -2 0
-0.005698 8 4 0
-0.000221 8 -4 0
-0.007651 8 6 0
-0.003371 8 -6 0
-0.005331 8 8 0
-0.006630 8 -8 0
-0.019876 9 1 0
-0.064473 9 -1 0
0.021705 9 3 0
0.037114 9 -3 0
-0.000795 9 5 0
0.006304 9 -5 0
0.005448 9 7 0
-0.002050 9 -7 0
-0.007028 9 9 0
-0.000577 9 -9 0
-0.018474 10 0 0
-0.011882 10 2 0
-0.054917 10 -2 0
0.012657 10 4 0
0.023054 10 -4 0
-0.009113 10 6 0
0.000388 10 -6 0
0.002861 10 8 0
-0.001415 10 -8 0
0.002863 10 10 0
0.005642 10 -10 0
-0.004957 11 1 0
0.025766 11 -1 0
-0.015236 11 3 0
-0.032483 11 -3 0
0.006316 11 5 0
0.008152 11 -5 0
0.012305 11 7 0
0.007834 11 -7 0
-0.007596 11 9 0
-0.003860 11 -9 0
0.003455 11 11 0
-0.000513 11 -11 0
0.012887 12 0 0
0.024064 12 2 0
0.027892 12 -2 0
-0.006660 12 4 0
-0.009284 12 -4 0
-0.004452 12 6 0
-0.007075 12 -6 0
0.002174 12 8 0
-0.001493 12 -8 0
0.005619 12 10 0
0.003474 12 -10 0
0.001659 12 12 0
0.014961 12 -12 0
-0.006124 13 1 0
-0.005088 13 -1 0
0.014137 13 3 0
0.024705 13 -3 0
-0.005314 13 5 0
-0.000931 13 -5 0
0.005321 13 7 0
-0.002308 13 -7 0
-0.006490 13 9 0
0.001552 13 -9 0
0.000800 13 11 0
-0.004371 13 -11 0
-0.002600 13 13 0
0.000509 13 -13 0
-0.012396 14 0 0
0.001719 14 2 0
-0.015255 14 -2 0
0.010202 14 4 0
0.024705 14 -4 0
-0.008838 14 6 0
-0.002029 14 -6 0
0.000487 14 8 0
-0.004247 14 -8 0
0.006056 14 10 0
0.004369 14 -10 0
0.004926 14 12 0
0.010686 14 -12 0
-0.003826 14 14 0
0.001808 14 -14 0
-0.010969 15 1 0
-0.005655 15 -1 0
-0.004331 15 3 0
-0.012091 15 -3 0
0.006650 15 5 0
0.010665 15 -5 0
0.007711 15 7 0
0.006391 15 -7 0
-0.007109 15 9 0
-0.003154 15 -9 0
0.005135 15 11 0
0.001977 15 -11 0
-0.002969 15 13 0
0.000867 15 -13 0
0.004436 15 15 0
-0.000974 15 -15 0
0.005367 16 0 0
0.009056 16 2 0
0.001779 16 -2 0
-0.004571 16 4 0
-0.003325 16 -4 0
-0.000859 16 6 0
-0.001711 16 -6 0
0.003206 16 8 0
0.000936 16 -8 0
0.003735 16 10 0
-0.000514 16 -10 0
0.002749 16 12 0
0.009058 16 -12 0
-0.002085 16 14 0
0.003027 16 -14 0
0.001297 16 16 0
0.002408 16 -16 0
0.001743 17 1 0
0.001924 17 -1 0
0.007053 17 3 0
0.005927 17 -3 0
-0.003127 17 5 0
-0.002303 17 -5 0
0.003644 17 7 0
-0.003251 17 -7 0
-0.001768 17 9 0
0.002949 17 -9 0
0.001867 17 11 0
-0.001928 17 -11 0
-0.000440 17 13 0
0.004055 17 -13 0
0.003030 17 15 0
-0.002302 17 -15 0
-0.003100 17 17 0
0.000783 17 -17 0
-0.003967 18 0 0
0.005952 18 2 0
-0.001397 18 -2 0
0.006973 18 4 0
0.008878 18 -4 0
-0.005877 18 6 0
-0.004164 18 -6 0
0.001423 18 8 0
-0.003006 18 -8 0
0.002359 18 10 0
0.003511 18 -10 0
0.002957 18 12 0
0.004794 18 -12 0
-0.001636 18 14 0
0.003238 18 -14 0
0.000430 18 16 0
0.001055 18 -16 0
0.000573 18 18 0
-0.000149 18 -18 0
-0.005689 19 1 0
-0.003640 19 -1 0
-0.003060 19 3 0
-0.002773 19 -3 0
0.002901 19 5 0
0.004457 19 -5 0
0.002163 19 7 0
0.002515 19 -7 0
-0.002587 19 9 0
-0.003099 19 -9 0
0.001436 19 11 0
