-0.013294 1 1 0
-0.101910 1 -1 0
0.087202 2 0 0
-0.006181 2 2 0
-0.022825 2 -2 0
0.038709 3 1 0
0.145870 3 -1 0
-0.007614 3 3 0
-0.000875 3 -3 0
-0.098709 4 0 0
0.046130 4 2 0
0.070581 4 -2 0
-0.013646 4 4 0
0.012957 4 -4 0
-0.054051 5 1 0
-0.230532 5 -1 0
0.009652 5 3 0
0.015404 5 -3 0
0.011971 5 5 0
-0.000608 5 -5 0
0.039541 6 0 0
-0.043567 6 2 0
-0.130564 6 -2 0
0.004980 6 4 0
0.018935 6 -4 0
-0.020508 6 6 0
-0.005972 6 -6 0
0.024053 7 1 0
0.200772 7 -1 0
-0.033835 7 3 0
-0.060786 7 -3 0
0.011892 7 5 0
0.000759 7 -5 0
0.018937 7 7 0
0.005401 7 -7 0
0.005269 8 0 0
0.065490 8 2 0
0.148069 8 -2 0
-0.017978 8 4 0
-0.008673 8 -4 0
-0.020293 8 6 0
-0.006435 8 -6 0
-0.017801 8 8 0
-0.014641 8 -8 0
-0.036255 9 1 0
-0.123095 9 -1 0
0.037926 9 3 0
0.069808 9 -3 0
0.005460 9 5 0
0.004896 9 -5 0
0.017032 9 7 0
-0.002996 9 -7 0
0.003820 9 9 0
0.004019 9 -9 0
-0.035551 10 0 0
-0.031437 10 2 0
-0.103631 10 -2 0
0.018016 10 4 0
0.045284 10 -4 0
-0.020957 10 6 0
0.004864 10 -6 0
-0.008106 10 8 0
-0.013311 10 -8 0
-0.002870 10 10 0
-0.001422 10 -10 0
-0.013888 11 1 0
0.045725 11 -1 0
-0.037175 11 3 0
-0.069313 11 -3 0
0.016032 11 5 0
0.014782 11 -5 0
0.019467 11 7 0
0.014832 11 -7 0
-0.004176 11 9 0
-0.001203 11 -9 0
0.005991 11 11 0
0.009587 11 -11 0
0.027183 12 0 0
0.038101 12 2 0
0.061159 12 -2 0
-0.022198 12 4 0
-0.024774 12 -4 0
-0.012795 12 6 0
-0.009371 12 -6 0
-0.006508 12 8 0
-0.010651 12 -8 0
-0.000386 12 10 0
-0.002323 12 -10 0
0.000028 12 12 0
0.004436 12 -12 0
-0.006961 13 1 0
-0.008018 13 -1 0
0.026996 13 3 0
0.044110 13 -3 0
-0.004085 13 5 0
-0.004466 13 -5 0
0.008786 13 7 0
-0.005247 13 -7 0
-0.003776 13 9 0
0.004668 13 -9 0
0.001458 13 11 0
0.000716 13 -11 0
-0.001774 13 13 0
0.009655 13 -13 0
-0.026017 14 0 0
-0.002355 14 2 0
-0.025748 14 -2 0
0.016212 14 4 0
0.039659 14 -4 0
-0.017067 14 6 0
0.000581 14 -6 0
-0.006614 14 8 0
-0.015618 14 -8 0
0.003768 14 10 0
-0.000720 14 -10 0
0.001740 14 12 0
0.001963 14 -12 0
-0.001554 14 14 0
-0.004496 14 -14 0
-0.022653 15 1 0
-0.010662 15 -1 0
-0.017080 15 3 0
-0.025356 15 -3 0
0.014137 15 5 0
0.020389 15 -5 0
0.011922 15 7 0
0.010712 15 -7 0
-0.005514 15 9 0
-0.002922 15 -9 0
0.006513 15 11 0
0.005696 15 -11 0
-0.002075 15 13 0
0.003889 15 -13 0
0.002546 15 15 0
0.001464 15 -15 0
0.008844 16 0 0
0.009868 16 2 0
0.005958 16 -2 0
-0.012439 16 4 0
-0.012699 16 -4 0
-0.005262 16 6 0
-0.002903 16 -6 0
0.000075 16 8 0
-0.004314 16 -8 0
-0.000398 16 10 0
-0.001567 16 -10 0
0.001908 16 12 0
0.004929 16 -12 0
-0.000493 16 14 0
0.000269 16 -14 0
0.005004 16 16 0
-0.003919 16 -16 0
0.002464 17 1 0
0.007810 17 -1 0
0.009209 17 3 0
0.009510 17 -3 0
-0.005743 17 5 0
-0.005654 17 -5 0
0.004840 17 7 0
-0.003944 17 -7 0
0.000079 17 9 0
0.002775 17 -9 0
0.000764 17 11 0
0.001353 17 -11 0
-0.000369 17 13 0
0.006703 17 -13 0
0.000621 17 15 0
-0.001307 17 -15 0
-0.008354 17 17 0
0.000507 17 -17 0
-0.006440 18 0 0
0.006836 18 2 0
-0.000183 18 -2 0
0.009096 18 4 0
0.015792 18 -4 0
-0.009496 18 6 0
-0.004456 18 -6 0
-0.002686 18 8 0
-0.007690 18 -8 0
0.001529 18 10 0
0.001858 18 -10 0
-0.000301 18 12 0
0.003216 18 -12 0
-0.001074 18 14 0
0.000476 18 -14 0
0.002007 18 16 0
-0.000339 18 -16 0
0.005067 18 18 0
-0.002689 18 -18 0
-0.011676 19 1 0
-0.006314 19 -1 0
-0.005771 19 3 0
-0.003927 19 -3 0
0.006208 19 5 0
0.010930 19 -5 0
0.001444 19 7 0
0.004622 19 -7 0
-0.003274 19 9 0
-0.003933 19 -9 0
0.001672 19 11 0
