0.035202 1 1 0
-0.020313 1 -1 0
0.015232 2 0 0
-0.048004 2 2 0
-0.063773 2 -2 0
0.060325 3 1 0
0.122674 3 -1 0
-0.060141 3 3 0
0.008232 3 -3 0
0.082224 4 0 0
0.141411 4 2 0
0.084986 4 -2 0
-0.077234 4 4 0
0.020073 4 -4 0
0.049750 5 1 0
0.078009 5 -1 0
0.174141 5 3 0
-0.009411 5 -3 0
-0.027154 5 5 0
0.043583 5 -5 0
-0.002294 6 0 0
-0.021675 6 2 0
-0.003713 6 -2 0
0.100431 6 4 0
-0.084108 6 -4 0
0.010895 6 6 0
0.057254 6 -6 0
-0.049430 7 1 0
-0.063507 7 -1 0
-0.052376 7 3 0
0.019088 7 -3 0
0.056221 7 5 0
-0.142626 7 -5 0
0.021287 7 7 0
-0.022492 7 -7 0
-0.009756 8 0 0
-0.060976 8 2 0
-0.021248 8 -2 0
-0.087952 8 4 0
0.039383 8 -4 0
-0.019697 8 6 0
-0.086418 8 -6 0
0.048638 8 8 0
-0.000255 8 -8 0
0.010778 9 1 0
0.020284 9 -1 0
-0.009445 9 3 0
0.012081 9 -3 0
-0.041021 9 5 0
0.057060 9 -5 0
-0.039562 9 7 0
-0.091160 9 -7 0
0.010492 9 9 0
0.014799 9 -9 0
0.031501 10 0 0
0.024298 10 2 0
0.009453 10 -2 0
-0.005844 10 4 0
-0.014913 10 -4 0
0.007195 10 6 0
0.071745 10 -6 0
-0.030275 10 8 0
-0.030115 10 -8 0
0.025665 10 10 0
-0.039819 10 -10 0
0.016359 11 1 0
0.033016 11 -1 0
0.042715 11 3 0
-0.000487 11 -3 0
0.015355 11 5 0
-0.058159 11 -5 0
0.025589 11 7 0
0.002402 11 -7 0
-0.037623 11 9 0
0.035118 11 -9 0
-0.030856 11 11 0
0.014886 11 -11 0
0.014198 12 0 0
0.002729 12 2 0
0.004002 12 -2 0
0.003248 12 4 0
-0.023976 12 -4 0
-0.007258 12 6 0
-0.041968 12 -6 0
0.041070 12 8 0
0.013553 12 -8 0
0.010977 12 10 0
-0.006821 12 -10 0
-0.028352 12 12 0
0.020714 12 -12 0
-0.003350 13 1 0
0.005706 13 -1 0
0.005862 13 3 0
0.015334 13 -3 0
-0.008638 13 5 0
-0.021947 13 -5 0
-0.029193 13 7 0
-0.062028 13 -7 0
0.015669 13 9 0
0.017636 13 -9 0
-0.013862 13 11 0
0.034246 13 -11 0
-0.010204 13 13 0
-0.028882 13 -13 0
0.003054 14 0 0
-0.012543 14 2 0
-0.001440 14 -2 0
-0.016019 14 4 0
0.005275 14 -4 0
-0.002311 14 6 0
0.005738 14 -6 0
-0.021790 14 8 0
-0.018494 14 -8 0
0.026975 14 10 0
-0.019492 14 -10 0
-0.011021 14 12 0
0.021972 14 -12 0
-0.014674 14 14 0
0.021478 14 -14 0
0.003753 15 1 0
0.002479 15 -1 0
-0.000373 15 3 0
0.008870 15 -3 0
0.000544 15 5 0
-0.000743 15 -5 0
-0.002302 15 7 0
-0.013036 15 -7 0
-0.028338 15 9 0
0.010257 15 -9 0
-0.005847 15 11 0
0.002758 15 -11 0
0.002720 15 13 0
-0.016226 15 -13 0
0.019455 15 15 0
-0.027765 15 -15 0
0.004718 16 0 0
-0.000317 16 2 0
-0.002692 16 -2 0
-0.007769 16 4 0
-0.003983 16 -4 0
0.003967 16 6 0
0.001920 16 -6 0
0.012534 16 8 0
0.004080 16 -8 0
-0.003665 16 10 0
-0.000861 16 -10 0
-0.012299 16 12 0
0.003685 16 -12 0
-0.002868 16 14 0
0.010902 16 -14 0
0.005513 16 16 0
-0.000649 16 -16 0
0.003976 17 1 0
0.012314 17 -1 0
0.007447 17 3 0
0.004253 17 -3 0
-0.004303 17 5 0
-0.010762 17 -5 0
-0.001806 17 7 0
-0.016372 17 -7 0
0.005259 17 9 0
0.007377 17 -9 0
-0.010548 17 11 0
0.015819 17 -11 0
-0.008260 17 13 0
-0.010284 17 -13 0
0.011399 17 15 0
-0.021105 17 -15 0
0.005715 17 17 0
0.009928 17 -17 0
0.004725 18 0 0
0.001540 18 2 0
0.003978 18 -2 0
-0.001010 18 4 0
-0.003587 18 -4 0
-0.002677 18 6 0
-0.001521 18 -6 0
-0.003441 18 8 0
-0.002109 18 -8 0
0.011274 18 10 0
-0.004463 18 -10 0
-0.006937 18 12 0
0.011756 18 -12 0
-0.010000 18 14 0
0.008087 18 -14 0
-0.000281 18 16 0
-0.004678 18 -16 0
0.008894 18 18 0
-0.000426 18 -18 0
0.002901 19 1 0
0.002931 19 -1 0
0.002187 19 3 0
0.003561 19 -3 0
0.000832 19 5 0
-0.003809 19 -5 0
-0.008526 19 7 0
-0.007624 19 -7 0
-0.007645 19 9 0
0.001003 19 -9 0
0.002179 19 11 0
