0.043392 1 1 0
-0.027981 1 -1 0
0.042247 2 0 0
-0.040504 2 2 0
-0.065682 2 -2 0
0.083071 3 1 0
0.107680 3 -1 0
-0.076259 3 3 0
0.011136 3 -3 0
0.082082 4 0 0
0.137245 4 2 0
0.097479 4 -2 0
-0.078252 4 4 0
0.018909 4 -4 0
0.040607 5 1 0
0.078180 5 -1 0
0.174744 5 3 0
-0.010888 5 -3 0
-0.045510 5 5 0
0.042672 5 -5 0
-0.001833 6 0 0
-0.012575 6 2 0
-0.002129 6 -2 0
0.103665 6 4 0
-0.087068 6 -4 0
-0.001936 6 6 0
0.055887 6 -6 0
-0.047573 7 1 0
-0.067147 7 -1 0
-0.060783 7 3 0
0.013743 7 -3 0
0.038769 7 5 0
-0.135231 7 -5 0
0.031532 7 7 0
-0.021374 7 -7 0
-0.004171 8 0 0
-0.067410 8 2 0
-0.016883 8 -2 0
-0.086640 8 4 0
0.044117 8 -4 0
-0.016028 8 6 0
-0.085849 8 -6 0
0.034211 8 8 0
-0.004601 8 -8 0
0.007473 9 1 0
0.014433 9 -1 0
-0.013294 9 3 0
0.009403 9 -3 0
-0.053358 9 5 0
0.064198 9 -5 0
-0.027388 9 7 0
-0.091160 9 -7 0
0.017812 9 9 0
0.028637 9 -9 0
0.032357 10 0 0
0.028122 10 2 0
0.013876 10 -2 0
-0.003138 10 4 0
-0.020042 10 -4 0
0.007153 10 6 0
0.066593 10 -6 0
-0.033170 10 8 0
-0.029472 10 -8 0
0.021904 10 10 0
-0.052800 10 -10 0
0.019095 11 1 0
0.028355 11 -1 0
0.039424 11 3 0
-0.005721 11 -3 0
0.005901 11 5 0
-0.053309 11 -5 0
0.034321 11 7 0
0.004338 11 -7 0
-0.026898 11 9 0
0.045327 11 -9 0
-0.044064 11 11 0
0.020876 11 -11 0
0.016357 12 0 0
0.002891 12 2 0
0.005957 12 -2 0
0.005226 12 4 0
-0.024967 12 -4 0
-0.008198 12 6 0
-0.043132 12 -6 0
0.035243 12 8 0
0.010178 12 -8 0
0.007999 12 10 0
-0.015262 12 -10 0
-0.006118 12 12 0
0.018172 12 -12 0
-0.003087 13 1 0
0.002755 13 -1 0
0.000712 13 3 0
0.010343 13 -3 0
-0.014333 13 5 0
-0.017736 13 -5 0
-0.019754 13 7 0
-0.060927 13 -7 0
0.022229 13 9 0
0.026437 13 -9 0
-0.024673 13 11 0
0.039847 13 -11 0
-0.026480 13 13 0
-0.029744 13 -13 0
0.004457 14 0 0
-0.013164 14 2 0
0.000701 14 -2 0
-0.015747 14 4 0
0.003441 14 -4 0
-0.001704 14 6 0
0.004910 14 -6 0
-0.022493 14 8 0
-0.019654 14 -8 0
0.025943 14 10 0
-0.025596 14 -10 0
0.003749 14 12 0
0.018998 14 -12 0
-0.014962 14 14 0
0.024329 14 -14 0
0.002737 15 1 0
-0.000286 15 -1 0
0.000583 15 3 0
0.005204 15 -3 0
-0.003859 15 5 0
0.002024 15 -5 0
0.002840 15 7 0
-0.014569 15 -7 0
-0.022408 15 9 0
0.014861 15 -9 0
-0.010572 15 11 0
0.003921 15 -11 0
-0.003856 15 13 0
-0.019940 15 -13 0
0.016920 15 15 0
-0.026566 15 -15 0
0.005998 16 0 0
-0.000220 16 2 0
-0.002595 16 -2 0
-0.006968 16 4 0
-0.005723 16 -4 0
0.002332 16 6 0
0.000249 16 -6 0
0.011534 16 8 0
0.003362 16 -8 0
-0.006715 16 10 0
-0.004029 16 -10 0
-0.003271 16 12 0
0.001620 16 -12 0
-0.003983 16 14 0
0.013035 16 -14 0
0.003026 16 16 0
0.003335 16 -16 0
0.004776 17 1 0
0.010115 17 -1 0
0.006235 17 3 0
0.000918 17 -3 0
-0.005496 17 5 0
-0.007036 17 -5 0
0.002863 17 7 0
-0.016712 17 -7 0
0.009370 17 9 0
0.009221 17 -9 0
-0.011863 17 11 0
0.016221 17 -11 0
-0.011164 17 13 0
-0.010632 17 -13 0
0.010421 17 15 0
-0.020352 17 -15 0
0.006467 17 17 0
0.009252 17 -17 0
0.005670 18 0 0
0.001266 18 2 0
0.004339 18 -2 0
-0.001400 18 4 0
-0.004132 18 -4 0
-0.001821 18 6 0
-0.001904 18 -6 0
-0.003684 18 8 0
-0.003313 18 -8 0
0.008665 18 10 0
-0.006241 18 -10 0
-0.002470 18 12 0
0.010156 18 -12 0
-0.009653 18 14 0
0.009123 18 -14 0
0.000072 18 16 0
-0.003727 18 -16 0
0.007713 18 18 0
0.002562 18 -18 0
0.004189 19 1 0
0.002484 19 -1 0
0.002617 19 3 0
0.001818 19 -3 0
-0.000696 19 5 0
-0.004087 19 -5 0
-0.006732 19 7 0
-0.006808 19 -7 0
-0.004567 19 9 0
0.003186 19 -9 0
0.000515 19 11 0
