0.004925 1 1 0
0.033772 1 -1 0
0.009289 2 0 0
-0.097675 2 2 0
-0.090847 2 -2 0
0.087835 3 1 0
0.128679 3 -1 0
-0.059635 3 3 0
0.036724 3 -3 0
0.081946 4 0 0
0.159962 4 2 0
0.097796 4 -2 0
-0.097492 4 4 0
0.005413 4 -4 0
0.042489 5 1 0
0.076724 5 -1 0
0.183569 5 3 0
-0.011965 5 -3 0
-0.031140 5 5 0
0.046389 5 -5 0
-0.007353 6 0 0
-0.032394 6 2 0
-0.002895 6 -2 0
0.100473 6 4 0
-0.079959 6 -4 0
0.002276 6 6 0
0.057961 6 -6 0
-0.044525 7 1 0
-0.052849 7 -1 0
-0.055142 7 3 0
0.021064 7 -3 0
0.050377 7 5 0
-0.153898 7 -5 0
0.020134 7 7 0
-0.034102 7 -7 0
-0.011214 8 0 0
-0.065736 8 2 0
-0.014798 8 -2 0
-0.104288 8 4 0
0.051691 8 -4 0
-0.022964 8 6 0
-0.082598 8 -6 0
0.052782 8 8 0
0.002196 8 -8 0
0.012004 9 1 0
0.015866 9 -1 0
-0.003205 9 3 0
0.008195 9 -3 0
-0.046957 9 5 0
0.050901 9 -5 0
-0.035639 9 7 0
-0.105362 9 -7 0
0.002935 9 9 0
0.019079 9 -9 0
0.026588 10 0 0
0.018600 10 2 0
0.014242 10 -2 0
-0.015586 10 4 0
-0.009940 10 -4 0
0.001736 10 6 0
0.075119 10 -6 0
-0.028603 10 8 0
-0.025107 10 -8 0
0.042637 10 10 0
-0.054430 10 -10 0
0.020054 11 1 0
0.037477 11 -1 0
0.047543 11 3 0
-0.002573 11 -3 0
0.013005 11 5 0
-0.070461 11 -5 0
0.028229 11 7 0
-0.012106 11 -7 0
-0.037430 11 9 0
0.037906 11 -9 0
-0.048558 11 11 0
0.032457 11 -11 0
0.012858 12 0 0
-0.005181 12 2 0
0.008876 12 -2 0
-0.006434 12 4 0
-0.016300 12 -4 0
-0.012129 12 6 0
-0.036370 12 -6 0
0.040451 12 8 0
0.016510 12 -8 0
0.024253 12 10 0
-0.016118 12 -10 0
-0.016008 12 12 0
0.004473 12 -12 0
0.001307 13 1 0
0.003989 13 -1 0
0.008606 13 3 0
0.009208 13 -3 0
-0.008972 13 5 0
-0.030551 13 -5 0
-0.026160 13 7 0
-0.074557 13 -7 0
0.015714 13 9 0
0.017786 13 -9 0
-0.028083 13 11 0
0.043425 13 -11 0
-0.030828 13 13 0
-0.016427 13 -13 0
0.002367 14 0 0
-0.017182 14 2 0
0.005327 14 -2 0
-0.022873 14 4 0
0.011007 14 -4 0
-0.003768 14 6 0
0.007139 14 -6 0
-0.021080 14 8 0
-0.015441 14 -8 0
0.036176 14 10 0
-0.027524 14 -10 0
-0.004189 14 12 0
0.013491 14 -12 0
-0.009111 14 14 0
0.006002 14 -14 0
0.004651 15 1 0
0.001275 15 -1 0
0.006221 15 3 0
0.003549 15 -3 0
-0.001391 15 5 0
-0.007944 15 -5 0
0.000435 15 7 0
-0.022977 15 -7 0
-0.027446 15 9 0
0.010710 15 -9 0
-0.013729 15 11 0
0.007304 15 -11 0
-0.006848 15 13 0
-0.011948 15 -13 0
0.008531 15 15 0
-0.019930 15 -15 0
0.005434 16 0 0
-0.004998 16 2 0
0.000888 16 -2 0
-0.012012 16 4 0
0.001132 16 -4 0
0.001595 16 6 0
0.006243 16 -6 0
0.010333 16 8 0
0.006762 16 -8 0
-0.000261 16 10 0
-0.003261 16 -10 0
-0.009212 16 12 0
-0.001666 16 -12 0
0.001661 16 14 0
0.004690 16 -14 0
0.010273 16 16 0
-0.008644 16 -16 0
0.006181 17 1 0
0.010655 17 -1 0
0.010134 17 3 0
-0.001238 17 -3 0
-0.003438 17 5 0
-0.016996 17 -5 0
-0.000742 17 7 0
-0.023643 17 -7 0
0.005848 17 9 0
0.003720 17 -9 0
-0.014398 17 11 0
0.016987 17 -11 0
-0.013613 17 13 0
-0.008499 17 -13 0
0.007054 17 15 0
-0.019218 17 -15 0
0.002074 17 17 0
0.010336 17 -17 0
0.004325 18 0 0
-0.001650 18 2 0
0.006837 18 -2 0
-0.003606 18 4 0
-0.000443 18 -4 0
-0.002228 18 6 0
-0.001556 18 -6 0
-0.002412 18 8 0
-0.000891 18 -8 0
0.013020 18 10 0
-0.006121 18 -10 0
-0.005805 18 12 0
0.010426 18 -12 0
-0.007874 18 14 0
0.005260 18 -14 0
0.001966 18 16 0
-0.009041 18 -16 0
0.010289 18 18 0
-0.000571 18 -18 0
0.004688 19 1 0
0.003138 19 -1 0
0.004675 19 3 0
0.002287 19 -3 0
-0.000093 19 5 0
-0.006606 19 -5 0
-0.007156 19 7 0
-0.009991 19 -7 0
-0.005961 19 9 0
0.000682 19 -9 0
-0.000138 19 11 0
