0.139928 1 1 0
-0.094320 1 -1 0
-0.200174 2 0 0
0.038243 2 2 0
-0.053470 2 -2 0
-0.312622 3 1 0
0.009545 3 -1 0
0.026712 3 3 0
0.031155 3 -3 0
0.131245 4 0 0
0.122345 4 2 0
0.278638 4 -2 0
-0.033066 4 4 0
0.000031 4 -4 0
0.564232 5 1 0
-0.075003 5 -1 0
0.202303 5 3 0
-0.049407 5 -3 0
-0.040512 5 5 0
0.031919 5 -5 0
0.011430 6 0 0
0.004520 6 2 0
-0.334004 6 -2 0
-0.070485 6 4 0
-0.074698 6 -4 0
-0.062628 6 6 0
-0.087887 6 -6 0
-0.231780 7 1 0
-0.005159 7 -1 0
-0.155381 7 3 0
0.090464 7 -3 0
-0.076470 7 5 0
0.059009 7 -5 0
-0.105782 7 7 0
0.053192 7 -7 0
-0.115715 8 0 0
0.162622 8 2 0
0.378684 8 -2 0
0.008759 8 4 0
0.110164 8 -4 0
-0.049146 8 6 0
-0.079736 8 -6 0
-0.000917 8 8 0
-0.008092 8 -8 0
0.191102 9 1 0
-0.036307 9 -1 0
0.316586 9 3 0
-0.072161 9 -3 0
-0.008264 9 5 0
0.019306 9 -5 0
-0.112267 9 7 0
0.048362 9 -7 0
0.055520 9 9 0
-0.005184 9 -9 0
0.098579 10 0 0
0.038789 10 2 0
-0.160882 10 -2 0
-0.099196 10 4 0
-0.150874 10 -4 0
-0.070883 10 6 0
-0.087005 10 -6 0
0.005224 10 8 0
-0.000915 10 -8 0
0.032530 10 10 0
0.012542 10 -10 0
0.102577 11 1 0
-0.041195 11 -1 0
-0.106812 11 3 0
0.065098 11 -3 0
-0.117789 11 5 0
0.080458 11 -5 0
-0.085404 11 7 0
0.050575 11 -7 0
0.052525 11 9 0
-0.006636 11 -9 0
0.089463 11 11 0
0.019699 11 -11 0
-0.073887 12 0 0
0.081603 12 2 0
0.106662 12 -2 0
0.015479 12 4 0
0.110302 12 -4 0
-0.026312 12 6 0
-0.050279 12 -6 0
-0.001845 12 8 0
-0.019436 12 -8 0
0.024257 12 10 0
0.010634 12 -10 0
0.027902 12 12 0
0.013328 12 -12 0
-0.001796 13 1 0
-0.002806 13 -1 0
0.138476 13 3 0
-0.025262 13 -3 0
0.032798 13 5 0
0.001525 13 -5 0
-0.082980 13 7 0
0.033275 13 -7 0
0.030217 13 9 0
0.000202 13 -9 0
0.067248 13 11 0
0.019745 13 -11 0
-0.017824 13 13 0
0.028387 13 -13 0
0.022893 14 0 0
0.054186 14 2 0
0.017370 14 -2 0
-0.055713 14 4 0
-0.086002 14 -4 0
-0.051470 14 6 0
-0.079761 14 -6 0
0.003199 14 8 0
0.003081 14 -8 0
0.022660 14 10 0
0.013673 14 -10 0
0.029009 14 12 0
0.009247 14 -12 0
-0.019907 14 14 0
0.007148 14 -14 0
0.093219 15 1 0
-0.030299 15 -1 0
0.004187 15 3 0
0.015721 15 -3 0
-0.087178 15 5 0
0.049987 15 -5 0
-0.054065 15 7 0
0.036928 15 -7 0
0.034391 15 9 0
-0.006963 15 -9 0
0.048711 15 11 0
0.012001 15 -11 0
-0.009244 15 13 0
0.015774 15 -13 0
-0.016385 15 15 0
0.014852 15 -15 0
-0.009512 16 0 0
0.019532 16 2 0
-0.000833 16 -2 0
0.001928 16 4 0
0.032447 16 -4 0
-0.003169 16 6 0
-0.006169 16 -6 0
-0.000366 16 8 0
-0.012373 16 -8 0
0.007974 16 10 0
-0.000074 16 -10 0
0.015464 16 12 0
0.003810 16 -12 0
-0.013660 16 14 0
0.004866 16 -14 0
-0.004866 16 16 0
-0.005630 16 -16 0
-0.002641 17 1 0
-0.001144 17 -1 0
0.017642 17 3 0
0.000001 17 -3 0
0.021337 17 5 0
-0.000381 17 -5 0
-0.026577 17 7 0
0.006467 17 -7 0
0.007371 17 9 0
0.003449 17 -9 0
0.023133 17 11 0
0.008795 17 -11 0
-0.008439 17 13 0
0.009066 17 -13 0
-0.010788 17 15 0
0.003263 17 -15 0
0.005938 17 17 0
0.004307 17 -17 0
-0.001053 18 0 0
0.024548 18 2 0
0.022850 18 -2 0
-0.015021 18 4 0
-0.011087 18 -4 0
-0.022915 18 6 0
-0.045923 18 -6 0
-0.001776 18 8 0
0.001794 18 -8 0
0.006171 18 10 0
0.008647 18 -10 0
0.011920 18 12 0
0.005184 18 -12 0
-0.001042 18 14 0
0.004431 18 -14 0
-0.004664 18 16 0
-0.001349 18 -16 0
0.005171 18 18 0
-0.001454 18 -18 0
0.026615 19 1 0
-0.008458 19 -1 0
0.011114 19 3 0
-0.005529 19 -3 0
-0.026104 19 5 0
0.018269 19 -5 0
-0.025070 19 7 0
0.018464 19 -7 0
0.012310 19 9 0
-0.004403 19 -9 0
0.012851 19 11 0
