0.260624 1 1 0
-0.089343 1 -1 0
-0.187131 2 0 0
0.051439 2 2 0
-0.034235 2 -2 0
-0.312180 3 1 0
0.011805 3 -1 0
0.023826 3 3 0
0.008729 3 -3 0
0.135226 4 0 0
0.148957 4 2 0
0.271362 4 -2 0
-0.011344 4 4 0
0.005088 4 -4 0
0.548752 5 1 0
-0.053277 5 -1 0
0.200544 5 3 0
-0.030516 5 -3 0
-0.044880 5 5 0
0.032871 5 -5 0
0.016422 6 0 0
0.019519 6 2 0
-0.331498 6 -2 0
-0.069785 6 4 0
-0.082170 6 -4 0
-0.080079 6 6 0
-0.085287 6 -6 0
-0.238145 7 1 0
0.014956 7 -1 0
-0.160536 7 3 0
0.081159 7 -3 0
-0.079316 7 5 0
0.055369 7 -5 0
-0.106880 7 7 0
0.044405 7 -7 0
-0.109601 8 0 0
0.180941 8 2 0
0.388816 8 -2 0
0.009231 8 4 0
0.107282 8 -4 0
-0.064604 8 6 0
-0.092799 8 -6 0
0.010791 8 8 0
-0.004732 8 -8 0
0.185517 9 1 0
-0.022150 9 -1 0
0.317655 9 3 0
-0.073030 9 -3 0
-0.013316 9 5 0
0.011007 9 -5 0
-0.111989 9 7 0
0.043348 9 -7 0
0.052302 9 9 0
-0.013707 9 -9 0
0.104202 10 0 0
0.053839 10 2 0
-0.156496 10 -2 0
-0.098703 10 4 0
-0.159182 10 -4 0
-0.085077 10 6 0
-0.087858 10 -6 0
0.012892 10 8 0
0.000543 10 -8 0
0.041831 10 10 0
0.014045 10 -10 0
0.096478 11 1 0
-0.027516 11 -1 0
-0.108119 11 3 0
0.060691 11 -3 0
-0.118411 11 5 0
0.075713 11 -5 0
-0.084796 11 7 0
0.044429 11 -7 0
0.055777 11 9 0
-0.013030 11 -9 0
0.086463 11 11 0
0.015499 11 -11 0
-0.068844 12 0 0
0.096306 12 2 0
0.110680 12 -2 0
0.017695 12 4 0
0.107655 12 -4 0
-0.038486 12 6 0
-0.056256 12 -6 0
0.005756 12 8 0
-0.018918 12 -8 0
0.030707 12 10 0
0.005313 12 -10 0
0.032443 12 12 0
0.007477 12 -12 0
-0.006256 13 1 0
0.004418 13 -1 0
0.139020 13 3 0
-0.028754 13 -3 0
0.031882 13 5 0
-0.004339 13 -5 0
-0.079764 13 7 0
0.028126 13 -7 0
0.030033 13 9 0
-0.003104 13 -9 0
0.065551 13 11 0
0.015363 13 -11 0
-0.023317 13 13 0
0.018624 13 -13 0
0.025544 14 0 0
0.064294 14 2 0
0.020406 14 -2 0
-0.055460 14 4 0
-0.087655 14 -4 0
-0.062763 14 6 0
-0.084175 14 -6 0
0.009632 14 8 0
0.005315 14 -8 0
0.026241 14 10 0
0.012330 14 -10 0
0.029993 14 12 0
0.003558 14 -12 0
-0.032429 14 14 0
0.014241 14 -14 0
0.091122 15 1 0
-0.025248 15 -1 0
0.005616 15 3 0
0.011428 15 -3 0
-0.086604 15 5 0
0.047343 15 -5 0
-0.052671 15 7 0
0.032416 15 -7 0
0.035651 15 9 0
-0.009373 15 -9 0
0.051083 15 11 0
0.010979 15 -11 0
-0.013659 15 13 0
0.012778 15 -13 0
-0.014922 15 15 0
0.010165 15 -15 0
-0.008581 16 0 0
0.024947 16 2 0
0.001396 16 -2 0
0.001453 16 4 0
0.030254 16 -4 0
-0.009944 16 6 0
-0.007789 16 -6 0
0.003381 16 8 0
-0.010988 16 -8 0
0.009251 16 10 0
-0.001861 16 -10 0
0.015330 16 12 0
0.001591 16 -12 0
-0.020152 16 14 0
0.005343 16 -14 0
0.000723 16 16 0
-0.004259 16 -16 0
-0.003689 17 1 0
-0.000643 17 -1 0
0.019590 17 3 0
-0.003100 17 -3 0
0.021733 17 5 0
-0.004067 17 -5 0
-0.025378 17 7 0
0.003812 17 -7 0
0.008902 17 9 0
0.001947 17 -9 0
0.023753 17 11 0
0.008742 17 -11 0
-0.009090 17 13 0
0.009727 17 -13 0
-0.008273 17 15 0
0.001147 17 -15 0
0.007574 17 17 0
0.003852 17 -17 0
0.000073 18 0 0
0.028467 18 2 0
0.024039 18 -2 0
-0.015316 18 4 0
-0.012805 18 -4 0
-0.026841 18 6 0
-0.046030 18 -6 0
-0.000607 18 8 0
0.001303 18 -8 0
0.007938 18 10 0
0.008050 18 -10 0
0.012070 18 12 0
0.004176 18 -12 0
-0.008143 18 14 0
0.006314 18 -14 0
-0.003738 18 16 0
-0.001517 18 -16 0
0.002097 18 18 0
0.000665 18 -18 0
0.026702 19 1 0
-0.008782 19 -1 0
0.012506 19 3 0
-0.007891 19 -3 0
-0.025797 19 5 0
0.015582 19 -5 0
-0.023903 19 7 0
0.016562 19 -7 0
0.012031 19 9 0
-0.004241 19 -9 0
0.013580 19 11 0
