0.136206 1 1 0
-0.081987 1 -1 0
-0.188281 2 0 0
0.028743 2 2 0
-0.019632 2 -2 0
-0.309880 3 1 0
0.028353 3 -1 0
0.000197 3 3 0
0.003149 3 -3 0
0.130974 4 0 0
0.133047 4 2 0
0.250343 4 -2 0
-0.016621 4 4 0
-0.012320 4 -4 0
0.551636 5 1 0
-0.073430 5 -1 0
0.209224 5 3 0
-0.037145 5 -3 0
-0.048268 5 5 0
0.042052 5 -5 0
0.009798 6 0 0
-0.001232 6 2 0
-0.348560 6 -2 0
-0.058093 6 4 0
-0.075760 6 -4 0
-0.065523 6 6 0
-0.079429 6 -6 0
-0.233390 7 1 0
0.001360 7 -1 0
-0.152372 7 3 0
0.072785 7 -3 0
-0.083351 7 5 0
0.057573 7 -5 0
-0.136158 7 7 0
0.058468 7 -7 0
-0.113136 8 0 0
0.162651 8 2 0
0.370991 8 -2 0
0.019535 8 4 0
0.100969 8 -4 0
-0.054352 8 6 0
-0.075654 8 -6 0
0.007930 8 8 0
-0.000753 8 -8 0
0.185260 9 1 0
-0.032582 9 -1 0
0.322986 9 3 0
-0.081814 9 -3 0
-0.016536 9 5 0
0.022739 9 -5 0
-0.137589 9 7 0
0.047509 9 -7 0
0.035743 9 9 0
-0.009448 9 -9 0
0.101458 10 0 0
0.035505 10 2 0
-0.174089 10 -2 0
-0.087699 10 4 0
-0.157126 10 -4 0
-0.070816 10 6 0
-0.079873 10 -6 0
0.016021 10 8 0
0.005994 10 -8 0
0.039391 10 10 0
0.033092 10 -10 0
0.097671 11 1 0
-0.037435 11 -1 0
-0.103248 11 3 0
0.057663 11 -3 0
-0.124953 11 5 0
0.078941 11 -5 0
-0.110036 11 7 0
0.050017 11 -7 0
0.039475 11 9 0
-0.012536 11 -9 0
0.079229 11 11 0
0.015532 11 -11 0
-0.071254 12 0 0
0.080226 12 2 0
0.099724 12 -2 0
0.022828 12 4 0
0.109721 12 -4 0
-0.029008 12 6 0
-0.044274 12 -6 0
0.003948 12 8 0
-0.013546 12 -8 0
0.030376 12 10 0
0.022113 12 -10 0
0.029172 12 12 0
0.023166 12 -12 0
-0.004575 13 1 0
-0.000276 13 -1 0
0.142784 13 3 0
-0.033367 13 -3 0
0.028479 13 5 0
0.001244 13 -5 0
-0.098643 13 7 0
0.032557 13 -7 0
0.017273 13 9 0
-0.004380 13 -9 0
0.056688 13 11 0
0.013767 13 -11 0
-0.027414 13 13 0
0.014026 13 -13 0
0.024758 14 0 0
0.051877 14 2 0
0.012727 14 -2 0
-0.050169 14 4 0
-0.086467 14 -4 0
-0.055868 14 6 0
-0.076045 14 -6 0
0.008068 14 8 0
0.008813 14 -8 0
0.024310 14 10 0
0.024153 14 -10 0
0.025830 14 12 0
0.015450 14 -12 0
-0.023990 14 14 0
0.021546 14 -14 0
0.092245 15 1 0
-0.030500 15 -1 0
0.006977 15 3 0
0.009872 15 -3 0
-0.088316 15 5 0
0.050968 15 -5 0
-0.066114 15 7 0
0.035519 15 -7 0
0.025639 15 9 0
-0.009615 15 -9 0
0.044363 15 11 0
0.008062 15 -11 0
-0.014887 15 13 0
0.007376 15 -13 0
-0.014821 15 15 0
0.006838 15 -15 0
-0.007650 16 0 0
0.018900 16 2 0
-0.004538 16 -2 0
0.004443 16 4 0
0.031206 16 -4 0
-0.004965 16 6 0
-0.003119 16 -6 0
0.000740 16 8 0
-0.008950 16 -8 0
0.007520 16 10 0
0.004155 16 -10 0
0.013001 16 12 0
0.007159 16 -12 0
-0.015493 16 14 0
0.011586 16 -14 0
-0.010081 16 16 0
0.002459 16 -16 0
-0.003489 17 1 0
-0.001507 17 -1 0
0.020865 17 3 0
-0.002359 17 -3 0
0.020357 17 5 0
-0.001744 17 -5 0
-0.033397 17 7 0
0.006939 17 -7 0
0.004404 17 9 0
0.001039 17 -9 0
0.020311 17 11 0
0.008738 17 -11 0
-0.010156 17 13 0
0.004052 17 -13 0
-0.007849 17 15 0
0.001799 17 -15 0
0.008013 17 17 0
0.003047 17 -17 0
-0.000239 18 0 0
0.023504 18 2 0
0.021863 18 -2 0
-0.012866 18 4 0
-0.010721 18 -4 0
-0.024369 18 6 0
-0.045172 18 -6 0
-0.000069 18 8 0
0.003276 18 -8 0
0.006666 18 10 0
0.010222 18 -10 0
0.011596 18 12 0
0.005760 18 -12 0
-0.003379 18 14 0
0.008461 18 -14 0
-0.007821 18 16 0
0.003932 18 -16 0
-0.001519 18 18 0
0.000680 18 -18 0
0.027455 19 1 0
-0.009663 19 -1 0
0.012385 19 3 0
-0.007858 19 -3 0
-0.025184 19 5 0
0.017171 19 -5 0
-0.028192 19 7 0
0.017281 19 -7 0
0.009881 19 9 0
-0.004672 19 -9 0
0.012845 19 11 0
