0.113433 1 1 0
-0.009731 1 -1 0
0.105687 2 0 0
-0.096889 2 2 0
-0.047713 2 -2 0
-0.212479 3 1 0
-0.322965 3 -1 0
-0.010370 3 3 0
0.035142 3 -3 0
-0.052353 4 0 0
0.249643 4 2 0
0.051195 4 -2 0
-0.011915 4 4 0
0.019734 4 -4 0
0.144085 5 1 0
0.204371 5 -1 0
-0.219473 5 3 0
0.080928 5 -3 0
-0.015467 5 5 0
0.071599 5 -5 0
-0.122681 6 0 0
-0.352060 6 2 0
-0.117543 6 -2 0
0.050685 6 4 0
-0.064118 6 -4 0
-0.000263 6 6 0
0.052277 6 -6 0
-0.104229 7 1 0
-0.149535 7 -1 0
0.182550 7 3 0
-0.034410 7 -3 0
-0.028284 7 5 0
0.125906 7 -5 0
-0.013100 7 7 0
-0.024613 7 -7 0
0.071891 8 0 0
0.196328 8 2 0
0.041586 8 -2 0
-0.100792 8 4 0
0.145239 8 -4 0
-0.021348 8 6 0
0.033511 8 -6 0
-0.031970 8 8 0
0.001153 8 -8 0
-0.079800 9 1 0
-0.105428 9 -1 0
-0.261959 9 3 0
0.098155 9 -3 0
-0.026798 9 5 0
-0.007789 9 -5 0
0.007779 9 7 0
-0.019347 9 -7 0
0.030875 9 9 0
-0.058472 9 -9 0
-0.083247 10 0 0
-0.111964 10 2 0
-0.050233 10 -2 0
0.089809 10 4 0
-0.093630 10 -4 0
0.033940 10 6 0
0.087431 10 -6 0
-0.035212 10 8 0
0.009506 10 -8 0
-0.000048 10 10 0
-0.041789 10 -10 0
0.026153 11 1 0
0.019961 11 -1 0
0.082073 11 3 0
-0.020360 11 -3 0
-0.036228 11 5 0
0.148599 11 -5 0
-0.044698 11 7 0
-0.020934 11 -7 0
0.027132 11 9 0
-0.067707 11 -9 0
0.046253 11 11 0
0.007847 11 -11 0
-0.025140 12 0 0
-0.030667 12 2 0
-0.014158 12 -2 0
-0.067666 12 4 0
0.108576 12 -4 0
-0.015927 12 6 0
0.004675 12 -6 0
-0.004930 12 8 0
-0.014424 12 -8 0
0.008623 12 10 0
-0.024469 12 -10 0
0.036612 12 12 0
-0.009146 12 -12 0
-0.068416 13 1 0
-0.078936 13 -1 0
-0.086981 13 3 0
0.044632 13 -3 0
-0.013915 13 5 0
-0.017917 13 -5 0
0.013031 13 7 0
-0.005264 13 -7 0
0.019804 13 9 0
-0.026803 13 -9 0
0.028963 13 11 0
-0.000751 13 -11 0
0.011838 13 13 0
0.004626 13 -13 0
0.000217 14 0 0
0.024358 14 2 0
-0.016623 14 -2 0
0.037428 14 4 0
-0.039925 14 -4 0
0.024074 14 6 0
0.068109 14 -6 0
-0.032107 14 8 0
0.011724 14 -8 0
-0.004394 14 10 0
-0.034769 14 -10 0
0.036289 14 12 0
-0.009410 14 -12 0
0.022972 14 14 0
0.004571 14 -14 0
-0.014523 15 1 0
-0.026145 15 -1 0
-0.018388 15 3 0
0.015431 15 -3 0
-0.016220 15 5 0
0.082901 15 -5 0
-0.030705 15 7 0
-0.020719 15 -7 0
0.019497 15 9 0
-0.048272 15 -9 0
0.035578 15 11 0
0.006692 15 -11 0
0.006995 15 13 0
0.004906 15 -13 0
-0.005603 15 15 0
-0.006999 15 -15 0
-0.025696 16 0 0
-0.035491 16 2 0
-0.005913 16 -2 0
-0.011968 16 4 0
0.032810 16 -4 0
-0.006700 16 6 0
-0.003592 16 -6 0
0.006667 16 8 0
-0.003664 16 -8 0
0.010249 16 10 0
-0.005269 16 -10 0
0.014153 16 12 0
-0.001818 16 -12 0
0.009159 16 14 0
0.005102 16 -14 0
0.011026 16 16 0
-0.004601 16 -16 0
-0.004754 17 1 0
-0.002053 17 -1 0
-0.008577 17 3 0
0.001872 17 -3 0
-0.009974 17 5 0
-0.005892 17 -5 0
0.006539 17 7 0
0.003601 17 -7 0
0.004877 17 9 0
-0.005709 17 -9 0
0.005993 17 11 0
-0.001583 17 -11 0
0.006260 17 13 0
0.001937 17 -13 0
-0.001185 17 15 0
-0.005538 17 -15 0
-0.004261 17 17 0
-0.001267 17 -17 0
-0.002338 18 0 0
0.004933 18 2 0
-0.010282 18 -2 0
0.007734 18 4 0
-0.004040 18 -4 0
0.012084 18 6 0
0.026387 18 -6 0
-0.016416 18 8 0
0.000699 18 -8 0
-0.003624 18 10 0
-0.019907 18 -10 0
0.016906 18 12 0
-0.004990 18 -12 0
0.002728 18 14 0
0.005547 18 -14 0
0.000878 18 16 0
-0.001136 18 -16 0
0.000278 18 18 0
0.001109 18 -18 0
-0.018941 19 1 0
-0.017932 19 -1 0
-0.017979 19 3 0
0.012954 19 -3 0
-0.002866 19 5 0
0.026257 19 -5 0
-0.012537 19 7 0
-0.006092 19 -7 0
0.012143 19 9 0
-0.014999 19 -9 0
0.016628 19 11 0
