0.070433 1 1 0
-0.014585 1 -1 0
0.107921 2 0 0
-0.049753 2 2 0
-0.028362 2 -2 0
-0.245165 3 1 0
-0.314954 3 -1 0
-0.020885 3 3 0
0.015635 3 -3 0
-0.048613 4 0 0
0.250651 4 2 0
0.050463 4 -2 0
-0.018901 4 4 0
0.025122 4 -4 0
0.160409 5 1 0
0.238890 5 -1 0
-0.216510 5 3 0
0.060957 5 -3 0
-0.011766 5 5 0
0.039615 5 -5 0
-0.122867 6 0 0
-0.331405 6 2 0
-0.116949 6 -2 0
0.055739 6 4 0
-0.065491 6 -4 0
-0.015118 6 6 0
0.066942 6 -6 0
-0.104424 7 1 0
-0.130240 7 -1 0
0.172962 7 3 0
-0.049135 7 -3 0
-0.033634 7 5 0
0.094228 7 -5 0
-0.002766 7 7 0
-0.015638 7 -7 0
0.071098 8 0 0
0.209442 8 2 0
0.037183 8 -2 0
-0.096475 8 4 0
0.145322 8 -4 0
-0.020161 8 6 0
0.039628 8 -6 0
-0.039698 8 8 0
0.001298 8 -8 0
-0.084605 9 1 0
-0.078471 9 -1 0
-0.268119 9 3 0
0.079831 9 -3 0
-0.029264 9 5 0
-0.030998 9 -5 0
0.006903 9 7 0
-0.010879 9 -7 0
0.035924 9 9 0
-0.043727 9 -9 0
-0.083773 10 0 0
-0.097709 10 2 0
-0.049506 10 -2 0
0.090419 10 4 0
-0.092167 10 -4 0
0.028005 10 6 0
0.094736 10 -6 0
-0.040904 10 8 0
0.016211 10 -8 0
0.013652 10 10 0
-0.056177 10 -10 0
0.030088 11 1 0
0.039385 11 -1 0
0.076604 11 3 0
-0.034088 11 -3 0
-0.036615 11 5 0
0.120114 11 -5 0
-0.040517 11 7 0
-0.009423 11 -7 0
0.031905 11 9 0
-0.057221 11 -9 0
0.052781 11 11 0
0.006202 11 -11 0
-0.025959 12 0 0
-0.020956 12 2 0
-0.016632 12 -2 0
-0.064210 12 4 0
0.108756 12 -4 0
-0.014755 12 6 0
0.009766 12 -6 0
-0.009366 12 8 0
-0.013985 12 -8 0
0.022603 12 10 0
-0.032489 12 -10 0
0.034664 12 12 0
-0.010761 12 -12 0
-0.069319 13 1 0
-0.062071 13 -1 0
-0.091674 13 3 0
0.031681 13 -3 0
-0.016504 13 5 0
-0.036572 13 -5 0
0.013679 13 7 0
0.002545 13 -7 0
0.024304 13 9 0
-0.016584 13 -9 0
0.034721 13 11 0
-0.003135 13 -11 0
0.001633 13 13 0
-0.000664 13 -13 0
0.000529 14 0 0
0.031427 14 2 0
-0.015236 14 -2 0
0.037606 14 4 0
-0.040603 14 -4 0
0.023669 14 6 0
0.071618 14 -6 0
-0.036526 14 8 0
0.015064 14 -8 0
0.005755 14 10 0
-0.043958 14 -10 0
0.033168 14 12 0
-0.009820 14 -12 0
0.023683 14 14 0
0.007365 14 -14 0
-0.013128 15 1 0
-0.015525 15 -1 0
-0.020467 15 3 0
0.009361 15 -3 0
-0.016216 15 5 0
0.070446 15 -5 0
-0.029335 15 7 0
-0.014222 15 -7 0
0.021915 15 9 0
-0.045163 15 -9 0
0.041155 15 11 0
0.004925 15 -11 0
0.002483 15 13 0
0.000757 15 -13 0
-0.003866 15 15 0
-0.007939 15 -15 0
-0.025616 16 0 0
-0.030690 16 2 0
-0.006182 16 -2 0
-0.012172 16 4 0
0.033233 16 -4 0
-0.005489 16 6 0
-0.000128 16 -6 0
0.003084 16 8 0
-0.003407 16 -8 0
0.017049 16 10 0
-0.011159 16 -10 0
0.013436 16 12 0
-0.003840 16 -12 0
0.011762 16 14 0
0.001657 16 -14 0
0.006370 16 16 0
0.001909 16 -16 0
-0.005866 17 1 0
0.003351 17 -1 0
-0.010122 17 3 0
-0.001868 17 -3 0
-0.010248 17 5 0
-0.011827 17 -5 0
0.007406 17 7 0
0.006202 17 -7 0
0.006508 17 9 0
-0.002626 17 -9 0
0.007721 17 11 0
-0.001806 17 -11 0
0.003069 17 13 0
0.000413 17 -13 0
-0.000056 17 15 0
-0.003373 17 -15 0
-0.001519 17 17 0
-0.000849 17 -17 0
-0.002148 18 0 0
0.007725 18 2 0
-0.009567 18 -2 0
0.006915 18 4 0
-0.002849 18 -4 0
0.012310 18 6 0
0.027742 18 -6 0
-0.017572 18 8 0
0.002676 18 -8 0
-0.001280 18 10 0
-0.023178 18 -10 0
0.013997 18 12 0
-0.006628 18 -12 0
0.005117 18 14 0
0.002623 18 -14 0
-0.000545 18 16 0
0.001118 18 -16 0
-0.001796 18 18 0
0.001735 18 -18 0
-0.018429 19 1 0
-0.015352 19 -1 0
-0.019983 19 3 0
0.012594 19 -3 0
-0.004158 19 5 0
0.021450 19 -5 0
-0.012881 19 7 0
-0.004399 19 -7 0
0.013887 19 9 0
-0.014700 19 -9 0
0.019592 19 11 0
