0.080855 1 1 0
0.095703 1 -1 0
0.110593 2 0 0
-0.059462 2 2 0
-0.035759 2 -2 0
-0.242156 3 1 0
-0.333091 3 -1 0
-0.004506 3 3 0
0.011628 3 -3 0
-0.052798 4 0 0
0.219179 4 2 0
0.042840 4 -2 0
-0.021660 4 4 0
0.026662 4 -4 0
0.147772 5 1 0
0.215227 5 -1 0
-0.233245 5 3 0
0.060727 5 -3 0
-0.006769 5 5 0
0.049626 5 -5 0
-0.120320 6 0 0
-0.359715 6 2 0
-0.114192 6 -2 0
0.043118 6 4 0
-0.064563 6 -4 0
-0.004298 6 6 0
0.062277 6 -6 0
-0.116408 7 1 0
-0.146877 7 -1 0
0.165647 7 3 0
-0.047795 7 -3 0
-0.027072 7 5 0
0.113198 7 -5 0
-0.000941 7 7 0
-0.016242 7 -7 0
0.071233 8 0 0
0.176587 8 2 0
0.039142 8 -2 0
-0.107914 8 4 0
0.148438 8 -4 0
-0.013242 8 6 0
0.037495 8 -6 0
-0.039076 8 8 0
0.002328 8 -8 0
-0.091120 9 1 0
-0.100453 9 -1 0
-0.269680 9 3 0
0.083218 9 -3 0
-0.020722 9 5 0
-0.023329 9 -5 0
0.017963 9 7 0
-0.007788 9 -7 0
0.033205 9 9 0
-0.042291 9 -9 0
-0.080855 10 0 0
-0.124192 10 2 0
-0.049256 10 -2 0
0.082349 10 4 0
-0.091406 10 -4 0
0.033452 10 6 0
0.095917 10 -6 0
-0.041696 10 8 0
0.010445 10 -8 0
-0.004779 10 10 0
-0.046334 10 -10 0
0.018981 11 1 0
0.025695 11 -1 0
0.073748 11 3 0
-0.038762 11 -3 0
-0.031840 11 5 0
0.135114 11 -5 0
-0.038151 11 7 0
-0.010128 11 -7 0
0.030565 11 9 0
-0.059158 11 -9 0
0.046794 11 11 0
0.009362 11 -11 0
-0.025903 12 0 0
-0.045427 12 2 0
-0.016159 12 -2 0
-0.074146 12 4 0
0.107139 12 -4 0
-0.008335 12 6 0
0.008817 12 -6 0
-0.009887 12 8 0
-0.014348 12 -8 0
0.008289 12 10 0
-0.025648 12 -10 0
0.034033 12 12 0
-0.010161 12 -12 0
-0.076799 13 1 0
-0.073314 13 -1 0
-0.097549 13 3 0
0.034586 13 -3 0
-0.012335 13 5 0
-0.031239 13 -5 0
0.019842 13 7 0
0.001762 13 -7 0
0.023394 13 9 0
-0.016808 13 -9 0
0.028320 13 11 0
-0.001832 13 -11 0
0.008826 13 13 0
0.003983 13 -13 0
0.001177 14 0 0
0.018266 14 2 0
-0.015507 14 -2 0
0.032253 14 4 0
-0.037928 14 -4 0
0.025771 14 6 0
0.072700 14 -6 0
-0.035870 14 8 0
0.011442 14 -8 0
-0.006528 14 10 0
-0.034347 14 -10 0
0.032431 14 12 0
-0.009728 14 -12 0
0.030492 14 14 0
-0.001752 14 -14 0
-0.017220 15 1 0
-0.023592 15 -1 0
-0.023106 15 3 0
0.007508 15 -3 0
-0.014460 15 5 0
0.075567 15 -5 0
-0.027072 15 7 0
-0.015632 15 -7 0
0.020131 15 9 0
-0.042467 15 -9 0
0.034309 15 11 0
0.006184 15 -11 0
0.004072 15 13 0
0.005368 15 -13 0
-0.002664 15 15 0
-0.010164 15 -15 0
-0.026012 16 0 0
-0.041491 16 2 0
-0.006489 16 -2 0
-0.014646 16 4 0
0.033141 16 -4 0
-0.003068 16 6 0
-0.001219 16 -6 0
0.003766 16 8 0
-0.004052 16 -8 0
0.009590 16 10 0
-0.007711 16 -10 0
0.013562 16 12 0
-0.003812 16 -12 0
0.012372 16 14 0
-0.002322 16 -14 0
0.012334 16 16 0
-0.004832 16 -16 0
-0.008217 17 1 0
-0.000959 17 -1 0
-0.013085 17 3 0
-0.001850 17 -3 0
-0.009044 17 5 0
-0.010520 17 -5 0
0.008752 17 7 0
0.006599 17 -7 0
0.006158 17 9 0
-0.001786 17 -9 0
0.004853 17 11 0
-0.003371 17 -11 0
0.004543 17 13 0
0.002227 17 -13 0
0.002453 17 15 0
-0.005567 17 -15 0
-0.001571 17 17 0
-0.001488 17 -17 0
-0.002221 18 0 0
0.003118 18 2 0
-0.010516 18 -2 0
0.006196 18 4 0
-0.002445 18 -4 0
0.014652 18 6 0
0.027395 18 -6 0
-0.017344 18 8 0
0.000438 18 -8 0
-0.003807 18 10 0
-0.020018 18 -10 0
0.015555 18 12 0
-0.004871 18 -12 0
0.004935 18 14 0
0.001590 18 -14 0
0.000870 18 16 0
-0.001659 18 -16 0
-0.002475 18 18 0
0.000547 18 -18 0
-0.018765 19 1 0
-0.016236 19 -1 0
-0.019551 19 3 0
0.011255 19 -3 0
-0.002048 19 5 0
0.022065 19 -5 0
-0.011566 19 7 0
-0.005080 19 -7 0
0.014057 19 9 0
-0.014124 19 -9 0
0.015741 19 11 0
