0.133353 1 1 0
-0.145050 1 -1 0
-0.193789 2 0 0
0.057922 2 2 0
0.013392 2 -2 0
-0.082125 3 1 0
0.293189 3 -1 0
-0.029666 3 3 0
0.020374 3 -3 0
0.110976 4 0 0
0.110668 4 2 0
-0.268720 4 -2 0
0.015549 4 4 0
0.006664 4 -4 0
0.058647 5 1 0
-0.519337 5 -1 0
-0.110725 5 3 0
0.134371 5 -3 0
-0.012254 5 5 0
0.010500 5 -5 0
-0.027540 6 0 0
-0.050003 6 2 0
0.308487 6 -2 0
0.052509 6 4 0
-0.033811 6 -4 0
-0.084252 6 6 0
0.090995 6 -6 0
-0.063783 7 1 0
0.265868 7 -1 0
0.027147 7 3 0
-0.166140 7 -3 0
-0.023839 7 5 0
0.035168 7 -5 0
0.103683 7 7 0
-0.030363 7 -7 0
-0.133432 8 0 0
0.174368 8 2 0
-0.385290 8 -2 0
-0.046120 8 4 0
0.098487 8 -4 0
-0.075028 8 6 0
0.092985 8 -6 0
-0.023186 8 8 0
0.034262 8 -8 0
-0.005690 9 1 0
-0.178197 9 -1 0
-0.171291 9 3 0
0.247375 9 -3 0
0.025598 9 5 0
-0.010773 9 -5 0
0.103128 9 7 0
-0.030567 9 -7 0
0.045780 9 9 0
0.022784 9 -9 0
0.071073 10 0 0
-0.005948 10 2 0
0.146496 10 -2 0
0.094591 10 4 0
-0.112137 10 -4 0
-0.089835 10 6 0
0.087787 10 -6 0
-0.020780 10 8 0
0.033260 10 -8 0
0.046047 10 10 0
-0.027946 10 -10 0
0.001378 11 1 0
-0.060218 11 -1 0
0.020964 11 3 0
-0.128979 11 -3 0
-0.055872 11 5 0
0.076370 11 -5 0
0.085761 11 7 0
-0.010006 11 -7 0
0.039233 11 9 0
0.013718 11 -9 0
-0.039479 11 11 0
0.026795 11 -11 0
-0.094437 12 0 0
0.078972 12 2 0
-0.125545 12 -2 0
-0.052032 12 4 0
0.102696 12 -4 0
-0.038138 12 6 0
0.060718 12 -6 0
-0.005489 12 8 0
0.012827 12 -8 0
0.039399 12 10 0
-0.012239 12 -10 0
0.004041 12 12 0
-0.031129 12 -12 0
-0.033559 13 1 0
0.012186 13 -1 0
-0.095126 13 3 0
0.114215 13 -3 0
0.036374 13 5 0
-0.037495 13 -5 0
0.066326 13 7 0
-0.031454 13 -7 0
0.022054 13 9 0
0.018187 13 -9 0
-0.031062 13 11 0
0.012882 13 -11 0
-0.001342 13 13 0
0.027980 13 -13 0
0.013338 14 0 0
0.039274 14 2 0
-0.023435 14 -2 0
0.059765 14 4 0
-0.070537 14 -4 0
-0.073035 14 6 0
0.069407 14 -6 0
-0.012258 14 8 0
0.025822 14 -8 0
0.035797 14 10 0
-0.014413 14 -10 0
0.004712 14 12 0
-0.019700 14 -12 0
-0.016326 14 14 0
-0.002924 14 -14 0
0.013927 15 1 0
-0.078185 15 -1 0
-0.014078 15 3 0
-0.011671 15 -3 0
-0.047550 15 5 0
0.065367 15 -5 0
0.060321 15 7 0
-0.012413 15 -7 0
0.022557 15 9 0
0.000036 15 -9 0
-0.026110 15 11 0
0.012389 15 -11 0
0.000743 15 13 0
0.014537 15 -13 0
-0.005948 15 15 0
0.000349 15 -15 0
-0.019392 16 0 0
0.012646 16 2 0
-0.011424 16 -2 0
-0.016579 16 4 0
0.033400 16 -4 0
-0.005906 16 6 0
0.011899 16 -6 0
0.000513 16 8 0
0.004154 16 -8 0
0.016292 16 10 0
-0.002958 16 -10 0
0.006445 16 12 0
-0.012382 16 -12 0
-0.012671 16 14 0
0.003629 16 -14 0
0.011866 16 16 0
0.001286 16 -16 0
-0.014018 17 1 0
0.011153 17 -1 0
-0.022954 17 3 0
0.017771 17 -3 0
0.016125 17 5 0
-0.023127 17 -5 0
0.017568 17 7 0
-0.009493 17 -7 0
0.005216 17 9 0
0.007117 17 -9 0
-0.012605 17 11 0
0.001321 17 -11 0
-0.002720 17 13 0
0.010294 17 -13 0
-0.000796 17 15 0
-0.003816 17 -15 0
-0.003050 17 17 0
-0.008605 17 -17 0
-0.004931 18 0 0
0.023237 18 2 0
-0.026327 18 -2 0
0.017069 18 4 0
-0.013286 18 -4 0
-0.032720 18 6 0
0.034362 18 -6 0
-0.000837 18 8 0
0.008180 18 -8 0
0.013685 18 10 0
-0.006950 18 -10 0
0.001156 18 12 0
-0.005956 18 -12 0
-0.003426 18 14 0
0.000915 18 -14 0
0.005452 18 16 0
0.000068 18 -16 0
0.006501 18 18 0
0.002551 18 -18 0
0.004354 19 1 0
-0.023836 19 -1 0
-0.015557 19 3 0
0.008487 19 -3 0
-0.018046 19 5 0
0.021404 19 -5 0
0.030389 19 7 0
-0.010458 19 -7 0
0.006991 19 9 0
-0.002603 19 -9 0
-0.011586 19 11 0
