0.083846 1 1 0
-0.127506 1 -1 0
-0.238152 2 0 0
0.021251 2 2 0
0.069012 2 -2 0
-0.064871 3 1 0
0.298130 3 -1 0
-0.039801 3 3 0
0.006003 3 -3 0
0.109515 4 0 0
0.135945 4 2 0
-0.280464 4 -2 0
0.007304 4 4 0
0.026599 4 -4 0
0.075220 5 1 0
-0.525953 5 -1 0
-0.130125 5 3 0
0.151283 5 -3 0
-0.033825 5 5 0
0.017054 5 -5 0
-0.038342 6 0 0
-0.048923 6 2 0
0.308477 6 -2 0
0.033493 6 4 0
-0.041898 6 -4 0
-0.076753 6 6 0
0.084580 6 -6 0
-0.067450 7 1 0
0.264094 7 -1 0
0.017758 7 3 0
-0.155218 7 -3 0
-0.046663 7 5 0
0.034661 7 -5 0
0.092606 7 7 0
-0.027857 7 -7 0
-0.140158 8 0 0
0.176819 8 2 0
-0.388539 8 -2 0
-0.057161 8 4 0
0.107593 8 -4 0
-0.067501 8 6 0
0.090437 8 -6 0
-0.012537 8 8 0
0.035510 8 -8 0
0.004034 9 1 0
-0.181383 9 -1 0
-0.185657 9 3 0
0.263921 9 -3 0
0.004404 9 5 0
-0.006506 9 -5 0
0.080634 9 7 0
-0.040548 9 -7 0
0.034017 9 9 0
0.000585 9 -9 0
0.063344 10 0 0
-0.002252 10 2 0
0.143128 10 -2 0
0.083409 10 4 0
-0.112520 10 -4 0
-0.088333 10 6 0
0.083777 10 -6 0
-0.007310 10 8 0
0.036961 10 -8 0
0.064666 10 10 0
-0.020557 10 -10 0
0.003547 11 1 0
-0.066750 11 -1 0
0.008630 11 3 0
-0.119031 11 -3 0
-0.077331 11 5 0
0.076286 11 -5 0
0.072491 11 7 0
-0.014017 11 -7 0
0.031553 11 9 0
-0.007444 11 -9 0
-0.027610 11 11 0
0.013963 11 -11 0
-0.100293 12 0 0
0.084197 12 2 0
-0.125498 12 -2 0
-0.063045 12 4 0
0.107164 12 -4 0
-0.033018 12 6 0
0.059785 12 -6 0
0.004752 12 8 0
0.015403 12 -8 0
0.051677 12 10 0
-0.013819 12 -10 0
0.000738 12 12 0
-0.017059 12 -12 0
-0.029820 13 1 0
0.010278 13 -1 0
-0.102148 13 3 0
0.121518 13 -3 0
0.024603 13 5 0
-0.035608 13 -5 0
0.058016 13 7 0
-0.037408 13 -7 0
0.014874 13 9 0
0.005318 13 -9 0
-0.018305 13 11 0
0.000467 13 -11 0
0.007051 13 13 0
0.024889 13 -13 0
0.009045 14 0 0
0.043181 14 2 0
-0.024957 14 -2 0
0.053921 14 4 0
-0.068476 14 -4 0
-0.070680 14 6 0
0.068796 14 -6 0
-0.005923 14 8 0
0.029478 14 -8 0
0.047933 14 10 0
-0.014189 14 -10 0
0.000578 14 12 0
-0.009657 14 -12 0
-0.016354 14 14 0
-0.002032 14 -14 0
0.016553 15 1 0
-0.080231 15 -1 0
-0.021838 15 3 0
-0.007279 15 -3 0
-0.055861 15 5 0
0.065686 15 -5 0
0.052854 15 7 0
-0.014792 15 -7 0
0.021508 15 9 0
-0.009454 15 -9 0
-0.018408 15 11 0
0.007271 15 -11 0
0.006304 15 13 0
0.012179 15 -13 0
0.001222 15 15 0
-0.011182 15 -15 0
-0.023959 16 0 0
0.016270 16 2 0
-0.011950 16 -2 0
-0.021102 16 4 0
0.035037 16 -4 0
-0.004277 16 6 0
0.012892 16 -6 0
0.003601 16 8 0
0.004881 16 -8 0
0.020780 16 10 0
-0.002890 16 -10 0
0.001729 16 12 0
-0.006163 16 -12 0
-0.015092 16 14 0
0.001373 16 -14 0
0.017092 16 16 0
0.003982 16 -16 0
-0.014384 17 1 0
0.009216 17 -1 0
-0.026092 17 3 0
0.019964 17 -3 0
0.012479 17 5 0
-0.021471 17 -5 0
0.015183 17 7 0
-0.013339 17 -7 0
0.004696 17 9 0
0.001751 17 -9 0
-0.007428 17 11 0
-0.001093 17 -11 0
-0.000350 17 13 0
0.010396 17 -13 0
0.002917 17 15 0
-0.007572 17 -15 0
0.002832 17 17 0
-0.010330 17 -17 0
-0.006548 18 0 0
0.024759 18 2 0
-0.025956 18 -2 0
0.014465 18 4 0
-0.013529 18 -4 0
-0.031334 18 6 0
0.036287 18 -6 0
0.001964 18 8 0
0.009792 18 -8 0
0.018341 18 10 0
-0.006799 18 -10 0
-0.001843 18 12 0
-0.002699 18 -12 0
-0.003438 18 14 0
-0.000414 18 -14 0
0.007597 18 16 0
0.000755 18 -16 0
0.005728 18 18 0
0.003131 18 -18 0
0.005220 19 1 0
-0.023837 19 -1 0
-0.017086 19 3 0
0.009692 19 -3 0
-0.020866 19 5 0
0.022436 19 -5 0
0.028634 19 7 0
-0.009982 19 -7 0
0.006247 19 9 0
-0.006915 19 -9 0
-0.008675 19 11 0
