0.144500 1 1 0
-0.151755 1 -1 0
-0.225051 2 0 0
-0.001660 2 2 0
0.007906 2 -2 0
-0.066114 3 1 0
0.297025 3 -1 0
-0.041252 3 3 0
0.011219 3 -3 0
0.128072 4 0 0
0.123743 4 2 0
-0.266181 4 -2 0
0.004832 4 4 0
0.013829 4 -4 0
0.082101 5 1 0
-0.508035 5 -1 0
-0.109292 5 3 0
0.157204 5 -3 0
-0.014576 5 5 0
0.014273 5 -5 0
-0.025188 6 0 0
-0.052981 6 2 0
0.312432 6 -2 0
0.047351 6 4 0
-0.044395 6 -4 0
-0.084553 6 6 0
0.086254 6 -6 0
-0.054162 7 1 0
0.276348 7 -1 0
0.029081 7 3 0
-0.145990 7 -3 0
-0.041175 7 5 0
0.019145 7 -5 0
0.099222 7 7 0
-0.038811 7 -7 0
-0.126280 8 0 0
0.168014 8 2 0
-0.385192 8 -2 0
-0.050595 8 4 0
0.098575 8 -4 0
-0.073121 8 6 0
0.091848 8 -6 0
-0.022935 8 8 0
0.035748 8 -8 0
0.013817 9 1 0
-0.173763 9 -1 0
-0.166293 9 3 0
0.268729 9 -3 0
0.009017 9 5 0
-0.013029 9 -5 0
0.092366 9 7 0
-0.046198 9 -7 0
0.038916 9 9 0
0.010337 9 -9 0
0.075734 10 0 0
-0.011564 10 2 0
0.150037 10 -2 0
0.089607 10 4 0
-0.120428 10 -4 0
-0.087632 10 6 0
0.081217 10 -6 0
-0.014258 10 8 0
0.034984 10 -8 0
0.056569 10 10 0
-0.028790 10 -10 0
0.012032 11 1 0
-0.055781 11 -1 0
0.022459 11 3 0
-0.111284 11 -3 0
-0.067565 11 5 0
0.070467 11 -5 0
0.079384 11 7 0
-0.022887 11 -7 0
0.035043 11 9 0
0.002024 11 -9 0
-0.022713 11 11 0
0.018605 11 -11 0
-0.089449 12 0 0
0.076054 12 2 0
-0.123750 12 -2 0
-0.056018 12 4 0
0.100484 12 -4 0
-0.040450 12 6 0
0.057965 12 -6 0
-0.003502 12 8 0
0.013892 12 -8 0
0.045095 12 10 0
-0.014750 12 -10 0
0.002948 12 12 0
-0.028661 12 -12 0
-0.022323 13 1 0
0.015563 13 -1 0
-0.094110 13 3 0
0.127023 13 -3 0
0.026660 13 5 0
-0.041427 13 -5 0
0.059870 13 7 0
-0.040417 13 -7 0
0.018412 13 9 0
0.012655 13 -9 0
-0.018607 13 11 0
0.007366 13 -11 0
0.004307 13 13 0
0.026473 13 -13 0
0.016571 14 0 0
0.036870 14 2 0
-0.022241 14 -2 0
0.056333 14 4 0
-0.073952 14 -4 0
-0.072181 14 6 0
0.067133 14 -6 0
-0.011309 14 8 0
0.027975 14 -8 0
0.041773 14 10 0
-0.017490 14 -10 0
0.001989 14 12 0
-0.019020 14 -12 0
-0.014448 14 14 0
-0.001695 14 -14 0
0.022296 15 1 0
-0.074349 15 -1 0
-0.013122 15 3 0
-0.002695 15 -3 0
-0.053270 15 5 0
0.060758 15 -5 0
0.056872 15 7 0
-0.020115 15 -7 0
0.021078 15 9 0
-0.006400 15 -9 0
-0.016377 15 11 0
0.010068 15 -11 0
0.004990 15 13 0
0.014600 15 -13 0
-0.003964 15 15 0
-0.009085 15 -15 0
-0.017802 16 0 0
0.011809 16 2 0
-0.010532 16 -2 0
-0.017679 16 4 0
0.030517 16 -4 0
-0.007471 16 6 0
0.010687 16 -6 0
0.002118 16 8 0
0.004512 16 -8 0
0.018205 16 10 0
-0.004400 16 -10 0
0.002907 16 12 0
-0.011420 16 -12 0
-0.011768 16 14 0
0.000373 16 -14 0
0.018670 16 16 0
0.009037 16 -16 0
-0.010579 17 1 0
0.011851 17 -1 0
-0.023485 17 3 0
0.023177 17 -3 0
0.012535 17 5 0
-0.023698 17 -5 0
0.014989 17 7 0
-0.014846 17 -7 0
0.004090 17 9 0
0.004901 17 -9 0
-0.007348 17 11 0
-0.000153 17 -11 0
-0.000094 17 13 0
0.010184 17 -13 0
0.001411 17 15 0
-0.007637 17 -15 0
0.003405 17 17 0
-0.008067 17 -17 0
-0.004237 18 0 0
0.022662 18 2 0
-0.027477 18 -2 0
0.013896 18 4 0
-0.015276 18 -4 0
-0.033429 18 6 0
0.035593 18 -6 0
-0.000466 18 8 0
0.010682 18 -8 0
0.016178 18 10 0
-0.006765 18 -10 0
-0.000733 18 12 0
-0.004753 18 -12 0
-0.003321 18 14 0
0.000910 18 -14 0
0.006922 18 16 0
0.003379 18 -16 0
0.005297 18 18 0
0.004607 18 -18 0
0.006509 19 1 0
-0.022624 19 -1 0
-0.015654 19 3 0
0.011802 19 -3 0
-0.020848 19 5 0
0.021227 19 -5 0
0.027087 19 7 0
-0.012492 19 -7 0
0.006403 19 9 0
-0.003484 19 -9 0
-0.007858 19 11 0
