0.112358 1 1 0
-0.093077 1 -1 0
-0.112998 2 0 0
-0.128534 2 2 0
0.036337 2 -2 0
-0.210950 3 1 0
0.190726 3 -1 0
0.058851 3 3 0
0.065131 3 -3 0
-0.004825 4 0 0
0.256470 4 2 0
0.024690 4 -2 0
0.015350 4 4 0
-0.031275 4 -4 0
0.174549 5 1 0
-0.105468 5 -1 0
-0.120900 5 3 0
-0.125430 5 -3 0
-0.009449 5 5 0
0.027703 5 -5 0
0.129870 6 0 0
-0.334758 6 2 0
0.020235 6 -2 0
-0.007315 6 4 0
0.146033 6 -4 0
0.072829 6 6 0
-0.033131 6 -6 0
0.046639 7 1 0
-0.016953 7 -1 0
0.197839 7 3 0
0.242463 7 -3 0
0.062693 7 5 0
-0.043710 7 -5 0
-0.012666 7 7 0
-0.047142 7 -7 0
-0.052444 8 0 0
0.079115 8 2 0
0.017283 8 -2 0
0.022474 8 4 0
-0.175187 8 -4 0
0.017261 8 6 0
-0.043162 8 -6 0
0.006184 8 8 0
-0.034578 8 -8 0
-0.061809 9 1 0
0.097315 9 -1 0
-0.095666 9 3 0
-0.095393 9 -3 0
-0.098551 9 5 0
0.088786 9 -5 0
0.002090 9 7 0
-0.019552 9 -7 0
-0.019955 9 9 0
-0.051050 9 -9 0
0.022093 10 0 0
-0.033224 10 2 0
0.017983 10 -2 0
-0.008911 10 4 0
0.161237 10 -4 0
0.130209 10 6 0
-0.020824 10 -6 0
0.011614 10 8 0
-0.059753 10 -8 0
-0.035606 10 10 0
-0.014051 10 -10 0
0.073713 11 1 0
-0.039255 11 -1 0
0.070165 11 3 0
0.088414 11 -3 0
0.075353 11 5 0
-0.051459 11 -5 0
-0.036872 11 7 0
-0.069752 11 -7 0
-0.038437 11 9 0
-0.026146 11 -9 0
-0.007859 11 11 0
-0.009649 11 -11 0
0.042128 12 0 0
-0.091399 12 2 0
0.014097 12 -2 0
0.008790 12 4 0
-0.088417 12 -4 0
-0.002985 12 6 0
-0.038694 12 -6 0
0.000193 12 8 0
-0.007211 12 -8 0
-0.005369 12 10 0
-0.008610 12 -10 0
-0.011484 12 12 0
0.039090 12 -12 0
0.018006 13 1 0
0.008771 13 -1 0
0.017384 13 3 0
0.026325 13 -3 0
-0.065748 13 5 0
0.054935 13 -5 0
0.006135 13 7 0
0.000265 13 -7 0
-0.001197 13 9 0
-0.038162 13 -9 0
-0.014901 13 11 0
-0.024938 13 -11 0
-0.014280 13 13 0
0.023092 13 -13 0
-0.003826 14 0 0
-0.000531 14 2 0
0.007038 14 -2 0
0.001339 14 4 0
0.034248 14 -4 0
0.087846 14 6 0
-0.011144 14 -6 0
0.013696 14 8 0
-0.047025 14 -8 0
-0.027459 14 10 0
-0.010730 14 -10 0
-0.009619 14 12 0
0.038123 14 -12 0
0.030900 14 14 0
0.009968 14 -14 0
-0.001472 15 1 0
0.019858 15 -1 0
0.001841 15 3 0
0.008053 15 -3 0
0.023848 15 5 0
-0.017368 15 -5 0
-0.024000 15 7 0
-0.045337 15 -7 0
-0.030445 15 9 0
-0.009378 15 -9 0
0.002450 15 11 0
0.001972 15 -11 0
-0.004417 15 13 0
0.012316 15 -13 0
-0.000397 15 15 0
-0.004165 15 -15 0
0.010547 16 0 0
-0.020796 16 2 0
0.005781 16 -2 0
0.002577 16 4 0
-0.005383 16 -4 0
0.000323 16 6 0
-0.016434 16 -6 0
-0.001404 16 8 0
0.000380 16 -8 0
0.007635 16 10 0
-0.002125 16 -10 0
-0.005239 16 12 0
0.012946 16 -12 0
0.014955 16 14 0
0.006081 16 -14 0
-0.000937 16 16 0
0.007234 16 -16 0
0.021004 17 1 0
-0.010303 17 -1 0
0.012059 17 3 0
0.016310 17 -3 0
-0.014994 17 5 0
0.011877 17 -5 0
0.002953 17 7 0
0.002404 17 -7 0
0.002455 17 9 0
-0.016182 17 -9 0
-0.010503 17 11 0
-0.017241 17 -11 0
-0.008127 17 13 0
0.011037 17 -13 0
0.000069 17 15 0
-0.001318 17 -15 0
0.006857 17 17 0
0.005573 17 -17 0
0.008963 18 0 0
-0.019588 18 2 0
0.001745 18 -2 0
0.001337 18 4 0
-0.005653 18 -4 0
0.027850 18 6 0
-0.003364 18 -6 0
0.005420 18 8 0
-0.020089 18 -8 0
-0.010406 18 10 0
-0.004870 18 -10 0
-0.005084 18 12 0
0.019020 18 -12 0
0.010598 18 14 0
0.004668 18 -14 0
0.000597 18 16 0
0.001217 18 -16 0
-0.000341 18 18 0
-0.002785 18 -18 0
0.004647 19 1 0
0.002183 19 -1 0
0.000259 19 3 0
0.004260 19 -3 0
-0.000733 19 5 0
-0.002704 19 -5 0
-0.008150 19 7 0
-0.014273 19 -7 0
-0.009610 19 9 0
-0.004110 19 -9 0
0.002191 19 11 0
