0.107392 1 1 0
-0.110175 1 -1 0
-0.125324 2 0 0
-0.113860 2 2 0
-0.033840 2 -2 0
-0.204618 3 1 0
0.205818 3 -1 0
0.052280 3 3 0
0.071486 3 -3 0
-0.007114 4 0 0
0.251374 4 2 0
0.031449 4 -2 0
0.022996 4 4 0
-0.018283 4 -4 0
0.180667 5 1 0
-0.118690 5 -1 0
-0.102943 5 3 0
-0.117846 5 -3 0
-0.024493 5 5 0
0.039858 5 -5 0
0.118715 6 0 0
-0.319169 6 2 0
0.009380 6 -2 0
-0.009174 6 4 0
0.143604 6 -4 0
0.064030 6 6 0
-0.032127 6 -6 0
0.063303 7 1 0
-0.025796 7 -1 0
0.206628 7 3 0
0.249733 7 -3 0
0.054556 7 5 0
-0.034817 7 -5 0
-0.035578 7 7 0
-0.044145 7 -7 0
-0.057910 8 0 0
0.086014 8 2 0
0.022916 8 -2 0
0.027040 8 4 0
-0.172050 8 -4 0
0.005824 8 6 0
-0.032442 8 -6 0
0.008547 8 8 0
-0.039252 8 -8 0
-0.045639 9 1 0
0.085188 9 -1 0
-0.085442 9 3 0
-0.091868 9 -3 0
-0.111475 9 5 0
0.099929 9 -5 0
-0.022973 9 7 0
-0.011968 9 -7 0
-0.021686 9 9 0
-0.057718 9 -9 0
0.011507 10 0 0
-0.024524 10 2 0
0.013083 10 -2 0
-0.005789 10 4 0
0.164707 10 -4 0
0.123440 10 6 0
-0.013812 10 -6 0
0.013688 10 8 0
-0.061037 10 -8 0
-0.023916 10 10 0
-0.019409 10 -10 0
0.083423 11 1 0
-0.049321 11 -1 0
0.080952 11 3 0
0.095242 11 -3 0
0.067467 11 5 0
-0.042986 11 -5 0
-0.056931 11 7 0
-0.065936 11 -7 0
-0.035839 11 9 0
-0.034358 11 -9 0
0.005586 11 11 0
-0.016584 11 -11 0
0.036743 12 0 0
-0.085754 12 2 0
0.010885 12 -2 0
0.013583 12 4 0
-0.087000 12 -4 0
-0.009528 12 6 0
-0.030883 12 -6 0
0.003295 12 8 0
-0.005718 12 -8 0
0.001865 12 10 0
-0.005484 12 -10 0
-0.000726 12 12 0
0.035263 12 -12 0
0.028570 13 1 0
0.002562 13 -1 0
0.023402 13 3 0
0.030897 13 -3 0
-0.069852 13 5 0
0.061848 13 -5 0
-0.009968 13 7 0
0.006747 13 -7 0
-0.002132 13 9 0
-0.045608 13 -9 0
-0.002318 13 11 0
-0.026104 13 -11 0
-0.010926 13 13 0
0.020589 13 -13 0
-0.008914 14 0 0
0.005491 14 2 0
0.006211 14 -2 0
0.004357 14 4 0
0.034782 14 -4 0
0.080895 14 6 0
-0.005724 14 -6 0
0.013265 14 8 0
-0.048420 14 -8 0
-0.022736 14 10 0
-0.009404 14 -10 0
0.002820 14 12 0
0.038294 14 -12 0
0.030480 14 14 0
0.016131 14 -14 0
0.006784 15 1 0
0.015561 15 -1 0
0.008977 15 3 0
0.010899 15 -3 0
0.019432 15 5 0
-0.013170 15 -5 0
-0.035479 15 7 0
-0.042779 15 -7 0
-0.030356 15 9 0
-0.013465 15 -9 0
0.011239 15 11 0
-0.000530 15 -11 0
-0.003624 15 13 0
0.012796 15 -13 0
-0.003216 15 15 0
-0.006322 15 -15 0
0.007777 16 0 0
-0.018666 16 2 0
0.002660 16 -2 0
0.004760 16 4 0
-0.004527 16 -4 0
-0.002825 16 6 0
-0.014022 16 -6 0
0.001662 16 8 0
0.001530 16 -8 0
0.011798 16 10 0
-0.001573 16 -10 0
0.002700 16 12 0
0.013710 16 -12 0
0.014710 16 14 0
0.010253 16 -14 0
0.002012 16 16 0
0.007231 16 -16 0
0.025201 17 1 0
-0.011617 17 -1 0
0.014167 17 3 0
0.018683 17 -3 0
-0.017793 17 5 0
0.014135 17 -5 0
-0.003055 17 7 0
0.005071 17 -7 0
0.002087 17 9 0
-0.017642 17 -9 0
-0.005333 17 11 0
-0.018412 17 -11 0
-0.007473 17 13 0
0.011576 17 -13 0
-0.000878 17 15 0
-0.003719 17 -15 0
0.008789 17 17 0
0.004873 17 -17 0
0.007762 18 0 0
-0.018078 18 2 0
0.001034 18 -2 0
0.003278 18 4 0
-0.005202 18 -4 0
0.025850 18 6 0
-0.002042 18 -6 0
0.007296 18 8 0
-0.018551 18 -8 0
-0.010693 18 10 0
-0.002934 18 -10 0
-0.002145 18 12 0
0.019332 18 -12 0
0.012768 18 14 0
0.006039 18 -14 0
0.002811 18 16 0
0.000781 18 -16 0
-0.003957 18 18 0
-0.000967 18 -18 0
0.006472 19 1 0
0.000750 19 -1 0
0.003042 19 3 0
0.003739 19 -3 0
-0.001446 19 5 0
-0.000444 19 -5 0
-0.011136 19 7 0
-0.012982 19 -7 0
-0.010620 19 9 0
-0.004958 19 -9 0
0.005394 19 11 0
