0.183461 1 1 0
-0.154932 1 -1 0
-0.077673 2 0 0
-0.111629 2 2 0
-0.008813 2 -2 0
-0.200406 3 1 0
0.205222 3 -1 0
0.044821 3 3 0
0.091450 3 -3 0
-0.014266 4 0 0
0.236629 4 2 0
0.021239 4 -2 0
-0.014083 4 4 0
-0.025229 4 -4 0
0.150065 5 1 0
-0.128053 5 -1 0
-0.129414 5 3 0
-0.125655 5 -3 0
-0.005280 5 5 0
0.031240 5 -5 0
0.119318 6 0 0
-0.350623 6 2 0
0.007672 6 -2 0
-0.014241 6 4 0
0.150756 6 -4 0
0.055073 6 6 0
-0.025242 6 -6 0
0.042837 7 1 0
-0.030433 7 -1 0
0.182812 7 3 0
0.247749 7 -3 0
0.066353 7 5 0
-0.037074 7 -5 0
-0.006895 7 7 0
-0.044764 7 -7 0
-0.064327 8 0 0
0.066513 8 2 0
0.017955 8 -2 0
0.010096 8 4 0
-0.173256 8 -4 0
0.000556 8 6 0
-0.023476 8 -6 0
-0.005872 8 8 0
-0.037821 8 -8 0
-0.073131 9 1 0
0.084014 9 -1 0
-0.106168 9 3 0
-0.092965 9 -3 0
-0.097499 9 5 0
0.093317 9 -5 0
0.011410 9 7 0
-0.016002 9 -7 0
-0.031491 9 9 0
-0.047493 9 -9 0
0.014641 10 0 0
-0.044898 10 2 0
0.010775 10 -2 0
-0.018552 10 4 0
0.164161 10 -4 0
0.114285 10 6 0
-0.007801 10 -6 0
-0.002013 10 8 0
-0.061800 10 -8 0
-0.032911 10 10 0
-0.011732 10 -10 0
0.067341 11 1 0
-0.052655 11 -1 0
0.060690 11 3 0
0.095704 11 -3 0
0.078292 11 5 0
-0.045575 11 -5 0
-0.030318 11 7 0
-0.066847 11 -7 0
-0.048372 11 9 0
-0.024846 11 -9 0
-0.001162 11 11 0
-0.006519 11 -11 0
0.035294 12 0 0
-0.101073 12 2 0
0.009689 12 -2 0
0.002476 12 4 0
-0.085908 12 -4 0
-0.016814 12 6 0
-0.026824 12 -6 0
-0.009991 12 8 0
-0.007022 12 -8 0
-0.002948 12 10 0
-0.005400 12 -10 0
-0.006125 12 12 0
0.044294 12 -12 0
0.012095 13 1 0
0.000894 13 -1 0
0.008399 13 3 0
0.029184 13 -3 0
-0.060890 13 5 0
0.058310 13 -5 0
0.011031 13 7 0
0.003089 13 -7 0
-0.009054 13 9 0
-0.037847 13 -9 0
-0.012465 13 11 0
-0.022306 13 -11 0
-0.005364 13 13 0
0.025137 13 -13 0
-0.009453 14 0 0
-0.005951 14 2 0
0.002801 14 -2 0
-0.004802 14 4 0
0.036814 14 -4 0
0.076610 14 6 0
-0.004529 14 -6 0
0.003803 14 8 0
-0.048469 14 -8 0
-0.027064 14 10 0
-0.009600 14 -10 0
-0.006410 14 12 0
0.041785 14 -12 0
0.026824 14 14 0
0.009888 14 -14 0
-0.005140 15 1 0
0.014156 15 -1 0
-0.004137 15 3 0
0.008914 15 -3 0
0.026833 15 5 0
-0.014955 15 -5 0
-0.020112 15 7 0
-0.043354 15 -7 0
-0.036486 15 9 0
-0.008906 15 -9 0
0.003289 15 11 0
0.003950 15 -11 0
0.001649 15 13 0
0.013060 15 -13 0
0.001354 15 15 0
0.001016 15 -15 0
0.007756 16 0 0
-0.024032 16 2 0
0.003141 16 -2 0
-0.001314 16 4 0
-0.003440 16 -4 0
-0.006741 16 6 0
-0.011001 16 -6 0
-0.005411 16 8 0
0.001978 16 -8 0
0.009509 16 10 0
-0.002168 16 -10 0
-0.002281 16 12 0
0.016335 16 -12 0
0.013403 16 14 0
0.005475 16 -14 0
0.002990 16 16 0
0.002873 16 -16 0
0.020241 17 1 0
-0.012888 17 -1 0
0.009457 17 3 0
0.017552 17 -3 0
-0.013529 17 5 0
0.012762 17 -5 0
0.005216 17 7 0
0.003230 17 -7 0
0.000490 17 9 0
-0.015057 17 -9 0
-0.008748 17 11 0
-0.015319 17 -11 0
-0.004255 17 13 0
0.009749 17 -13 0
-0.000614 17 15 0
-0.000978 17 -15 0
-0.000306 17 17 0
0.005756 17 -17 0
0.007910 18 0 0
-0.020371 18 2 0
0.000691 18 -2 0
-0.000574 18 4 0
-0.005476 18 -4 0
0.024300 18 6 0
-0.002455 18 -6 0
0.001328 18 8 0
-0.018554 18 -8 0
-0.010316 18 10 0
-0.005898 18 -10 0
-0.002844 18 12 0
0.020641 18 -12 0
0.009201 18 14 0
0.003149 18 -14 0
-0.000276 18 16 0
0.000010 18 -16 0
-0.001530 18 18 0
-0.003225 18 -18 0
0.004992 19 1 0
0.002028 19 -1 0
-0.001395 19 3 0
0.004171 19 -3 0
0.002460 19 5 0
-0.001560 19 -5 0
-0.007355 19 7 0
-0.015037 19 -7 0
-0.009086 19 9 0
-0.004442 19 -9 0
0.001282 19 11 0
