0.138570 1 1 0
-0.140232 1 -1 0
0.038290 2 0 0
-0.031958 2 2 0
0.036195 2 -2 0
0.113680 3 1 0
0.024753 3 -1 0
-0.021833 3 3 0
-0.002061 3 -3 0
-0.026596 4 0 0
-0.002934 4 2 0
-0.077272 4 -2 0
0.009376 4 4 0
0.012766 4 -4 0
-0.115267 5 1 0
0.004869 5 -1 0
-0.019385 5 3 0
0.007790 5 -3 0
0.009067 5 5 0
-0.001101 5 -5 0
-0.015602 6 0 0
0.012918 6 2 0
0.087638 6 -2 0
0.009048 6 4 0
0.018790 6 -4 0
0.002176 6 6 0
0.006379 6 -6 0
0.077003 7 1 0
0.004105 7 -1 0
0.064875 7 3 0
-0.004673 7 -3 0
0.021984 7 5 0
-0.011396 7 -5 0
0.015635 7 7 0
-0.001543 7 -7 0
0.023882 8 0 0
-0.007661 8 2 0
-0.089784 8 -2 0
-0.004649 8 4 0
-0.027585 8 -4 0
0.008729 8 6 0
0.007376 8 -6 0
0.013214 8 8 0
0.008884 8 -8 0
-0.013792 9 1 0
0.006996 9 -1 0
-0.059100 9 3 0
0.013630 9 -3 0
-0.002156 9 5 0
0.000215 9 -5 0
0.014834 9 7 0
-0.006291 9 -7 0
0.006735 9 9 0
0.009519 9 -9 0
-0.027728 10 0 0
0.006083 10 2 0
0.033138 10 -2 0
0.011133 10 4 0
0.040056 10 -4 0
0.003335 10 6 0
0.011540 10 -6 0
0.009497 10 8 0
0.003904 10 -8 0
0.006141 10 10 0
-0.019315 10 -10 0
-0.008261 11 1 0
0.006343 11 -1 0
0.046250 11 3 0
-0.000004 11 -3 0
0.035046 11 5 0
-0.006538 11 -5 0
0.012481 11 7 0
-0.006892 11 -7 0
0.004475 11 9 0
0.009270 11 -9 0
-0.001753 11 11 0
0.002921 11 -11 0
0.014837 12 0 0
0.000527 12 2 0
-0.021668 12 -2 0
-0.003308 12 4 0
-0.028919 12 -4 0
0.001148 12 6 0
-0.002661 12 -6 0
0.008970 12 8 0
0.010309 12 -8 0
0.007361 12 10 0
-0.011810 12 -10 0
0.018283 12 12 0
-0.010663 12 -12 0
0.021113 13 1 0
-0.000562 13 -1 0
-0.015849 13 3 0
0.008207 13 -3 0
-0.013032 13 5 0
0.002638 13 -5 0
0.008003 13 7 0
-0.002786 13 -7 0
0.004950 13 9 0
0.009559 13 -9 0
0.003010 13 11 0
-0.002591 13 -11 0
0.015033 13 13 0
0.002646 13 -13 0
-0.008643 14 0 0
0.000345 14 2 0
-0.010957 14 -2 0
0.007623 14 4 0
0.022789 14 -4 0
0.005347 14 6 0
0.013218 14 -6 0
0.007394 14 8 0
0.003783 14 -8 0
0.005973 14 10 0
-0.014459 14 -10 0
0.012265 14 12 0
-0.005885 14 -12 0
0.002086 14 14 0
-0.003517 14 -14 0
-0.010486 15 1 0
0.002377 15 -1 0
0.005343 15 3 0
0.003846 15 -3 0
0.023931 15 5 0
-0.004651 15 -5 0
0.008372 15 7 0
-0.004215 15 -7 0
0.001647 15 9 0
0.005978 15 -9 0
-0.003558 15 11 0
0.002340 15 -11 0
0.008878 15 13 0
-0.001514 15 -13 0
0.006843 15 15 0
0.001213 15 -15 0
0.001835 16 0 0
0.002200 16 2 0
0.002240 16 -2 0
0.000224 16 4 0
-0.008980 16 -4 0
-0.001050 16 6 0
-0.008662 16 -6 0
0.003754 16 8 0
0.004853 16 -8 0
0.001602 16 10 0
-0.006087 16 -10 0
0.007620 16 12 0
-0.004990 16 -12 0
0.001807 16 14 0
-0.003367 16 -14 0
0.004507 16 16 0
-0.003539 16 -16 0
0.007374 17 1 0
0.001743 17 -1 0
0.001822 17 3 0
0.004062 17 -3 0
-0.004264 17 5 0
0.003638 17 -5 0
0.000784 17 7 0
0.002483 17 -7 0
0.001475 17 9 0
0.004403 17 -9 0
-0.001830 17 11 0
0.001865 17 -11 0
0.008229 17 13 0
-0.000466 17 -13 0
0.004137 17 15 0
-0.000382 17 -15 0
0.002345 17 17 0
0.002778 17 -17 0
-0.000872 18 0 0
-0.002746 18 2 0
-0.007888 18 -2 0
0.001762 18 4 0
0.001731 18 -4 0
0.001178 18 6 0
0.008730 18 -6 0
0.004068 18 8 0
-0.001572 18 -8 0
0.001133 18 10 0
-0.006290 18 -10 0
0.004594 18 12 0
-0.003027 18 -12 0
-0.000940 18 14 0
-0.001915 18 -14 0
0.003026 18 16 0
-0.002074 18 -16 0
-0.000036 18 18 0
-0.003904 18 -18 0
-0.002012 19 1 0
-0.003159 19 -1 0
-0.001925 19 3 0
0.003518 19 -3 0
0.005689 19 5 0
-0.000095 19 -5 0
0.005100 19 7 0
-0.001808 19 -7 0
-0.002078 19 9 0
0.004132 19 -9 0
-0.002290 19 11 0
