0.115333 1 1 0
-0.133931 1 -1 0
0.039683 2 0 0
-0.038010 2 2 0
0.037396 2 -2 0
0.108609 3 1 0
0.034162 3 -1 0
0.037564 3 3 0
-0.023704 3 -3 0
-0.040677 4 0 0
-0.005542 4 2 0
-0.070557 4 -2 0
0.004795 4 4 0
0.002594 4 -4 0
-0.115205 5 1 0
0.007457 5 -1 0
-0.036920 5 3 0
0.009183 5 -3 0
0.013982 5 5 0
-0.004622 5 -5 0
-0.016878 6 0 0
0.018742 6 2 0
0.076763 6 -2 0
0.005496 6 4 0
0.015238 6 -4 0
0.008918 6 6 0
0.020592 6 -6 0
0.075178 7 1 0
0.005591 7 -1 0
0.063923 7 3 0
0.002699 7 -3 0
0.019874 7 5 0
-0.009824 7 -5 0
0.009462 7 7 0
-0.005387 7 -7 0
0.022544 8 0 0
-0.004393 8 2 0
-0.095588 8 -2 0
-0.003487 8 4 0
-0.024306 8 -4 0
0.002073 8 6 0
0.001661 8 -6 0
0.008835 8 8 0
0.015255 8 -8 0
-0.014939 9 1 0
0.006740 9 -1 0
-0.059581 9 3 0
0.012815 9 -3 0
-0.004564 9 5 0
-0.000074 9 -5 0
0.010368 9 7 0
-0.001292 9 -7 0
-0.000564 9 9 0
0.004769 9 -9 0
-0.030809 10 0 0
0.008119 10 2 0
0.030713 10 -2 0
0.009754 10 4 0
0.039861 10 -4 0
0.005417 10 6 0
0.015406 10 -6 0
0.011482 10 8 0
0.003322 10 -8 0
0.006710 10 10 0
-0.012504 10 -10 0
-0.006659 11 1 0
0.007834 11 -1 0
0.046155 11 3 0
0.001064 11 -3 0
0.035646 11 5 0
-0.006053 11 -5 0
0.006585 11 7 0
-0.005456 11 -7 0
0.001490 11 9 0
0.005692 11 -9 0
-0.006575 11 11 0
-0.001988 11 -11 0
0.011505 12 0 0
0.000960 12 2 0
-0.025540 12 -2 0
-0.003457 12 4 0
-0.028054 12 -4 0
-0.000751 12 6 0
-0.000441 12 -6 0
0.007380 12 8 0
0.012868 12 -8 0
0.010113 12 10 0
-0.008134 12 -10 0
0.013675 12 12 0
-0.004296 12 -12 0
0.019192 13 1 0
-0.001075 13 -1 0
-0.017713 13 3 0
0.010449 13 -3 0
-0.012454 13 5 0
0.002900 13 -5 0
0.005954 13 7 0
-0.000002 13 -7 0
0.000867 13 9 0
0.006506 13 -9 0
-0.002135 13 11 0
-0.001957 13 -11 0
0.011458 13 13 0
0.001545 13 -13 0
-0.009138 14 0 0
0.002241 14 2 0
-0.012528 14 -2 0
0.006501 14 4 0
0.021534 14 -4 0
0.004916 14 6 0
0.016012 14 -6 0
0.006493 14 8 0
0.003595 14 -8 0
0.006866 14 10 0
-0.009762 14 -10 0
0.011972 14 12 0
-0.007284 14 -12 0
0.001241 14 14 0
-0.003499 14 -14 0
-0.011105 15 1 0
0.004139 15 -1 0
0.005442 15 3 0
0.005117 15 -3 0
0.024427 15 5 0
-0.003931 15 -5 0
0.007580 15 7 0
-0.002861 15 -7 0
-0.000944 15 9 0
0.005196 15 -9 0
-0.004913 15 11 0
0.001406 15 -11 0
0.005464 15 13 0
0.000476 15 -13 0
0.005303 15 15 0
0.003058 15 -15 0
0.000581 16 0 0
0.001871 16 2 0
-0.000406 16 -2 0
-0.001298 16 4 0
-0.008362 16 -4 0
-0.001213 16 6 0
-0.008962 16 -6 0
0.003905 16 8 0
0.007364 16 -8 0
0.002835 16 10 0
-0.003236 16 -10 0
0.007322 16 12 0
-0.003415 16 -12 0
0.002474 16 14 0
-0.004807 16 -14 0
0.001877 16 16 0
-0.003024 16 -16 0
0.006743 17 1 0
0.001888 17 -1 0
0.003039 17 3 0
0.005637 17 -3 0
-0.001665 17 5 0
0.002843 17 -5 0
0.000026 17 7 0
0.004416 17 -7 0
0.001099 17 9 0
0.003868 17 -9 0
-0.001900 17 11 0
0.001488 17 -11 0
0.006617 17 13 0
0.000268 17 -13 0
0.001801 17 15 0
0.001938 17 -15 0
0.002491 17 17 0
0.001715 17 -17 0
0.000101 18 0 0
-0.002595 18 2 0
-0.008334 18 -2 0
-0.000040 18 4 0
0.002073 18 -4 0
0.001452 18 6 0
0.011247 18 -6 0
0.002141 18 8 0
0.000072 18 -8 0
0.001106 18 10 0
-0.003740 18 -10 0
0.004327 18 12 0
-0.002502 18 -12 0
0.001009 18 14 0
-0.002521 18 -14 0
0.002241 18 16 0
-0.003570 18 -16 0
-0.000835 18 18 0
-0.001305 18 -18 0
-0.001630 19 1 0
-0.003421 19 -1 0
-0.001530 19 3 0
0.004046 19 -3 0
0.006904 19 5 0
-0.000007 19 -5 0
0.006444 19 7 0
-0.000962 19 -7 0
-0.001253 19 9 0
0.003769 19 -9 0
-0.003216 19 11 0
