0.126279 1 1 0
-0.155223 1 -1 0
0.037050 2 0 0
-0.029536 2 2 0
0.063945 2 -2 0
0.082195 3 1 0
0.027897 3 -1 0
0.014241 3 3 0
-0.013897 3 -3 0
-0.030406 4 0 0
-0.002260 4 2 0
-0.078060 4 -2 0
0.015058 4 4 0
0.005826 4 -4 0
-0.094075 5 1 0
0.004869 5 -1 0
-0.035035 5 3 0
0.014871 5 -3 0
0.021682 5 5 0
-0.004886 5 -5 0
-0.019579 6 0 0
0.012818 6 2 0
0.078612 6 -2 0
0.007381 6 4 0
0.015023 6 -4 0
0.004631 6 6 0
0.016223 6 -6 0
0.069891 7 1 0
0.005760 7 -1 0
0.070314 7 3 0
-0.004104 7 -3 0
0.016705 7 5 0
-0.008854 7 -5 0
0.017663 7 7 0
-0.006879 7 -7 0
0.025530 8 0 0
-0.006632 8 2 0
-0.098088 8 -2 0
-0.001603 8 4 0
-0.023240 8 -4 0
0.005679 8 6 0
-0.001187 8 -6 0
0.015845 8 8 0
0.014397 8 -8 0
-0.009729 9 1 0
0.008921 9 -1 0
-0.062903 9 3 0
0.015176 9 -3 0
-0.000039 9 5 0
-0.000091 9 -5 0
0.012054 9 7 0
-0.001685 9 -7 0
0.007116 9 9 0
0.011997 9 -9 0
-0.029201 10 0 0
0.004407 10 2 0
0.030756 10 -2 0
0.010505 10 4 0
0.037058 10 -4 0
0.002975 10 6 0
0.014311 10 -6 0
0.011567 10 8 0
0.000349 10 -8 0
0.007934 10 10 0
-0.011990 10 -10 0
-0.007086 11 1 0
0.007633 11 -1 0
0.046950 11 3 0
0.000007 11 -3 0
0.033772 11 5 0
-0.005068 11 -5 0
0.010419 11 7 0
-0.007710 11 -7 0
0.008532 11 9 0
0.009491 11 -9 0
0.001037 11 11 0
0.000342 11 -11 0
0.012384 12 0 0
-0.000611 12 2 0
-0.026061 12 -2 0
-0.002561 12 4 0
-0.026519 12 -4 0
-0.001152 12 6 0
-0.004865 12 -6 0
0.008274 12 8 0
0.010189 12 -8 0
0.006788 12 10 0
-0.010798 12 -10 0
0.017633 12 12 0
-0.003693 12 -12 0
0.021420 13 1 0
-0.001704 13 -1 0
-0.017956 13 3 0
0.009241 13 -3 0
-0.012587 13 5 0
0.001098 13 -5 0
0.009536 13 7 0
-0.000993 13 -7 0
0.007294 13 9 0
0.010162 13 -9 0
-0.000368 13 11 0
-0.003629 13 -11 0
0.012022 13 13 0
-0.000169 13 -13 0
-0.009175 14 0 0
0.000374 14 2 0
-0.013275 14 -2 0
0.007827 14 4 0
0.021891 14 -4 0
0.004531 14 6 0
0.013850 14 -6 0
0.007801 14 8 0
0.002236 14 -8 0
0.004835 14 10 0
-0.011683 14 -10 0
0.013112 14 12 0
-0.006273 14 -12 0
0.008482 14 14 0
-0.000212 14 -14 0
-0.009823 15 1 0
0.003343 15 -1 0
0.005526 15 3 0
0.003700 15 -3 0
0.024344 15 5 0
-0.004692 15 -5 0
0.007692 15 7 0
-0.004351 15 -7 0
0.001210 15 9 0
0.007919 15 -9 0
-0.004524 15 11 0
0.001640 15 -11 0
0.006793 15 13 0
-0.002184 15 -13 0
0.001999 15 15 0
0.000510 15 -15 0
0.001754 16 0 0
0.001816 16 2 0
0.000138 16 -2 0
-0.000578 16 4 0
-0.008345 16 -4 0
-0.002719 16 6 0
-0.009814 16 -6 0
0.003406 16 8 0
0.004005 16 -8 0
0.002564 16 10 0
-0.005046 16 -10 0
0.008575 16 12 0
-0.003332 16 -12 0
0.005960 16 14 0
-0.004063 16 -14 0
0.007410 16 16 0
-0.001720 16 -16 0
0.009012 17 1 0
0.001539 17 -1 0
0.001478 17 3 0
0.003977 17 -3 0
-0.003159 17 5 0
0.003186 17 -5 0
0.001931 17 7 0
0.003202 17 -7 0
0.003295 17 9 0
0.004808 17 -9 0
-0.002197 17 11 0
0.000611 17 -11 0
0.005541 17 13 0
0.000162 17 -13 0
0.000726 17 15 0
-0.000554 17 -15 0
-0.000415 17 17 0
0.005060 17 -17 0
-0.000758 18 0 0
-0.003029 18 2 0
-0.008604 18 -2 0
0.000987 18 4 0
0.000930 18 -4 0
0.000898 18 6 0
0.009037 18 -6 0
0.002918 18 8 0
0.000078 18 -8 0
-0.000042 18 10 0
-0.005522 18 -10 0
0.003736 18 12 0
-0.004429 18 -12 0
0.002670 18 14 0
-0.002607 18 -14 0
0.003856 18 16 0
0.000273 18 -16 0
0.001196 18 18 0
-0.001948 18 -18 0
-0.000140 19 1 0
-0.004215 19 -1 0
-0.003047 19 3 0
0.002714 19 -3 0
0.005859 19 5 0
-0.001126 19 -5 0
0.005992 19 7 0
-0.000881 19 -7 0
-0.000231 19 9 0
0.004517 19 -9 0
-0.003446 19 11 0
