0.152222 1 1 0
-0.040037 1 -1 0
-0.045135 2 0 0
0.046636 2 2 0
0.006744 2 -2 0
-0.073022 3 1 0
0.044411 3 -1 0
-0.002078 3 3 0
0.009205 3 -3 0
0.064357 4 0 0
0.049858 4 2 0
0.092547 4 -2 0
-0.007313 4 4 0
0.017504 4 -4 0
0.117464 5 1 0
0.034206 5 -1 0
0.038454 5 3 0
0.006499 5 -3 0
0.019145 5 5 0
-0.005514 5 -5 0
0.008820 6 0 0
0.010996 6 2 0
-0.052997 6 -2 0
-0.028665 6 4 0
-0.008887 6 -4 0
-0.042961 6 6 0
-0.032885 6 -6 0
-0.071750 7 1 0
0.036952 7 -1 0
-0.049033 7 3 0
0.017666 7 -3 0
0.006607 7 5 0
-0.015101 7 -5 0
0.029426 7 7 0
-0.044483 7 -7 0
0.004283 8 0 0
0.057960 8 2 0
0.135433 8 -2 0
-0.002800 8 4 0
0.041402 8 -4 0
-0.040178 8 6 0
-0.027222 8 -6 0
-0.008627 8 8 0
-0.010883 8 -8 0
0.018005 9 1 0
0.034339 9 -1 0
0.072275 9 3 0
-0.002469 9 -3 0
0.029362 9 5 0
-0.005253 9 -5 0
0.022018 9 7 0
-0.037255 9 -7 0
0.032922 9 9 0
-0.024828 9 -9 0
0.040352 10 0 0
0.030161 10 2 0
-0.014007 10 -2 0
-0.031807 10 4 0
-0.032169 10 -4 0
-0.040420 10 6 0
-0.030167 10 -6 0
-0.008417 10 8 0
-0.009584 10 -8 0
-0.004303 10 10 0
-0.036599 10 -10 0
0.007400 11 1 0
0.010881 11 -1 0
-0.034864 11 3 0
0.014015 11 -3 0
-0.003148 11 5 0
0.006156 11 -5 0
0.028248 11 7 0
-0.030309 11 -7 0
0.030762 11 9 0
-0.027035 11 -9 0
0.025964 11 11 0
0.007486 11 -11 0
-0.006314 12 0 0
0.030469 12 2 0
0.046374 12 -2 0
-0.001307 12 4 0
0.027059 12 -4 0
-0.027803 12 6 0
-0.022613 12 -6 0
-0.006405 12 8 0
-0.011352 12 -8 0
0.006530 12 10 0
-0.024087 12 -10 0
0.016832 12 12 0
-0.042696 12 -12 0
-0.015249 13 1 0
0.016884 13 -1 0
0.034634 13 3 0
-0.005571 13 -3 0
0.026254 13 5 0
-0.011322 13 -5 0
0.015290 13 7 0
-0.022323 13 -7 0
0.017603 13 9 0
-0.012424 13 -9 0
0.021081 13 11 0
0.001050 13 -11 0
-0.003739 13 13 0
0.020503 13 -13 0
0.015473 14 0 0
0.025151 14 2 0
0.018622 14 -2 0
-0.016999 14 4 0
-0.018311 14 -4 0
-0.028158 14 6 0
-0.029235 14 -6 0
-0.003874 14 8 0
-0.004581 14 -8 0
0.006852 14 10 0
-0.018466 14 -10 0
0.011679 14 12 0
-0.031052 14 -12 0
-0.003600 14 14 0
-0.016775 14 -14 0
0.013002 15 1 0
-0.000123 15 -1 0
-0.001398 15 3 0
0.005478 15 -3 0
-0.007155 15 5 0
0.008817 15 -5 0
0.009036 15 7 0
-0.017617 15 -7 0
0.014596 15 9 0
-0.014332 15 -9 0
0.018536 15 11 0
0.003507 15 -11 0
0.002930 15 13 0
0.016204 15 -13 0
-0.013090 15 15 0
0.001029 15 -15 0
-0.000044 16 0 0
0.009468 16 2 0
0.004208 16 -2 0
-0.002491 16 4 0
0.006003 16 -4 0
-0.013338 16 6 0
-0.005981 16 -6 0
-0.001589 16 8 0
-0.004032 16 -8 0
0.004829 16 10 0
-0.010773 16 -10 0
0.008936 16 12 0
-0.014535 16 -12 0
-0.002602 16 14 0
-0.015003 16 -14 0
0.007655 16 16 0
-0.005340 16 -16 0
-0.006475 17 1 0
0.003035 17 -1 0
0.004064 17 3 0
-0.000108 17 -3 0
0.013941 17 5 0
-0.004059 17 -5 0
0.007646 17 7 0
-0.011429 17 -7 0
0.005091 17 9 0
-0.004745 17 -9 0
0.005440 17 11 0
-0.000234 17 -11 0
-0.000408 17 13 0
0.009059 17 -13 0
-0.007679 17 15 0
-0.001528 17 -15 0
-0.005342 17 17 0
0.001161 17 -17 0
0.000064 18 0 0
0.007441 18 2 0
0.007786 18 -2 0
-0.003978 18 4 0
-0.002376 18 -4 0
-0.012525 18 6 0
-0.015111 18 -6 0
0.001537 18 8 0
0.000297 18 -8 0
0.001423 18 10 0
-0.001877 18 -10 0
0.006398 18 12 0
-0.004734 18 -12 0
-0.000003 18 14 0
-0.004579 18 -14 0
0.001087 18 16 0
-0.000292 18 -16 0
0.004458 18 18 0
-0.002207 18 -18 0
0.004337 19 1 0
0.000642 19 -1 0
0.003134 19 3 0
-0.002233 19 -3 0
-0.004323 19 5 0
0.003499 19 -5 0
-0.001640 19 7 0
-0.002521 19 -7 0
0.004908 19 9 0
-0.002102 19 -9 0
0.005284 19 11 0
