0.129435 1 1 0
-0.075917 1 -1 0
-0.041217 2 0 0
-0.045883 2 2 0
0.002405 2 -2 0
-0.078900 3 1 0
0.013390 3 -1 0
-0.020819 3 3 0
-0.025679 3 -3 0
0.021202 4 0 0
0.007180 4 2 0
0.058620 4 -2 0
0.019583 4 4 0
0.022240 4 -4 0
0.103552 5 1 0
-0.001320 5 -1 0
0.026092 5 3 0
0.003744 5 -3 0
0.017580 5 5 0
-0.001759 5 -5 0
0.008700 6 0 0
-0.000552 6 2 0
-0.099881 6 -2 0
-0.002576 6 4 0
-0.023177 6 -4 0
0.008168 6 6 0
-0.009438 6 -6 0
-0.054874 7 1 0
0.007357 7 -1 0
-0.066801 7 3 0
0.011269 7 -3 0
-0.000639 7 5 0
-0.002373 7 -5 0
0.009955 7 7 0
0.003277 7 -7 0
-0.029849 8 0 0
0.019424 8 2 0
0.074840 8 -2 0
0.015769 8 4 0
0.038975 8 -4 0
0.005551 8 6 0
-0.004213 8 -6 0
0.003344 8 8 0
0.012038 8 -8 0
0.016890 9 1 0
0.001788 9 -1 0
0.055462 9 3 0
-0.008485 9 -3 0
0.024880 9 5 0
0.001018 9 -5 0
0.006276 9 7 0
0.003231 9 -7 0
0.005919 9 9 0
-0.003953 9 -9 0
0.026202 10 0 0
0.001459 10 2 0
-0.044199 10 -2 0
-0.004181 10 4 0
-0.034551 10 -4 0
0.000879 10 6 0
-0.014445 10 -6 0
0.007665 10 8 0
0.010458 10 -8 0
0.000767 10 10 0
-0.007814 10 -10 0
0.022588 11 1 0
-0.001131 11 -1 0
-0.044624 11 3 0
0.011539 11 -3 0
-0.009944 11 5 0
0.008511 11 -5 0
0.006469 11 7 0
0.003447 11 -7 0
0.009985 11 9 0
-0.003665 11 -9 0
0.008691 11 11 0
-0.005037 11 -11 0
-0.015000 12 0 0
0.005953 12 2 0
0.008431 12 -2 0
0.010993 12 4 0
0.035952 12 -4 0
0.004147 12 6 0
-0.002580 12 -6 0
0.001868 12 8 0
0.007606 12 -8 0
0.001280 12 10 0
-0.005931 12 -10 0
0.010525 12 12 0
0.001547 12 -12 0
-0.010089 13 1 0
-0.000556 13 -1 0
0.016208 13 3 0
0.000409 13 -3 0
0.026162 13 5 0
0.001519 13 -5 0
0.002546 13 7 0
0.005879 13 -7 0
0.005514 13 9 0
0.001410 13 -9 0
0.006737 13 11 0
-0.007075 13 -11 0
0.020690 13 13 0
0.003803 13 -13 0
0.005749 14 0 0
0.004476 14 2 0
0.001088 14 -2 0
0.000022 14 4 0
-0.012627 14 -4 0
-0.001992 14 6 0
-0.019966 14 -6 0
0.002887 14 8 0
0.007002 14 -8 0
0.004292 14 10 0
-0.006967 14 -10 0
0.005460 14 12 0
0.002558 14 -12 0
0.000314 14 14 0
-0.000290 14 -14 0
0.019970 15 1 0
-0.002564 15 -1 0
-0.005511 15 3 0
0.004146 15 -3 0
-0.009357 15 5 0
0.006404 15 -5 0
-0.001865 15 7 0
0.004936 15 -7 0
0.007697 15 9 0
-0.000314 15 -9 0
0.003501 15 11 0
-0.000670 15 -11 0
0.014173 15 13 0
0.001018 15 -13 0
0.004551 15 15 0
0.002863 15 -15 0
-0.000981 16 0 0
0.000769 16 2 0
-0.007777 16 -2 0
0.003162 16 4 0
0.008532 16 -4 0
0.003377 16 6 0
-0.000234 16 -6 0
0.001143 16 8 0
0.001958 16 -8 0
0.000336 16 10 0
-0.005694 16 -10 0
0.004137 16 12 0
0.000840 16 -12 0
-0.001365 16 14 0
-0.001688 16 -14 0
0.004193 16 16 0
0.000708 16 -16 0
-0.002222 17 1 0
0.000664 17 -1 0
-0.000978 17 3 0
0.003462 17 -3 0
0.012328 17 5 0
0.003854 17 -5 0
0.001776 17 7 0
0.004491 17 -7 0
0.002268 17 9 0
0.001606 17 -9 0
0.000546 17 11 0
-0.000680 17 -11 0
0.007904 17 13 0
-0.000123 17 -13 0
0.001590 17 15 0
0.001296 17 -15 0
0.003169 17 17 0
0.000164 17 -17 0
-0.000887 18 0 0
-0.000484 18 2 0
0.007381 18 -2 0
-0.001496 18 4 0
-0.000346 18 -4 0
-0.003856 18 6 0
-0.010614 18 -6 0
0.000257 18 8 0
-0.002981 18 -8 0
0.000599 18 10 0
-0.000660 18 -10 0
0.002126 18 12 0
0.000058 18 -12 0
-0.000210 18 14 0
0.000883 18 -14 0
0.004934 18 16 0
0.000375 18 -16 0
-0.000739 18 18 0
-0.003066 18 -18 0
0.007444 19 1 0
-0.004592 19 -1 0
0.002975 19 3 0
0.001168 19 -3 0
-0.002175 19 5 0
0.003771 19 -5 0
-0.003716 19 7 0
0.005534 19 -7 0
0.001008 19 9 0
0.003058 19 -9 0
0.000587 19 11 0
