0.307114 1 1 0
-0.147658 1 -1 0
-0.049697 2 0 0
-0.008965 2 2 0
-0.024151 2 -2 0
-0.117555 3 1 0
0.036687 3 -1 0
-0.020637 3 3 0
-0.006186 3 -3 0
0.025452 4 0 0
0.007337 4 2 0
0.061759 4 -2 0
0.008346 4 4 0
0.005905 4 -4 0
0.111421 5 1 0
-0.008806 5 -1 0
0.029704 5 3 0
-0.001840 5 -3 0
0.020079 5 5 0
-0.002559 5 -5 0
0.007419 6 0 0
0.000690 6 2 0
-0.098241 6 -2 0
-0.003915 6 4 0
-0.017809 6 -4 0
0.006268 6 6 0
-0.001640 6 -6 0
-0.071221 7 1 0
0.008240 7 -1 0
-0.062735 7 3 0
0.010192 7 -3 0
-0.003597 7 5 0
-0.009040 7 -5 0
0.010513 7 7 0
-0.005474 7 -7 0
-0.026425 8 0 0
0.015269 8 2 0
0.077018 8 -2 0
0.012551 8 4 0
0.037672 8 -4 0
0.003498 8 6 0
0.002202 8 -6 0
0.012327 8 8 0
0.010467 8 -8 0
0.013364 9 1 0
0.004089 9 -1 0
0.059778 9 3 0
-0.003470 9 -3 0
0.017292 9 5 0
-0.005849 9 -5 0
0.010949 9 7 0
0.000943 9 -7 0
-0.001831 9 9 0
0.009447 9 -9 0
0.024160 10 0 0
0.002352 10 2 0
-0.043532 10 -2 0
-0.007049 10 4 0
-0.036516 10 -4 0
0.001164 10 6 0
-0.003677 10 -6 0
0.005596 10 8 0
0.008388 10 -8 0
-0.005298 10 10 0
-0.006283 10 -10 0
0.012671 11 1 0
0.004185 11 -1 0
-0.040299 11 3 0
0.016923 11 -3 0
-0.014611 11 5 0
0.006352 11 -5 0
0.009690 11 7 0
-0.000657 11 -7 0
0.003062 11 9 0
0.012100 11 -9 0
0.004023 11 11 0
-0.006389 11 -11 0
-0.014485 12 0 0
0.007640 12 2 0
0.010771 12 -2 0
0.009499 12 4 0
0.031541 12 -4 0
0.005114 12 6 0
0.004742 12 -6 0
0.004400 12 8 0
0.004779 12 -8 0
-0.001961 12 10 0
-0.006192 12 -10 0
0.002133 12 12 0
-0.003818 12 -12 0
-0.016692 13 1 0
0.003903 13 -1 0
0.020827 13 3 0
0.003256 13 -3 0
0.017350 13 5 0
-0.001278 13 -5 0
0.005459 13 7 0
0.002277 13 -7 0
-0.001505 13 9 0
0.012529 13 -9 0
0.002276 13 11 0
-0.007112 13 -11 0
0.013286 13 13 0
-0.010309 13 -13 0
0.004663 14 0 0
0.005708 14 2 0
0.000181 14 -2 0
-0.002386 14 4 0
-0.013515 14 -4 0
-0.002161 14 6 0
-0.012934 14 -6 0
0.004208 14 8 0
0.003914 14 -8 0
0.001638 14 10 0
-0.004096 14 -10 0
0.000160 14 12 0
-0.001291 14 -12 0
0.003864 14 14 0
0.005780 14 -14 0
0.015587 15 1 0
0.002825 15 -1 0
-0.003215 15 3 0
0.010980 15 -3 0
-0.013916 15 5 0
0.008229 15 -5 0
0.000691 15 7 0
0.005113 15 -7 0
0.005778 15 9 0
0.011376 15 -9 0
0.002540 15 11 0
-0.000940 15 -11 0
0.009065 15 13 0
-0.005776 15 -13 0
0.002612 15 15 0
-0.004774 15 -15 0
-0.002404 16 0 0
0.004083 16 2 0
-0.005617 16 -2 0
0.003179 16 4 0
0.006372 16 -4 0
0.003634 16 6 0
0.003505 16 -6 0
0.001784 16 8 0
0.000980 16 -8 0
-0.001088 16 10 0
-0.003820 16 -10 0
0.001612 16 12 0
-0.001699 16 -12 0
0.003484 16 14 0
-0.000336 16 -14 0
0.004996 16 16 0
0.001202 16 -16 0
-0.005151 17 1 0
0.005862 17 -1 0
0.000071 17 3 0
0.007572 17 -3 0
0.009189 17 5 0
0.004906 17 -5 0
0.002790 17 7 0
0.004624 17 -7 0
-0.000112 17 9 0
0.008623 17 -9 0
-0.000452 17 11 0
0.000864 17 -11 0
0.005249 17 13 0
-0.003037 17 -13 0
0.003881 17 15 0
-0.001404 17 -15 0
0.000795 17 17 0
0.002758 17 -17 0
-0.001239 18 0 0
0.001733 18 2 0
0.006583 18 -2 0
0.000413 18 4 0
-0.000810 18 -4 0
-0.002532 18 6 0
-0.007766 18 -6 0
0.000281 18 8 0
-0.003039 18 -8 0
0.000131 18 10 0
-0.001162 18 -10 0
0.000752 18 12 0
-0.000845 18 -12 0
0.002375 18 14 0
0.002042 18 -14 0
0.003314 18 16 0
0.000089 18 -16 0
-0.001734 18 18 0
-0.002696 18 -18 0
0.005868 19 1 0
-0.002806 19 -1 0
0.003916 19 3 0
0.003585 19 -3 0
-0.003990 19 5 0
0.005080 19 -5 0
-0.003894 19 7 0
0.004969 19 -7 0
0.003334 19 9 0
0.007735 19 -9 0
0.001141 19 11 0
