0.195910 1 1 0
0.445118 1 -1 0
0.043916 2 0 0
0.019712 2 2 0
-0.012994 2 -2 0
-0.093220 3 1 0
0.023399 3 -1 0
-0.017168 3 3 0
-0.004398 3 -3 0
0.048650 4 0 0
-0.069908 4 2 0
-0.053992 4 -2 0
-0.017377 4 4 0
-0.007607 4 -4 0
-0.027224 5 1 0
-0.026634 5 -1 0
0.006767 5 3 0
-0.093896 5 -3 0
-0.010226 5 5 0
-0.018317 5 -5 0
-0.016102 6 0 0
0.024434 6 2 0
-0.002904 6 -2 0
0.061363 6 4 0
-0.010614 6 -4 0
-0.021143 6 6 0
0.012951 6 -6 0
0.035095 7 1 0
-0.077183 7 -1 0
-0.009434 7 3 0
0.043695 7 -3 0
0.050023 7 5 0
0.037027 7 -5 0
0.006562 7 7 0
-0.056577 7 -7 0
0.020096 8 0 0
0.018814 8 2 0
0.009854 8 -2 0
-0.051253 8 4 0
0.022241 8 -4 0
-0.044565 8 6 0
0.067240 8 -6 0
0.073284 8 8 0
-0.019771 8 -8 0
-0.019941 9 1 0
-0.026687 9 -1 0
0.007759 9 3 0
-0.006184 9 -3 0
-0.020617 9 5 0
-0.011264 9 -5 0
-0.049397 9 7 0
-0.028404 9 -7 0
-0.019550 9 9 0
0.045495 9 -9 0
0.023407 10 0 0
-0.023146 10 2 0
-0.017756 10 -2 0
0.019915 10 4 0
0.002021 10 -4 0
-0.004024 10 6 0
0.011539 10 -6 0
0.038499 10 8 0
-0.043899 10 -8 0
-0.034764 10 10 0
-0.031999 10 -10 0
-0.000325 11 1 0
-0.045769 11 -1 0
0.006399 11 3 0
-0.016870 11 -3 0
0.036617 11 5 0
0.043119 11 -5 0
0.003788 11 7 0
-0.016982 11 -7 0
0.004499 11 9 0
0.023908 11 -9 0
0.022676 11 11 0
-0.001481 11 -11 0
0.005282 12 0 0
0.005013 12 2 0
-0.001167 12 -2 0
0.004544 12 4 0
0.004390 12 -4 0
-0.021987 12 6 0
0.050351 12 -6 0
0.049554 12 8 0
0.005375 12 -8 0
-0.008678 12 10 0
-0.020217 12 -10 0
-0.059878 12 12 0
-0.043960 12 -12 0
0.017715 13 1 0
-0.036019 13 -1 0
0.015623 13 3 0
0.015742 13 -3 0
0.006430 13 5 0
0.021138 13 -5 0
-0.042315 13 7 0
-0.008088 13 -7 0
-0.010544 13 9 0
0.035202 13 -9 0
0.033219 13 11 0
0.006034 13 -11 0
-0.005844 13 13 0
-0.040471 13 -13 0
0.007065 14 0 0
0.006839 14 2 0
0.003371 14 -2 0
-0.012367 14 4 0
0.015803 14 -4 0
-0.004061 14 6 0
0.014194 14 -6 0
0.026368 14 8 0
-0.021518 14 -8 0
-0.023596 14 10 0
-0.009107 14 -10 0
-0.044728 14 12 0
-0.016912 14 -12 0
0.017284 14 14 0
-0.021188 14 -14 0
0.004012 15 1 0
-0.021583 15 -1 0
0.006325 15 3 0
0.006797 15 -3 0
0.007974 15 5 0
0.025666 15 -5 0
-0.011463 15 7 0
0.000683 15 -7 0
0.008566 15 9 0
0.012461 15 -9 0
0.017711 15 11 0
-0.001902 15 -11 0
0.000328 15 13 0
-0.016818 15 -13 0
-0.006758 15 15 0
-0.024580 15 -15 0
0.003774 16 0 0
-0.007218 16 2 0
-0.006473 16 -2 0
0.001708 16 4 0
-0.000970 16 -4 0
0.000211 16 6 0
0.011154 16 -6 0
0.019281 16 8 0
0.004795 16 -8 0
-0.000751 16 10 0
-0.001918 16 -10 0
-0.015909 16 12 0
-0.007360 16 -12 0
0.009427 16 14 0
-0.001562 16 -14 0
0.028300 16 16 0
0.006186 16 -16 0
0.004205 17 1 0
-0.009253 17 -1 0
0.005421 17 3 0
0.002265 17 -3 0
0.011093 17 5 0
0.012683 17 -5 0
-0.014570 17 7 0
0.001557 17 -7 0
-0.000181 17 9 0
0.014186 17 -9 0
0.016451 17 11 0
0.006760 17 -11 0
0.005696 17 13 0
-0.009332 17 -13 0
-0.003255 17 15 0
-0.012964 17 -15 0
0.001554 17 17 0
-0.005582 17 -17 0
-0.000901 18 0 0
-0.000393 18 2 0
-0.000576 18 -2 0
-0.000807 18 4 0
0.004587 18 -4 0
0.002264 18 6 0
0.011098 18 -6 0
0.005225 18 8 0
-0.003961 18 -8 0
-0.008823 18 10 0
-0.004283 18 -10 0
-0.010302 18 12 0
0.003402 18 -12 0
0.002914 18 14 0
0.005712 18 -14 0
0.007730 18 16 0
0.007335 18 -16 0
0.007284 18 18 0
0.005306 18 -18 0
0.005632 19 1 0
-0.008009 19 -1 0
0.005240 19 3 0
0.002822 19 -3 0
0.003229 19 5 0
0.010543 19 -5 0
-0.012190 19 7 0
0.005455 19 -7 0
0.003778 19 9 0
0.001962 19 -9 0
0.006373 19 11 0
