0.214112 1 1 0
0.399677 1 -1 0
0.052697 2 0 0
0.021393 2 2 0
0.022511 2 -2 0
-0.097135 3 1 0
0.046160 3 -1 0
-0.016128 3 3 0
0.011813 3 -3 0
0.045116 4 0 0
-0.088926 4 2 0
-0.054949 4 -2 0
-0.009816 4 4 0
0.002343 4 -4 0
-0.027692 5 1 0
-0.034019 5 -1 0
0.004366 5 3 0
-0.104207 5 -3 0
-0.004857 5 5 0
0.004391 5 -5 0
-0.015883 6 0 0
0.020587 6 2 0
-0.006829 6 -2 0
0.080809 6 4 0
-0.006539 6 -4 0
-0.020373 6 6 0
0.008546 6 -6 0
0.030330 7 1 0
-0.069202 7 -1 0
-0.014963 7 3 0
0.045748 7 -3 0
0.051880 7 5 0
0.042398 7 -5 0
0.011300 7 7 0
-0.052420 7 -7 0
0.018511 8 0 0
0.005820 8 2 0
0.005320 8 -2 0
-0.034019 8 4 0
0.025385 8 -4 0
-0.045654 8 6 0
0.054710 8 -6 0
0.064010 8 8 0
-0.028822 8 -8 0
-0.028870 9 1 0
-0.029479 9 -1 0
-0.001243 9 3 0
-0.014322 9 -3 0
-0.022905 9 5 0
-0.006056 9 -5 0
-0.041801 9 7 0
-0.020436 9 -7 0
-0.016814 9 9 0
0.028170 9 -9 0
0.020851 10 0 0
-0.033863 10 2 0
-0.029160 10 -2 0
0.036661 10 4 0
-0.001202 10 -4 0
-0.005562 10 6 0
-0.002369 10 -6 0
0.029069 10 8 0
-0.055453 10 -8 0
-0.034353 10 10 0
-0.009511 10 -10 0
-0.004380 11 1 0
-0.048153 11 -1 0
-0.000196 11 3 0
-0.026385 11 -3 0
0.036408 11 5 0
0.041231 11 -5 0
0.007688 11 7 0
-0.019523 11 -7 0
0.000062 11 9 0
0.010728 11 -9 0
0.024052 11 11 0
0.013445 11 -11 0
0.002726 12 0 0
-0.006493 12 2 0
-0.009580 12 -2 0
0.016185 12 4 0
-0.001232 12 -4 0
-0.023244 12 6 0
0.043615 12 -6 0
0.042005 12 8 0
-0.005615 12 -8 0
-0.011862 12 10 0
-0.007911 12 -10 0
-0.052390 12 12 0
-0.024950 12 -12 0
0.012303 13 1 0
-0.039431 13 -1 0
0.006512 13 3 0
0.007124 13 -3 0
0.002392 13 5 0
0.015417 13 -5 0
-0.040060 13 7 0
-0.012171 13 -7 0
-0.013221 13 9 0
0.023337 13 -9 0
0.033304 13 11 0
0.012408 13 -11 0
-0.003767 13 13 0
-0.035426 13 -13 0
0.005126 14 0 0
-0.002075 14 2 0
-0.005128 14 -2 0
-0.001861 14 4 0
0.008748 14 -4 0
-0.004528 14 6 0
0.006367 14 -6 0
0.018506 14 8 0
-0.028033 14 -8 0
-0.027030 14 10 0
-0.002167 14 -10 0
-0.037189 14 12 0
-0.007209 14 -12 0
0.011506 14 14 0
0.000225 14 -14 0
0.001485 15 1 0
-0.025069 15 -1 0
-0.000252 15 3 0
-0.000415 15 -3 0
0.005227 15 5 0
0.021716 15 -5 0
-0.008348 15 7 0
-0.004927 15 -7 0
0.007229 15 9 0
0.004630 15 -9 0
0.017678 15 11 0
0.002650 15 -11 0
0.001661 15 13 0
-0.014046 15 -13 0
0.011912 15 15 0
-0.028144 15 -15 0
0.003447 16 0 0
-0.013155 16 2 0
-0.010772 16 -2 0
0.006548 16 4 0
-0.006557 16 -4 0
-0.001186 16 6 0
0.009643 16 -6 0
0.014252 16 8 0
0.000161 16 -8 0
-0.002544 16 10 0
0.002151 16 -10 0
-0.014327 16 12 0
-0.004133 16 -12 0
0.005139 16 14 0
0.006275 16 -14 0
0.024819 16 16 0
0.011647 16 -16 0
0.002772 17 1 0
-0.011913 17 -1 0
0.001099 17 3 0
-0.001855 17 -3 0
0.008434 17 5 0
0.007786 17 -5 0
-0.013988 17 7 0
-0.002044 17 -7 0
-0.003394 17 9 0
0.011163 17 -9 0
0.015727 17 11 0
0.008579 17 -11 0
0.005293 17 13 0
-0.007686 17 -13 0
0.004409 17 15 0
-0.011257 17 -15 0
0.008640 17 17 0
-0.006504 17 -17 0
-0.001798 18 0 0
-0.003218 18 2 0
-0.002721 18 -2 0
0.001812 18 4 0
0.002320 18 -4 0
0.001384 18 6 0
0.010278 18 -6 0
0.001626 18 8 0
-0.006157 18 -8 0
-0.008829 18 10 0
-0.005099 18 -10 0
-0.009354 18 12 0
0.002730 18 -12 0
0.002124 18 14 0
0.007766 18 -14 0
0.005693 18 16 0
0.008674 18 -16 0
0.002946 18 18 0
0.006891 18 -18 0
0.005876 19 1 0
-0.010953 19 -1 0
0.002865 19 3 0
0.000260 19 -3 0
0.001768 19 5 0
0.008185 19 -5 0
-0.010529 19 7 0
0.003365 19 -7 0
0.004220 19 9 0
0.001675 19 -9 0
0.005779 19 11 0
