0.215232 1 1 0
0.391862 1 -1 0
0.040092 2 0 0
-0.011651 2 2 0
0.034200 2 -2 0
-0.083444 3 1 0
0.051561 3 -1 0
-0.004149 3 3 0
0.029450 3 -3 0
0.041955 4 0 0
-0.068780 4 2 0
-0.064672 4 -2 0
-0.023657 4 4 0
-0.010673 4 -4 0
-0.032035 5 1 0
-0.034880 5 -1 0
-0.010850 5 3 0
-0.098727 5 -3 0
-0.004293 5 5 0
-0.000951 5 -5 0
-0.033320 6 0 0
0.027571 6 2 0
0.001364 6 -2 0
0.062743 6 4 0
0.004321 6 -4 0
-0.010199 6 6 0
0.011744 6 -6 0
0.041847 7 1 0
-0.066533 7 -1 0
-0.016477 7 3 0
0.045214 7 -3 0
0.052796 7 5 0
0.037761 7 -5 0
0.010178 7 7 0
-0.057461 7 -7 0
0.007003 8 0 0
0.011703 8 2 0
0.012285 8 -2 0
-0.052863 8 4 0
0.031132 8 -4 0
-0.030293 8 6 0
0.062767 8 -6 0
0.068412 8 8 0
-0.019456 8 -8 0
-0.021272 9 1 0
-0.029276 9 -1 0
-0.004061 9 3 0
-0.013956 9 -3 0
-0.020124 9 5 0
-0.010135 9 -5 0
-0.038292 9 7 0
-0.025707 9 -7 0
-0.032836 9 9 0
0.040860 9 -9 0
0.009616 10 0 0
-0.021646 10 2 0
-0.026541 10 -2 0
0.018774 10 4 0
0.002613 10 -4 0
0.005100 10 6 0
-0.000658 10 -6 0
0.033674 10 8 0
-0.046529 10 -8 0
-0.037309 10 10 0
-0.030160 10 -10 0
0.000738 11 1 0
-0.055343 11 -1 0
-0.001601 11 3 0
-0.021149 11 -3 0
0.039027 11 5 0
0.037387 11 -5 0
0.013787 11 7 0
-0.028529 11 -7 0
-0.011115 11 9 0
0.019647 11 -9 0
0.030506 11 11 0
0.007864 11 -11 0
-0.005731 12 0 0
0.001337 12 2 0
-0.008654 12 -2 0
0.004695 12 4 0
-0.001131 12 -4 0
-0.013555 12 6 0
0.043447 12 -6 0
0.047128 12 8 0
0.000985 12 -8 0
-0.006901 12 10 0
-0.025811 12 -10 0
-0.059172 12 12 0
-0.025373 12 -12 0
0.019956 13 1 0
-0.044584 13 -1 0
0.008700 13 3 0
0.007266 13 -3 0
0.006962 13 5 0
0.012141 13 -5 0
-0.036385 13 7 0
-0.020473 13 -7 0
-0.019090 13 9 0
0.029748 13 -9 0
0.039451 13 11 0
0.010105 13 -11 0
-0.004833 13 13 0
-0.029279 13 -13 0
-0.001129 14 0 0
0.003600 14 2 0
-0.003002 14 -2 0
-0.010239 14 4 0
0.008180 14 -4 0
0.003061 14 6 0
0.004718 14 -6 0
0.024098 14 8 0
-0.024387 14 -8 0
-0.024880 14 10 0
-0.013594 14 -10 0
-0.044337 14 12 0
-0.008257 14 -12 0
0.003938 14 14 0
-0.001642 14 -14 0
0.005302 15 1 0
-0.031582 15 -1 0
0.002100 15 3 0
-0.000263 15 -3 0
0.007273 15 5 0
0.019977 15 -5 0
-0.004132 15 7 0
-0.010608 15 -7 0
0.005011 15 9 0
0.007572 15 -9 0
0.020203 15 11 0
0.000165 15 -11 0
-0.000076 15 13 0
-0.012202 15 -13 0
0.000677 15 15 0
-0.025162 15 -15 0
0.000324 16 0 0
-0.008998 16 2 0
-0.010650 16 -2 0
0.002816 16 4 0
-0.007706 16 -4 0
0.003079 16 6 0
0.007209 16 -6 0
0.017656 16 8 0
0.001789 16 -8 0
0.000159 16 10 0
-0.004643 16 -10 0
-0.016550 16 12 0
-0.008304 16 -12 0
0.003338 16 14 0
0.004295 16 -14 0
0.014226 16 16 0
-0.000120 16 -16 0
0.002892 17 1 0
-0.015957 17 -1 0
0.002924 17 3 0
-0.001741 17 -3 0
0.012068 17 5 0
0.008397 17 -5 0
-0.011379 17 7 0
-0.005804 17 -7 0
-0.004642 17 9 0
0.011182 17 -9 0
0.017677 17 11 0
0.008003 17 -11 0
0.006035 17 13 0
-0.007083 17 -13 0
-0.001568 17 15 0
-0.011966 17 -15 0
0.005473 17 17 0
-0.002033 17 -17 0
-0.003067 18 0 0
-0.001340 18 2 0
-0.002828 18 -2 0
-0.001212 18 4 0
0.000934 18 -4 0
0.003745 18 6 0
0.008783 18 -6 0
0.003925 18 8 0
-0.005077 18 -8 0
-0.007606 18 10 0
-0.006694 18 -10 0
-0.009121 18 12 0
0.000977 18 -12 0
0.003073 18 14 0
0.006532 18 -14 0
0.004437 18 16 0
0.003277 18 -16 0
0.005440 18 18 0
0.002067 18 -18 0
0.006165 19 1 0
-0.012239 19 -1 0
0.004406 19 3 0
0.000145 19 -3 0
0.003309 19 5 0
0.007757 19 -5 0
-0.010196 19 7 0
0.002286 19 -7 0
0.004411 19 9 0
0.001718 19 -9 0
0.006200 19 11 0
