-0.064706 1 1 0
0.003946 1 -1 0
-0.167674 2 0 0
0.023152 2 2 0
-0.029858 2 -2 0
0.279361 3 1 0
-0.003317 3 -1 0
0.057944 3 3 0
0.030356 3 -3 0
0.299247 4 0 0
-0.038105 4 2 0
0.132771 4 -2 0
0.076018 4 4 0
-0.058837 4 -4 0
-0.455953 5 1 0
-0.100506 5 -1 0
0.020636 5 3 0
0.004051 5 -3 0
0.087238 5 5 0
0.085191 5 -5 0
-0.080037 6 0 0
0.091470 6 2 0
-0.241008 6 -2 0
0.075310 6 4 0
-0.092294 6 -4 0
0.051977 6 6 0
-0.047031 6 -6 0
0.444299 7 1 0
0.021039 7 -1 0
0.179185 7 3 0
0.097298 7 -3 0
0.097069 7 5 0
0.090553 7 -5 0
-0.002272 7 7 0
-0.020815 7 -7 0
0.100233 8 0 0
-0.086330 8 2 0
0.280266 8 -2 0
0.057790 8 4 0
-0.045728 8 -4 0
0.045165 8 6 0
-0.042795 8 -6 0
0.005062 8 8 0
0.048615 8 -8 0
-0.312202 9 1 0
-0.088675 9 -1 0
-0.054787 9 3 0
-0.027724 9 -3 0
0.093490 9 5 0
0.089260 9 -5 0
-0.003141 9 7 0
-0.014391 9 -7 0
-0.054770 9 9 0
-0.061627 9 -9 0
0.103609 10 0 0
0.087281 10 2 0
-0.215842 10 -2 0
0.096970 10 4 0
-0.123146 10 -4 0
0.040608 10 6 0
-0.023907 10 -6 0
0.003964 10 8 0
0.044486 10 -8 0
-0.004706 10 10 0
0.016651 10 -10 0
0.155810 11 1 0
-0.026204 11 -1 0
0.191482 11 3 0
0.089931 11 -3 0
0.087913 11 5 0
0.093055 11 -5 0
-0.017755 11 7 0
-0.019215 11 -7 0
-0.054767 11 9 0
-0.055865 11 -9 0
-0.027414 11 11 0
0.014185 11 -11 0
0.000156 12 0 0
-0.045923 12 2 0
0.140636 12 -2 0
0.024813 12 4 0
-0.006486 12 -4 0
0.035961 12 6 0
-0.048255 12 -6 0
0.006578 12 8 0
0.032864 12 -8 0
0.005391 12 10 0
0.012108 12 -10 0
-0.017238 12 12 0
0.007835 12 -12 0
-0.069360 13 1 0
-0.032663 13 -1 0
-0.040613 13 3 0
-0.017642 13 -3 0
0.057395 13 5 0
0.052141 13 -5 0
0.010510 13 7 0
-0.006034 13 -7 0
-0.039750 13 9 0
-0.038917 13 -9 0
-0.018863 13 11 0
0.010982 13 -11 0
-0.000378 13 13 0
0.009345 13 -13 0
0.089100 14 0 0
0.035803 14 2 0
-0.067976 14 -2 0
0.070631 14 4 0
-0.101591 14 -4 0
0.024661 14 6 0
-0.009451 14 -6 0
-0.005874 14 8 0
0.033248 14 -8 0
-0.001775 14 10 0
0.011233 14 -10 0
-0.008683 14 12 0
0.007537 14 -12 0
-0.004581 14 14 0
0.007152 14 -14 0
0.006535 15 1 0
-0.039346 15 -1 0
0.091371 15 3 0
0.047086 15 -3 0
0.066857 15 5 0
0.058818 15 -5 0
-0.015045 15 7 0
-0.013619 15 -7 0
-0.032388 15 9 0
-0.033636 15 -9 0
-0.012907 15 11 0
0.007719 15 -11 0
0.001871 15 13 0
0.005079 15 -13 0
0.009001 15 15 0
-0.009254 15 -15 0
-0.005066 16 0 0
-0.011044 16 2 0
0.029458 16 -2 0
0.005926 16 4 0
0.010068 16 -4 0
0.012615 16 6 0
-0.022935 16 -6 0
0.004585 16 8 0
0.012518 16 -8 0
0.001985 16 10 0
0.001765 16 -10 0
-0.005823 16 12 0
-0.000496 16 -12 0
-0.005487 16 14 0
0.005864 16 -14 0
0.000405 16 16 0
0.029262 16 -16 0
0.005025 17 1 0
-0.006227 17 -1 0
-0.008372 17 3 0
-0.008957 17 -3 0
0.011392 17 5 0
0.015341 17 -5 0
0.006459 17 7 0
-0.001116 17 -7 0
-0.013023 17 9 0
-0.016137 17 -9 0
-0.005598 17 11 0
0.004119 17 -11 0
0.001142 17 13 0
0.004672 17 -13 0
0.003564 17 15 0
-0.007507 17 -15 0
-0.005528 17 17 0
-0.001153 17 -17 0
0.030559 18 0 0
0.007943 18 2 0
-0.006322 18 -2 0
0.029221 18 4 0
-0.044462 18 -4 0
0.009717 18 6 0
-0.010102 18 -6 0
-0.006338 18 8 0
0.010715 18 -8 0
-0.002280 18 10 0
0.004636 18 -10 0
-0.002462 18 12 0
0.002287 18 -12 0
-0.000719 18 14 0
0.001474 18 -14 0
-0.000442 18 16 0
0.010268 18 -16 0
-0.000430 18 18 0
-0.000055 18 -18 0
-0.009372 19 1 0
-0.020602 19 -1 0
0.018250 19 3 0
0.014297 19 -3 0
0.035037 19 5 0
0.022847 19 -5 0
-0.007836 19 7 0
-0.002582 19 -7 0
-0.010464 19 9 0
-0.011532 19 -9 0
-0.005771 19 11 0
