-0.024642 1 1 0
-0.066147 1 -1 0
-0.200472 2 0 0
-0.003149 2 2 0
-0.026809 2 -2 0
0.262529 3 1 0
-0.000920 3 -1 0
0.047897 3 3 0
0.006118 3 -3 0
0.304659 4 0 0
-0.047712 4 2 0
0.115424 4 -2 0
0.053624 4 4 0
-0.056334 4 -4 0
-0.460016 5 1 0
-0.113913 5 -1 0
0.006785 5 3 0
0.008684 5 -3 0
0.073451 5 5 0
0.102460 5 -5 0
-0.084785 6 0 0
0.070427 6 2 0
-0.247636 6 -2 0
0.064219 6 4 0
-0.099068 6 -4 0
0.030467 6 6 0
-0.031749 6 -6 0
0.432873 7 1 0
0.009293 7 -1 0
0.166677 7 3 0
0.078429 7 -3 0
0.075677 7 5 0
0.104810 7 -5 0
-0.022454 7 7 0
-0.000623 7 -7 0
0.101132 8 0 0
-0.102247 8 2 0
0.271295 8 -2 0
0.038401 8 4 0
-0.046550 8 -4 0
0.034492 8 6 0
-0.033869 8 -6 0
-0.008741 8 8 0
0.057469 8 -8 0
-0.321454 9 1 0
-0.104071 9 -1 0
-0.073860 9 3 0
-0.033311 9 -3 0
0.078624 9 5 0
0.098868 9 -5 0
-0.021286 9 7 0
-0.006686 9 -7 0
-0.053731 9 9 0
-0.057952 9 -9 0
0.098868 10 0 0
0.071255 10 2 0
-0.227443 10 -2 0
0.086140 10 4 0
-0.127236 10 -4 0
0.029269 10 6 0
-0.012880 10 -6 0
-0.007395 10 8 0
0.059275 10 -8 0
-0.017972 10 10 0
0.034347 10 -10 0
0.149212 11 1 0
-0.038786 11 -1 0
0.179089 11 3 0
0.078237 11 -3 0
0.073178 11 5 0
0.102788 11 -5 0
-0.032135 11 7 0
-0.008269 11 -7 0
-0.053477 11 9 0
-0.050869 11 -9 0
-0.024300 11 11 0
0.022019 11 -11 0
-0.000881 12 0 0
-0.058684 12 2 0
0.133579 12 -2 0
0.014649 12 4 0
-0.007488 12 -4 0
0.023660 12 6 0
-0.039985 12 -6 0
-0.001771 12 8 0
0.040992 12 -8 0
-0.007453 12 10 0
0.023099 12 -10 0
-0.014722 12 12 0
0.011314 12 -12 0
-0.074662 13 1 0
-0.041644 13 -1 0
-0.051517 13 3 0
-0.023982 13 -3 0
0.044989 13 5 0
0.059770 13 -5 0
-0.002527 13 7 0
0.001854 13 -7 0
-0.037556 13 9 0
-0.035882 13 -9 0
-0.015472 13 11 0
0.014711 13 -11 0
0.002144 13 13 0
0.014028 13 -13 0
0.086561 14 0 0
0.027223 14 2 0
-0.075178 14 -2 0
0.063953 14 4 0
-0.104152 14 -4 0
0.017907 14 6 0
-0.003818 14 -6 0
-0.011897 14 8 0
0.041499 14 -8 0
-0.008625 14 10 0
0.018897 14 -10 0
-0.011278 14 12 0
0.008573 14 -12 0
-0.003925 14 14 0
0.008076 14 -14 0
0.001655 15 1 0
-0.044643 15 -1 0
0.084672 15 3 0
0.040560 15 -3 0
0.059949 15 5 0
0.062676 15 -5 0
-0.022484 15 7 0
-0.009835 15 -7 0
-0.031198 15 9 0
-0.032426 15 -9 0
-0.009118 15 11 0
0.011106 15 -11 0
0.004072 15 13 0
0.008999 15 -13 0
0.010705 15 15 0
-0.004110 15 -15 0
-0.006193 16 0 0
-0.016402 16 2 0
0.024568 16 -2 0
0.001628 16 4 0
0.007772 16 -4 0
0.007524 16 6 0
-0.016612 16 -6 0
0.000558 16 8 0
0.015778 16 -8 0
-0.003364 16 10 0
0.007421 16 -10 0
-0.004550 16 12 0
0.001667 16 -12 0
-0.003117 16 14 0
0.006931 16 -14 0
0.003102 16 16 0
0.022769 16 -16 0
0.000737 17 1 0
-0.011061 17 -1 0
-0.013624 17 3 0
-0.012107 17 -3 0
0.006512 17 5 0
0.017597 17 -5 0
0.002600 17 7 0
0.001787 17 -7 0
-0.011780 17 9 0
-0.013499 17 -9 0
-0.005033 17 11 0
0.005743 17 -11 0
0.002307 17 13 0
0.007997 17 -13 0
0.003009 17 15 0
-0.005637 17 -15 0
-0.008328 17 17 0
0.003086 17 -17 0
0.029289 18 0 0
0.004443 18 2 0
-0.009415 18 -2 0
0.025526 18 4 0
-0.045649 18 -4 0
0.005838 18 6 0
-0.008413 18 -6 0
-0.009153 18 8 0
0.013735 18 -8 0
-0.003199 18 10 0
0.007309 18 -10 0
-0.002142 18 12 0
0.002670 18 -12 0
-0.000193 18 14 0
0.003093 18 -14 0
0.002641 18 16 0
0.009421 18 -16 0
0.001602 18 18 0
-0.004236 18 -18 0
-0.011115 19 1 0
-0.022821 19 -1 0
0.016059 19 3 0
0.011119 19 -3 0
0.031189 19 5 0
0.022646 19 -5 0
-0.009706 19 7 0
-0.001576 19 -7 0
-0.009350 19 9 0
-0.011635 19 -9 0
-0.003574 19 11 0
