-0.022916 1 1 0
-0.070564 1 -1 0
-0.171919 2 0 0
0.008099 2 2 0
-0.025541 2 -2 0
0.286981 3 1 0
-0.004710 3 -1 0
0.073421 3 3 0
0.019012 3 -3 0
0.295367 4 0 0
-0.052450 4 2 0
0.119729 4 -2 0
0.056150 4 4 0
-0.075717 4 -4 0
-0.456818 5 1 0
-0.118823 5 -1 0
0.015994 5 3 0
0.005311 5 -3 0
0.084879 5 5 0
0.088932 5 -5 0
-0.078675 6 0 0
0.069093 6 2 0
-0.250012 6 -2 0
0.077833 6 4 0
-0.093368 6 -4 0
0.050494 6 6 0
-0.034611 6 -6 0
0.440301 7 1 0
0.008848 7 -1 0
0.174649 7 3 0
0.082901 7 -3 0
0.098501 7 5 0
0.100741 7 -5 0
0.003002 7 7 0
0.003959 7 -7 0
0.101896 8 0 0
-0.100545 8 2 0
0.270048 8 -2 0
0.053558 8 4 0
-0.048508 8 -4 0
0.050528 8 6 0
-0.032828 8 -6 0
0.001991 8 8 0
0.051674 8 -8 0
-0.314193 9 1 0
-0.104838 9 -1 0
-0.059873 9 3 0
-0.033155 9 -3 0
0.097079 9 5 0
0.094696 9 -5 0
0.001708 9 7 0
-0.000378 9 -7 0
-0.057741 9 9 0
-0.041060 9 -9 0
0.102712 10 0 0
0.068854 10 2 0
-0.227136 10 -2 0
0.093331 10 4 0
-0.129384 10 -4 0
0.043595 10 6 0
-0.013236 10 -6 0
0.003907 10 8 0
0.054840 10 -8 0
-0.009038 10 10 0
0.023674 10 -10 0
0.154699 11 1 0
-0.040706 11 -1 0
0.188981 11 3 0
0.079941 11 -3 0
0.090945 11 5 0
0.099613 11 -5 0
-0.012293 11 7 0
-0.001529 11 -7 0
-0.055312 11 9 0
-0.040235 11 -9 0
-0.035882 11 11 0
0.018697 11 -11 0
0.001406 12 0 0
-0.057979 12 2 0
0.134112 12 -2 0
0.023445 12 4 0
-0.008494 12 -4 0
0.039864 12 6 0
-0.040370 12 -6 0
0.006101 12 8 0
0.039299 12 -8 0
-0.001581 12 10 0
0.015635 12 -10 0
-0.012050 12 12 0
0.012521 12 -12 0
-0.069394 13 1 0
-0.044930 13 -1 0
-0.044008 13 3 0
-0.022246 13 -3 0
0.059071 13 5 0
0.057652 13 -5 0
0.012668 13 7 0
0.006224 13 -7 0
-0.040781 13 9 0
-0.027677 13 -9 0
-0.023738 13 11 0
0.012547 13 -11 0
0.003083 13 13 0
0.008752 13 -13 0
0.089036 14 0 0
0.025434 14 2 0
-0.074252 14 -2 0
0.067157 14 4 0
-0.104986 14 -4 0
0.025471 14 6 0
-0.003895 14 -6 0
-0.006023 14 8 0
0.036545 14 -8 0
-0.002395 14 10 0
0.011366 14 -10 0
-0.006315 14 12 0
0.009804 14 -12 0
0.000224 14 14 0
0.008572 14 -14 0
0.004743 15 1 0
-0.046892 15 -1 0
0.091624 15 3 0
0.041053 15 -3 0
0.068561 15 5 0
0.061935 15 -5 0
-0.012543 15 7 0
-0.006460 15 -7 0
-0.034657 15 9 0
-0.025071 15 -9 0
-0.016008 15 11 0
0.010626 15 -11 0
0.002234 15 13 0
0.006399 15 -13 0
0.006246 15 15 0
-0.003043 15 -15 0
-0.004102 16 0 0
-0.016615 16 2 0
0.026679 16 -2 0
0.005301 16 4 0
0.008030 16 -4 0
0.012726 16 6 0
-0.017608 16 -6 0
0.004661 16 8 0
0.014025 16 -8 0
0.000169 16 10 0
0.003701 16 -10 0
-0.002477 16 12 0
0.000617 16 -12 0
0.000603 16 14 0
0.008489 16 -14 0
0.004082 16 16 0
0.027725 16 -16 0
0.003942 17 1 0
-0.011165 17 -1 0
-0.010486 17 3 0
-0.010598 17 -3 0
0.012097 17 5 0
0.018041 17 -5 0
0.007498 17 7 0
0.003778 17 -7 0
-0.013027 17 9 0
-0.010559 17 -9 0
-0.009153 17 11 0
0.003900 17 -11 0
0.003689 17 13 0
0.004618 17 -13 0
0.000623 17 15 0
-0.006393 17 -15 0
-0.011179 17 17 0
-0.000353 17 -17 0
0.030946 18 0 0
0.004447 18 2 0
-0.007768 18 -2 0
0.026866 18 4 0
-0.045300 18 -4 0
0.009959 18 6 0
-0.007528 18 -6 0
-0.005984 18 8 0
0.012427 18 -8 0
-0.001566 18 10 0
0.004495 18 -10 0
-0.000388 18 12 0
0.003027 18 -12 0
0.001734 18 14 0
0.003779 18 -14 0
0.003465 18 16 0
0.011956 18 -16 0
0.001309 18 18 0
-0.001185 18 -18 0
-0.010565 19 1 0
-0.022194 19 -1 0
0.019221 19 3 0
0.011351 19 -3 0
0.034727 19 5 0
0.024092 19 -5 0
-0.007218 19 7 0
-0.000455 19 -7 0
-0.011518 19 9 0
-0.010135 19 -9 0
-0.006045 19 11 0
