-0.052775 1 1 0
-0.034001 1 -1 0
-0.006584 2 0 0
0.025615 2 2 0
-0.013209 2 -2 0
0.011358 3 1 0
0.010450 3 -1 0
-0.021033 3 3 0
0.006141 3 -3 0
-0.002556 4 0 0
-0.007825 4 2 0
0.001334 4 -2 0
-0.005644 4 4 0
0.007591 4 -4 0
0.005175 5 1 0
-0.002482 5 -1 0
0.004975 5 3 0
-0.002055 5 -3 0
-0.003807 5 5 0
-0.009816 5 -5 0
0.002277 6 0 0
0.000265 6 2 0
0.004181 6 -2 0
0.001078 6 4 0
-0.005572 6 -4 0
0.010250 6 6 0
-0.001197 6 -6 0
-0.001754 7 1 0
-0.000009 7 -1 0
0.002765 7 3 0
0.001317 7 -3 0
-0.002472 7 5 0
0.009870 7 -5 0
-0.000963 7 7 0
0.001344 7 -7 0
0.000885 8 0 0
-0.000058 8 2 0
0.001092 8 -2 0
-0.002632 8 4 0
0.004158 8 -4 0
-0.004393 8 6 0
0.000288 8 -6 0
-0.001803 8 8 0
0.001478 8 -8 0
-0.001090 9 1 0
-0.003149 9 -1 0
-0.001191 9 3 0
-0.003890 9 -3 0
0.003933 9 5 0
-0.001009 9 -5 0
-0.001730 9 7 0
-0.002636 9 -7 0
-0.004928 9 9 0
-0.001336 9 -9 0
0.001882 10 0 0
0.001043 10 2 0
0.002867 10 -2 0
-0.000098 10 4 0
0.000626 10 -4 0
0.002145 10 6 0
0.000714 10 -6 0
0.000281 10 8 0
0.002051 10 -8 0
-0.001663 10 10 0
-0.001929 10 -10 0
0.001028 11 1 0
0.000486 11 -1 0
0.001769 11 3 0
0.000729 11 -3 0
0.000967 11 5 0
-0.000331 11 -5 0
0.000013 11 7 0
0.002791 11 -7 0
0.000349 11 9 0
0.002099 11 -9 0
-0.000665 11 11 0
0.002376 11 -11 0
0.000027 12 0 0
-0.001854 12 2 0
0.000833 12 -2 0
-0.001324 12 4 0
0.000486 12 -4 0
-0.000846 12 6 0
-0.002330 12 -6 0
0.000097 12 8 0
-0.001129 12 -8 0
0.002206 12 10 0
-0.000014 12 -10 0
0.002733 12 12 0
-0.004768 12 -12 0
-0.000063 13 1 0
-0.001757 13 -1 0
0.001465 13 3 0
-0.001721 13 -3 0
-0.000617 13 5 0
0.000932 13 -5 0
-0.001451 13 7 0
-0.000779 13 -7 0
-0.000412 13 9 0
-0.001810 13 -9 0
-0.000772 13 11 0
0.001919 13 -11 0
-0.000431 13 13 0
0.003067 13 -13 0
-0.000944 14 0 0
0.000535 14 2 0
0.000788 14 -2 0
-0.001789 14 4 0
-0.000710 14 -4 0
0.002082 14 6 0
0.001252 14 -6 0
0.000570 14 8 0
0.001901 14 -8 0
0.000604 14 10 0
-0.001551 14 -10 0
-0.000782 14 12 0
-0.000278 14 -12 0
-0.000147 14 14 0
-0.001718 14 -14 0
0.000372 15 1 0
-0.000935 15 -1 0
0.001395 15 3 0
-0.000078 15 -3 0
0.001939 15 5 0
-0.000303 15 -5 0
-0.000922 15 7 0
0.000177 15 -7 0
-0.001241 15 9 0
0.001036 15 -9 0
-0.000929 15 11 0
0.000304 15 -11 0
0.000124 15 13 0
-0.000357 15 -13 0
0.001343 15 15 0
-0.000204 15 -15 0
0.000057 16 0 0
-0.000111 16 2 0
0.000058 16 -2 0
-0.000641 16 4 0
0.000490 16 -4 0
0.000020 16 6 0
-0.001057 16 -6 0
0.001645 16 8 0
-0.001004 16 -8 0
0.000305 16 10 0
0.000331 16 -10 0
0.000918 16 12 0
-0.000046 16 -12 0
-0.000414 16 14 0
-0.000558 16 -14 0
-0.001202 16 16 0
0.000354 16 -16 0
-0.000505 17 1 0
-0.001706 17 -1 0
-0.000399 17 3 0
-0.000399 17 -3 0
-0.000863 17 5 0
0.000656 17 -5 0
0.000225 17 7 0
-0.001083 17 -7 0
-0.000889 17 9 0
-0.000800 17 -9 0
-0.000518 17 11 0
-0.000645 17 -11 0
-0.000738 17 13 0
0.001123 17 -13 0
0.000484 17 15 0
0.000751 17 -15 0
-0.000051 17 17 0
0.003116 17 -17 0
0.000062 18 0 0
0.000463 18 2 0
-0.000449 18 -2 0
-0.000087 18 4 0
-0.000865 18 -4 0
-0.000351 18 6 0
-0.000038 18 -6 0
0.000429 18 8 0
0.000531 18 -8 0
0.001035 18 10 0
-0.001008 18 -10 0
0.000877 18 12 0
-0.000944 18 -12 0
0.000010 18 14 0
-0.000941 18 -14 0
-0.000271 18 16 0
-0.001868 18 -16 0
0.001040 18 18 0
-0.000220 18 -18 0
-0.000029 19 1 0
0.000511 19 -1 0
-0.000275 19 3 0
-0.000399 19 -3 0
0.001048 19 5 0
-0.000802 19 -5 0
-0.000953 19 7 0
-0.001130 19 -7 0
-0.000868 19 9 0
-0.000092 19 -9 0
-0.001314 19 11 0
