-0.008528 1 1 0
-0.091439 1 -1 0
0.069496 2 0 0
0.032109 2 2 0
-0.030007 2 -2 0
0.015356 3 1 0
0.146743 3 -1 0
-0.014415 3 3 0
0.003066 3 -3 0
-0.098901 4 0 0
0.044443 4 2 0
0.080892 4 -2 0
-0.006184 4 4 0
0.001063 4 -4 0
-0.048737 5 1 0
-0.231107 5 -1 0
0.009208 5 3 0
0.017814 5 -3 0
0.017937 5 5 0
0.005795 5 -5 0
0.039714 6 0 0
-0.039461 6 2 0
-0.129888 6 -2 0
0.006012 6 4 0
0.016304 6 -4 0
-0.020670 6 6 0
-0.011069 6 -6 0
0.021567 7 1 0
0.205493 7 -1 0
-0.036384 7 3 0
-0.060256 7 -3 0
0.004953 7 5 0
0.000584 7 -5 0
0.012245 7 7 0
0.002913 7 -7 0
0.004957 8 0 0
0.063372 8 2 0
0.146982 8 -2 0
-0.018208 8 4 0
-0.009976 8 -4 0
-0.011979 8 6 0
-0.004248 8 -6 0
-0.009846 8 8 0
-0.012977 8 -8 0
-0.035852 9 1 0
-0.122450 9 -1 0
0.035678 9 3 0
0.071540 9 -3 0
0.003864 9 5 0
0.005846 9 -5 0
0.008890 9 7 0
-0.005592 9 -7 0
-0.001594 9 9 0
-0.001208 9 -9 0
-0.037162 10 0 0
-0.028857 10 2 0
-0.102930 10 -2 0
0.020564 10 4 0
0.044606 10 -4 0
-0.014546 10 6 0
0.003222 10 -6 0
-0.005666 10 8 0
-0.006372 10 -8 0
-0.002153 10 10 0
-0.002722 10 -10 0
-0.012162 11 1 0
0.046924 11 -1 0
-0.037532 11 3 0
-0.069020 11 -3 0
0.011513 11 5 0
0.014720 11 -5 0
0.011398 11 7 0
0.010798 11 -7 0
-0.006299 11 9 0
-0.003398 11 -9 0
0.003905 11 11 0
0.009044 11 -11 0
0.027756 12 0 0
0.039790 12 2 0
0.062400 12 -2 0
-0.020565 12 4 0
-0.025162 12 -4 0
-0.007864 12 6 0
-0.008890 12 -6 0
-0.000940 12 8 0
-0.004605 12 -8 0
-0.001932 12 10 0
-0.001043 12 -10 0
0.000257 12 12 0
0.003818 12 -12 0
-0.007312 13 1 0
-0.007855 13 -1 0
0.023405 13 3 0
0.043740 13 -3 0
-0.005619 13 5 0
-0.005833 13 -5 0
0.003611 13 7 0
-0.007042 13 -7 0
-0.005676 13 9 0
-0.001125 13 -9 0
0.002045 13 11 0
0.000467 13 -11 0
-0.003474 13 13 0
0.007146 13 -13 0
-0.025939 14 0 0
-0.001781 14 2 0
-0.024279 14 -2 0
0.017226 14 4 0
0.041662 14 -4 0
-0.013547 14 6 0
0.000720 14 -6 0
-0.005404 14 8 0
-0.010840 14 -8 0
0.004263 14 10 0
0.002137 14 -10 0
0.003042 14 12 0
0.001398 14 -12 0
0.001428 14 14 0
-0.000629 14 -14 0
-0.021965 15 1 0
-0.010484 15 -1 0
-0.017074 15 3 0
-0.026599 15 -3 0
0.011475 15 5 0
0.019513 15 -5 0
0.007295 15 7 0
0.007596 15 -7 0
-0.007334 15 9 0
-0.006152 15 -9 0
0.005349 15 11 0
0.004339 15 -11 0
-0.001045 15 13 0
0.002581 15 -13 0
0.004423 15 15 0
-0.001320 15 -15 0
0.008480 16 0 0
0.011871 16 2 0
0.006755 16 -2 0
-0.012872 16 4 0
-0.014221 16 -4 0
-0.002367 16 6 0
-0.000563 16 -6 0
0.001381 16 8 0
-0.000681 16 -8 0
-0.000359 16 10 0
-0.001566 16 -10 0
0.002557 16 12 0
0.004261 16 -12 0
0.000691 16 14 0
0.002232 16 -14 0
0.002786 16 16 0
-0.001955 16 -16 0
0.002265 17 1 0
0.008642 17 -1 0
0.008316 17 3 0
0.009604 17 -3 0
-0.006015 17 5 0
-0.005994 17 -5 0
0.002352 17 7 0
-0.005248 17 -7 0
-0.001170 17 9 0
0.002343 17 -9 0
0.001344 17 11 0
0.000411 17 -11 0
-0.000637 17 13 0
0.006532 17 -13 0
0.002266 17 15 0
-0.002515 17 -15 0
-0.006766 17 17 0
0.000647 17 -17 0
-0.006192 18 0 0
0.007630 18 2 0
0.000220 18 -2 0
0.009544 18 4 0
0.015982 18 -4 0
-0.007610 18 6 0
-0.005357 18 -6 0
-0.002424 18 8 0
-0.005949 18 -8 0
0.000693 18 10 0
0.001920 18 -10 0
0.000661 18 12 0
0.001747 18 -12 0
0.000960 18 14 0
0.000223 18 -14 0
0.003245 18 16 0
-0.001408 18 -16 0
0.004398 18 18 0
-0.000542 18 -18 0
-0.011561 19 1 0
-0.007319 19 -1 0
-0.005769 19 3 0
-0.004411 19 -3 0
0.005532 19 5 0
0.009277 19 -5 0
-0.000151 19 7 0
0.003703 19 -7 0
-0.003775 19 9 0
-0.005474 19 -9 0
0.002210 19 11 0
