0.090667 1 1 0
0.255520 1 -1 0
-0.012506 2 0 0
-0.040631 2 2 0
0.040903 2 -2 0
0.071040 3 1 0
-0.169518 3 -1 0
-0.067102 3 3 0
0.036687 3 -3 0
-0.079341 4 0 0
0.176407 4 2 0
-0.133895 4 -2 0
-0.065155 4 4 0
-0.013429 4 -4 0
0.019880 5 1 0
-0.066956 5 -1 0
0.212141 5 3 0
-0.066916 5 -3 0
-0.049261 5 5 0
-0.036066 5 -5 0
0.052367 6 0 0
-0.046916 6 2 0
0.018015 6 -2 0
0.167942 6 4 0
0.014982 6 -4 0
-0.022303 6 6 0
-0.018182 6 -6 0
-0.056508 7 1 0
0.083365 7 -1 0
-0.091048 7 3 0
0.027014 7 -3 0
0.135548 7 5 0
0.036356 7 -5 0
-0.016788 7 7 0
-0.079323 7 -7 0
0.028066 8 0 0
-0.041619 8 2 0
0.031082 8 -2 0
-0.103864 8 4 0
-0.030487 8 -4 0
0.049730 8 6 0
0.107993 8 -6 0
0.031851 8 8 0
-0.007606 8 -8 0
0.012253 9 1 0
-0.027638 9 -1 0
0.016638 9 3 0
-0.004924 9 -3 0
-0.070313 9 5 0
-0.060634 9 -5 0
-0.011497 9 7 0
0.052154 9 -7 0
-0.015835 9 9 0
0.042298 9 -9 0
-0.009546 10 0 0
0.041213 10 2 0
-0.026745 10 -2 0
0.044713 10 4 0
0.004540 10 -4 0
-0.043356 10 6 0
-0.021151 10 -6 0
-0.018442 10 8 0
0.045753 10 -8 0
0.004570 10 10 0
-0.051088 10 -10 0
0.004154 11 1 0
0.000601 11 -1 0
0.051802 11 3 0
0.006309 11 -3 0
0.065406 11 5 0
0.025003 11 -5 0
-0.035497 11 7 0
-0.050026 11 -7 0
-0.053082 11 9 0
0.063537 11 -9 0
0.005547 11 11 0
0.020553 11 -11 0
0.018830 12 0 0
-0.012763 12 2 0
0.005319 12 -2 0
0.023130 12 4 0
0.010830 12 -4 0
0.031782 12 6 0
0.075246 12 -6 0
0.002699 12 8 0
-0.017249 12 -8 0
-0.016953 12 10 0
-0.044526 12 -10 0
-0.033923 12 12 0
-0.023289 12 -12 0
-0.014311 13 1 0
0.030623 13 -1 0
-0.009809 13 3 0
0.004782 13 -3 0
0.005203 13 5 0
0.002547 13 -5 0
-0.006285 13 7 0
0.043086 13 -7 0
-0.014936 13 9 0
0.025612 13 -9 0
-0.000826 13 11 0
0.005968 13 -11 0
0.023036 13 13 0
-0.013848 13 -13 0
0.011456 14 0 0
-0.008642 14 2 0
0.011387 14 -2 0
-0.010443 14 4 0
-0.004555 14 -4 0
-0.010711 14 6 0
0.021380 14 -6 0
-0.000134 14 8 0
0.044092 14 -8 0
0.010121 14 10 0
-0.031950 14 -10 0
-0.023334 14 12 0
-0.022534 14 -12 0
-0.016976 14 14 0
0.030918 14 -14 0
0.007512 15 1 0
0.014719 15 -1 0
0.012010 15 3 0
0.014006 15 -3 0
0.007813 15 5 0
0.001069 15 -5 0
-0.020703 15 7 0
-0.004105 15 -7 0
-0.021922 15 9 0
0.057126 15 -9 0
0.011321 15 11 0
0.012185 15 -11 0
0.014970 15 13 0
-0.007522 15 -13 0
0.011019 15 15 0
-0.039406 15 -15 0
0.001933 16 0 0
0.009453 16 2 0
-0.001464 16 -2 0
0.011677 16 4 0
0.016925 16 -4 0
0.002893 16 6 0
0.020110 16 -6 0
-0.001862 16 8 0
0.000051 16 -8 0
-0.011160 16 10 0
-0.002104 16 -10 0
-0.005039 16 12 0
0.000869 16 -12 0
-0.003843 16 14 0
0.018652 16 -14 0
0.010970 16 16 0
0.015887 16 -16 0
0.001205 17 1 0
0.012472 17 -1 0
0.010707 17 3 0
0.010419 17 -3 0
0.007361 17 5 0
0.017156 17 -5 0
-0.009940 17 7 0
0.014961 17 -7 0
-0.010616 17 9 0
0.014798 17 -9 0
-0.006193 17 11 0
0.010017 17 -11 0
0.009179 17 13 0
0.010844 17 -13 0
0.008660 17 15 0
-0.019922 17 -15 0
-0.002700 17 17 0
-0.004157 17 -17 0
0.002558 18 0 0
-0.004112 18 2 0
0.004956 18 -2 0
0.001671 18 4 0
0.008157 18 -4 0
-0.000421 18 6 0
0.022570 18 -6 0
-0.005068 18 8 0
0.015543 18 -8 0
0.000419 18 10 0
-0.011345 18 -10 0
-0.012996 18 12 0
-0.002711 18 -12 0
-0.007551 18 14 0
0.019222 18 -14 0
0.005900 18 16 0
0.010247 18 -16 0
0.003505 18 18 0
-0.001335 18 -18 0
0.000785 19 1 0
0.011350 19 -1 0
-0.004433 19 3 0
0.001277 19 -3 0
0.002129 19 5 0
0.000589 19 -5 0
-0.012360 19 7 0
0.008022 19 -7 0
-0.006494 19 9 0
0.021170 19 -9 0
0.000078 19 11 0
