0.173992 1 1 0
0.187688 1 -1 0
-0.012890 2 0 0
-0.081110 2 2 0
0.035482 2 -2 0
0.060659 3 1 0
-0.152295 3 -1 0
-0.063081 3 3 0
0.029292 3 -3 0
-0.084578 4 0 0
0.179326 4 2 0
-0.135210 4 -2 0
-0.054396 4 4 0
-0.008788 4 -4 0
0.015822 5 1 0
-0.061992 5 -1 0
0.206970 5 3 0
-0.063591 5 -3 0
-0.041769 5 5 0
-0.031910 5 -5 0
0.052177 6 0 0
-0.039289 6 2 0
0.013627 6 -2 0
0.177964 6 4 0
0.005524 6 -4 0
-0.029923 6 6 0
-0.012937 6 -6 0
-0.053153 7 1 0
0.084800 7 -1 0
-0.093826 7 3 0
0.024466 7 -3 0
0.130599 7 5 0
0.035985 7 -5 0
-0.013599 7 7 0
-0.067887 7 -7 0
0.029533 8 0 0
-0.039566 8 2 0
0.030730 8 -2 0
-0.100209 8 4 0
-0.032605 8 -4 0
0.056365 8 6 0
0.114166 8 -6 0
0.030548 8 8 0
-0.009964 8 -8 0
0.011239 9 1 0
-0.023752 9 -1 0
0.015745 9 3 0
-0.006250 9 -3 0
-0.070430 9 5 0
-0.054270 9 -5 0
-0.004225 9 7 0
0.059206 9 -7 0
-0.018477 9 9 0
0.030256 9 -9 0
-0.010561 10 0 0
0.044516 10 2 0
-0.030747 10 -2 0
0.054467 10 4 0
0.000079 10 -4 0
-0.041776 10 6 0
-0.015864 10 -6 0
-0.015050 10 8 0
0.045601 10 -8 0
-0.002524 10 10 0
-0.049549 10 -10 0
0.004859 11 1 0
0.003362 11 -1 0
0.049053 11 3 0
0.008282 11 -3 0
0.063845 11 5 0
0.026346 11 -5 0
-0.031251 11 7 0
-0.043611 11 -7 0
-0.054782 11 9 0
0.054794 11 -9 0
0.000356 11 11 0
0.008217 11 -11 0
0.019664 12 0 0
-0.008000 12 2 0
0.002234 12 -2 0
0.027466 12 4 0
0.006589 12 -4 0
0.030085 12 6 0
0.080348 12 -6 0
0.005317 12 8 0
-0.017470 12 -8 0
-0.021834 12 10 0
-0.043454 12 -10 0
-0.028519 12 12 0
-0.003683 12 -12 0
-0.014607 13 1 0
0.034703 13 -1 0
-0.010490 13 3 0
0.006451 13 -3 0
0.003706 13 5 0
0.007279 13 -5 0
-0.001464 13 7 0
0.047655 13 -7 0
-0.016712 13 9 0
0.019333 13 -9 0
-0.002319 13 11 0
-0.003199 13 -11 0
0.032267 13 13 0
-0.027287 13 -13 0
0.009908 14 0 0
-0.006435 14 2 0
0.009660 14 -2 0
-0.005902 14 4 0
-0.008489 14 -4 0
-0.008623 14 6 0
0.024039 14 -6 0
0.003804 14 8 0
0.044199 14 -8 0
0.007817 14 10 0
-0.032142 14 -10 0
-0.018303 14 12 0
-0.012684 14 -12 0
-0.034170 14 14 0
0.033196 14 -14 0
0.007354 15 1 0
0.016150 15 -1 0
0.012996 15 3 0
0.015844 15 -3 0
0.007832 15 5 0
0.005323 15 -5 0
-0.016845 15 7 0
-0.000574 15 -7 0
-0.022125 15 9 0
0.049994 15 -9 0
0.010258 15 11 0
0.008602 15 -11 0
0.022090 15 13 0
-0.015512 15 -13 0
0.015630 15 15 0
-0.034069 15 -15 0
0.001466 16 0 0
0.012338 16 2 0
-0.001468 16 -2 0
0.014522 16 4 0
0.013242 16 -4 0
0.001663 16 6 0
0.023131 16 -6 0
0.000651 16 8 0
0.000348 16 -8 0
-0.015800 16 10 0
-0.001282 16 -10 0
-0.001282 16 12 0
0.008185 16 -12 0
-0.016752 16 14 0
0.019474 16 -14 0
0.009340 16 16 0
0.009949 16 -16 0
0.000752 17 1 0
0.014253 17 -1 0
0.011833 17 3 0
0.012673 17 -3 0
0.004972 17 5 0
0.020263 17 -5 0
-0.006805 17 7 0
0.016412 17 -7 0
-0.010120 17 9 0
0.011910 17 -9 0
-0.006367 17 11 0
0.009063 17 -11 0
0.010307 17 13 0
0.007207 17 -13 0
0.010549 17 15 0
-0.017393 17 -15 0
-0.004386 17 17 0
-0.002772 17 -17 0
0.002642 18 0 0
-0.003350 18 2 0
0.004359 18 -2 0
0.002562 18 4 0
0.003710 18 -4 0
-0.001960 18 6 0
0.024452 18 -6 0
-0.002010 18 8 0
0.015741 18 -8 0
-0.000792 18 10 0
-0.011720 18 -10 0
-0.009619 18 12 0
0.000911 18 -12 0
-0.011575 18 14 0
0.019600 18 -14 0
0.007820 18 16 0
0.008472 18 -16 0
0.003271 18 18 0
-0.005369 18 -18 0
0.000686 19 1 0
0.012534 19 -1 0
-0.002541 19 3 0
0.002488 19 -3 0
0.002095 19 5 0
0.002974 19 -5 0
-0.009305 19 7 0
0.008235 19 -7 0
-0.006630 19 9 0
0.017061 19 -9 0
-0.000618 19 11 0
