0.051045 1 1 0
0.204852 1 -1 0
-0.023556 2 0 0
-0.065370 2 2 0
0.055477 2 -2 0
0.080177 3 1 0
-0.173044 3 -1 0
-0.062210 3 3 0
0.038803 3 -3 0
-0.079145 4 0 0
0.168891 4 2 0
-0.134449 4 -2 0
-0.059482 4 4 0
-0.013612 4 -4 0
0.019463 5 1 0
-0.058425 5 -1 0
0.198053 5 3 0
-0.073012 5 -3 0
-0.057401 5 5 0
-0.032529 5 -5 0
0.054149 6 0 0
-0.049851 6 2 0
0.018778 6 -2 0
0.171870 6 4 0
0.012257 6 -4 0
-0.038539 6 6 0
-0.023984 6 -6 0
-0.050788 7 1 0
0.083863 7 -1 0
-0.097979 7 3 0
0.022512 7 -3 0
0.116755 7 5 0
0.044621 7 -5 0
-0.007598 7 7 0
-0.073374 7 -7 0
0.032524 8 0 0
-0.047049 8 2 0
0.031670 8 -2 0
-0.103851 8 4 0
-0.029597 8 -4 0
0.049403 8 6 0
0.101085 8 -6 0
0.024441 8 8 0
-0.012364 8 -8 0
0.010968 9 1 0
-0.026572 9 -1 0
0.007527 9 3 0
-0.008457 9 -3 0
-0.084605 9 5 0
-0.050960 9 -5 0
0.002161 9 7 0
0.059449 9 -7 0
0.001965 9 9 0
0.030324 9 -9 0
-0.005999 10 0 0
0.034894 10 2 0
-0.030558 10 -2 0
0.050522 10 4 0
0.002332 10 -4 0
-0.048652 10 6 0
-0.023945 10 -6 0
-0.017056 10 8 0
0.042027 10 -8 0
0.005632 10 10 0
-0.035145 10 -10 0
0.003927 11 1 0
0.005070 11 -1 0
0.040990 11 3 0
0.003727 11 -3 0
0.056313 11 5 0
0.032756 11 -5 0
-0.025041 11 7 0
-0.044460 11 -7 0
-0.037738 11 9 0
0.054571 11 -9 0
-0.010496 11 11 0
0.016216 11 -11 0
0.020536 12 0 0
-0.014138 12 2 0
0.004036 12 -2 0
0.023346 12 4 0
0.008095 12 -4 0
0.026700 12 6 0
0.069207 12 -6 0
0.001321 12 8 0
-0.018713 12 -8 0
-0.019197 12 10 0
-0.031870 12 -10 0
-0.010115 12 12 0
-0.007515 12 -12 0
-0.016222 13 1 0
0.036532 13 -1 0
-0.016899 13 3 0
0.002004 13 -3 0
-0.003167 13 5 0
0.009382 13 -5 0
0.005761 13 7 0
0.049330 13 -7 0
-0.003083 13 9 0
0.018351 13 -9 0
-0.011845 13 11 0
0.000906 13 -11 0
0.006440 13 13 0
-0.022916 13 -13 0
0.012343 14 0 0
-0.010734 14 2 0
0.008597 14 -2 0
-0.007303 14 4 0
-0.008384 14 -4 0
-0.013959 14 6 0
0.018678 14 -6 0
0.000868 14 8 0
0.040361 14 -8 0
0.010225 14 10 0
-0.024316 14 -10 0
-0.005961 14 12 0
-0.014642 14 -12 0
-0.018517 14 14 0
0.024096 14 -14 0
0.005380 15 1 0
0.018246 15 -1 0
0.008251 15 3 0
0.014268 15 -3 0
0.005181 15 5 0
0.006597 15 -5 0
-0.012957 15 7 0
0.001072 15 -7 0
-0.014060 15 9 0
0.052469 15 -9 0
0.005864 15 11 0
0.009503 15 -11 0
0.009420 15 13 0
-0.011918 15 -13 0
0.007873 15 15 0
-0.035618 15 -15 0
0.002404 16 0 0
0.009807 16 2 0
-0.000922 16 -2 0
0.012767 16 4 0
0.014233 16 -4 0
-0.000979 16 6 0
0.019073 16 -6 0
-0.000259 16 8 0
-0.001139 16 -8 0
-0.012107 16 10 0
0.001076 16 -10 0
0.005267 16 12 0
0.004371 16 -12 0
-0.006672 16 14 0
0.014422 16 -14 0
0.010645 16 16 0
0.011149 16 -16 0
-0.000111 17 1 0
0.015909 17 -1 0
0.007557 17 3 0
0.009724 17 -3 0
0.005128 17 5 0
0.021022 17 -5 0
-0.002220 17 7 0
0.018028 17 -7 0
-0.006285 17 9 0
0.013609 17 -9 0
-0.008882 17 11 0
0.009471 17 -11 0
0.005713 17 13 0
0.009402 17 -13 0
0.006034 17 15 0
-0.018779 17 -15 0
0.000838 17 17 0
-0.002416 17 -17 0
0.002573 18 0 0
-0.003134 18 2 0
0.004020 18 -2 0
0.002659 18 4 0
0.002958 18 -4 0
-0.004508 18 6 0
0.022248 18 -6 0
-0.003561 18 8 0
0.012801 18 -8 0
-0.000228 18 10 0
-0.009705 18 -10 0
-0.006324 18 12 0
-0.000965 18 -12 0
-0.007971 18 14 0
0.015628 18 -14 0
0.009684 18 16 0
0.008853 18 -16 0
0.005196 18 18 0
0.000039 18 -18 0
-0.001152 19 1 0
0.013471 19 -1 0
-0.005847 19 3 0
0.000805 19 -3 0
0.001633 19 5 0
0.002802 19 -5 0
-0.007840 19 7 0
0.009681 19 -7 0
-0.003559 19 9 0
0.017507 19 -9 0
-0.000880 19 11 0
