0.118156 1 1 0
-0.011140 1 -1 0
0.125402 2 0 0
0.006539 2 2 0
0.008922 2 -2 0
-0.244943 3 1 0
-0.024275 3 -1 0
-0.038626 3 3 0
-0.006602 3 -3 0
-0.268326 4 0 0
0.075861 4 2 0
-0.129418 4 -2 0
-0.049536 4 4 0
0.070596 4 -4 0
0.427379 5 1 0
0.090306 5 -1 0
-0.033214 5 3 0
0.019431 5 -3 0
-0.063273 5 5 0
-0.063836 5 -5 0
0.031752 6 0 0
-0.037124 6 2 0
0.226662 6 -2 0
-0.078868 6 4 0
0.092647 6 -4 0
-0.053270 6 6 0
0.037439 6 -6 0
-0.385558 7 1 0
-0.035923 7 -1 0
-0.167052 7 3 0
-0.031737 7 -3 0
-0.076464 7 5 0
-0.083175 7 -5 0
0.042716 7 7 0
0.003492 7 -7 0
-0.114690 8 0 0
0.125287 8 2 0
-0.245951 8 -2 0
-0.055052 8 4 0
0.059371 8 -4 0
-0.058307 8 6 0
0.033057 8 -6 0
-0.002146 8 8 0
-0.058230 8 -8 0
0.287033 9 1 0
0.063482 9 -1 0
0.044814 9 3 0
0.051963 9 -3 0
-0.075830 9 5 0
-0.069824 9 -5 0
0.044850 9 7 0
0.001268 9 -7 0
0.044589 9 9 0
0.034368 9 -9 0
-0.119949 10 0 0
-0.034795 10 2 0
0.197741 10 -2 0
-0.093970 10 4 0
0.126386 10 -4 0
-0.047644 10 6 0
0.020705 10 -6 0
0.008335 10 8 0
-0.052057 10 -8 0
0.040064 10 10 0
-0.030537 10 -10 0
-0.128340 11 1 0
0.011420 11 -1 0
-0.180203 11 3 0
-0.053071 11 -3 0
-0.074621 11 5 0
-0.075935 11 -5 0
0.045956 11 7 0
0.009848 11 -7 0
0.037401 11 9 0
0.032754 11 -9 0
0.022773 11 11 0
-0.016016 11 -11 0
-0.022208 12 0 0
0.079441 12 2 0
-0.120334 12 -2 0
-0.028654 12 4 0
0.012974 12 -4 0
-0.038979 12 6 0
0.036271 12 -6 0
0.001486 12 8 0
-0.042324 12 -8 0
0.030723 12 10 0
-0.021957 12 -10 0
0.031788 12 12 0
0.006237 12 -12 0
0.068083 13 1 0
0.019024 13 -1 0
0.033250 13 3 0
0.043748 13 -3 0
-0.041449 13 5 0
-0.045244 13 -5 0
0.018184 13 7 0
-0.002957 13 -7 0
0.026521 13 9 0
0.023827 13 -9 0
0.014225 13 11 0
-0.017911 13 -11 0
-0.011513 13 13 0
-0.000924 13 -13 0
-0.095069 14 0 0
-0.005307 14 2 0
0.062145 14 -2 0
-0.070789 14 4 0
0.102666 14 -4 0
-0.030111 14 6 0
0.007679 14 -6 0
0.011140 14 8 0
-0.039237 14 -8 0
0.025996 14 10 0
-0.017016 14 -10 0
0.023749 14 12 0
0.001768 14 -12 0
0.000718 14 14 0
0.003845 14 -14 0
0.003754 15 1 0
0.026541 15 -1 0
-0.089388 15 3 0
-0.030251 15 -3 0
-0.058143 15 5 0
-0.054344 15 -5 0
0.035296 15 7 0
0.007309 15 -7 0
0.023256 15 9 0
0.020020 15 -9 0
0.013900 15 11 0
-0.007472 15 -11 0
-0.006437 15 13 0
0.000319 15 -13 0
-0.010410 15 15 0
-0.001311 15 -15 0
-0.003209 16 0 0
0.024233 16 2 0
-0.024856 16 -2 0
-0.004764 16 4 0
-0.004579 16 -4 0
-0.014203 16 6 0
0.014734 16 -6 0
-0.000246 16 8 0
-0.014466 16 -8 0
0.012544 16 10 0
-0.010102 16 -10 0
0.012940 16 12 0
0.005812 16 -12 0
-0.001089 16 14 0
0.002827 16 -14 0
0.005722 16 16 0
-0.017062 16 -16 0
0.001017 17 1 0
0.001006 17 -1 0
0.004334 17 3 0
0.015835 17 -3 0
-0.005997 17 5 0
-0.011715 17 -5 0
0.003323 17 7 0
-0.002556 17 -7 0
0.009044 17 9 0
0.009686 17 -9 0
0.003992 17 11 0
-0.008626 17 -11 0
-0.005172 17 13 0
-0.001142 17 -13 0
-0.003312 17 15 0
-0.001770 17 -15 0
0.001255 17 17 0
0.000170 17 -17 0
-0.032398 18 0 0
0.002818 18 2 0
0.008262 18 -2 0
-0.028546 18 4 0
0.047015 18 -4 0
-0.013656 18 6 0
0.006451 18 -6 0
0.008752 18 8 0
-0.013668 18 -8 0
0.009401 18 10 0
-0.008929 18 -10 0
0.008465 18 12 0
-0.000484 18 -12 0
0.000573 18 14 0
0.001173 18 -14 0
-0.001267 18 16 0
-0.006683 18 -16 0
-0.000138 18 18 0
0.002356 18 -18 0
0.015860 19 1 0
0.015255 19 -1 0
-0.026153 19 3 0
-0.011953 19 -3 0
-0.029607 19 5 0
-0.022534 19 -5 0
0.014348 19 7 0
0.002586 19 -7 0
0.008331 19 9 0
0.006125 19 -9 0
0.003597 19 11 0
