0.065090 1 1 0
-0.052437 1 -1 0
0.118914 2 0 0
0.031610 2 2 0
0.039946 2 -2 0
-0.231000 3 1 0
-0.013273 3 -1 0
-0.060179 3 3 0
-0.007216 3 -3 0
-0.276676 4 0 0
0.068243 4 2 0
-0.112413 4 -2 0
-0.068881 4 4 0
0.069223 4 -4 0
0.423470 5 1 0
0.085609 5 -1 0
-0.034779 5 3 0
0.020604 5 -3 0
-0.068950 5 5 0
-0.067479 5 -5 0
0.041460 6 0 0
-0.040316 6 2 0
0.223261 6 -2 0
-0.095527 6 4 0
0.092228 6 -4 0
-0.085562 6 6 0
0.028557 6 -6 0
-0.384768 7 1 0
-0.035446 7 -1 0
-0.175920 7 3 0
-0.034131 7 -3 0
-0.080859 7 5 0
-0.083551 7 -5 0
0.048402 7 7 0
-0.001584 7 -7 0
-0.112830 8 0 0
0.116317 8 2 0
-0.243694 8 -2 0
-0.066415 8 4 0
0.061704 8 -4 0
-0.083600 8 6 0
0.029513 8 -6 0
-0.004230 8 8 0
-0.057362 8 -8 0
0.286031 9 1 0
0.064031 9 -1 0
0.038317 9 3 0
0.052583 9 -3 0
-0.083526 9 5 0
-0.070606 9 -5 0
0.045035 9 7 0
-0.006222 9 -7 0
0.056279 9 9 0
0.042843 9 -9 0
-0.116871 10 0 0
-0.040004 10 2 0
0.199415 10 -2 0
-0.107447 10 4 0
0.127595 10 -4 0
-0.076810 10 6 0
0.014080 10 -6 0
0.005223 10 8 0
-0.057129 10 -8 0
0.028517 10 10 0
-0.026705 10 -10 0
-0.128568 11 1 0
0.012331 11 -1 0
-0.184128 11 3 0
-0.051988 11 -3 0
-0.078212 11 5 0
-0.074712 11 -5 0
0.048055 11 7 0
0.003504 11 -7 0
0.052265 11 9 0
0.039883 11 -9 0
0.028333 11 11 0
-0.006532 11 -11 0
-0.019740 12 0 0
0.078088 12 2 0
-0.122202 12 -2 0
-0.034735 12 4 0
0.014892 12 -4 0
-0.062099 12 6 0
0.031193 12 -6 0
0.000959 12 8 0
-0.043733 12 -8 0
0.022461 12 10 0
-0.016010 12 -10 0
0.032235 12 12 0
0.002330 12 -12 0
0.068978 13 1 0
0.020216 13 -1 0
0.028190 13 3 0
0.043303 13 -3 0
-0.046266 13 5 0
-0.043884 13 -5 0
0.020824 13 7 0
-0.005661 13 -7 0
0.035266 13 9 0
0.030136 13 -9 0
0.017746 13 11 0
-0.009588 13 -11 0
-0.003259 13 13 0
0.013548 13 -13 0
-0.092942 14 0 0
-0.009616 14 2 0
0.062504 14 -2 0
-0.075175 14 4 0
0.102965 14 -4 0
-0.046040 14 6 0
0.003540 14 -6 0
0.011537 14 8 0
-0.042734 14 -8 0
0.019803 14 10 0
-0.014115 14 -10 0
0.024833 14 12 0
-0.001573 14 -12 0
-0.002381 14 14 0
0.002728 14 -14 0
0.000909 15 1 0
0.027522 15 -1 0
-0.093042 15 3 0
-0.029345 15 -3 0
-0.060259 15 5 0
-0.051765 15 -5 0
0.035800 15 7 0
0.002048 15 -7 0
0.031432 15 9 0
0.023653 15 -9 0
0.017139 15 11 0
-0.002424 15 -11 0
0.000070 15 13 0
0.006782 15 -13 0
-0.009341 15 15 0
0.009182 15 -15 0
-0.003780 16 0 0
0.025327 16 2 0
-0.025924 16 -2 0
-0.006952 16 4 0
-0.005543 16 -4 0
-0.023619 16 6 0
0.013639 16 -6 0
0.000739 16 8 0
-0.015285 16 -8 0
0.008522 16 10 0
-0.006514 16 -10 0
0.013730 16 12 0
0.003701 16 -12 0
-0.004476 16 14 0
0.004390 16 -14 0
0.004521 16 16 0
-0.022226 16 -16 0
0.001076 17 1 0
0.002443 17 -1 0
0.004237 17 3 0
0.016695 17 -3 0
-0.008520 17 5 0
-0.009881 17 -5 0
0.003961 17 7 0
-0.005220 17 -7 0
0.012630 17 9 0
0.012525 17 -9 0
0.005465 17 11 0
-0.005873 17 -11 0
-0.002305 17 13 0
0.003837 17 -13 0
-0.004152 17 15 0
0.002454 17 -15 0
0.003007 17 17 0
-0.001669 17 -17 0
-0.032424 18 0 0
0.001947 18 2 0
0.009295 18 -2 0
-0.029225 18 4 0
0.047052 18 -4 0
-0.018792 18 6 0
0.004305 18 -6 0
0.008794 18 8 0
-0.014738 18 -8 0
0.006451 18 10 0
-0.005090 18 -10 0
0.007210 18 12 0
-0.001410 18 -12 0
-0.001125 18 14 0
0.002260 18 -14 0
0.000566 18 16 0
-0.011259 18 -16 0
0.002028 18 18 0
0.000247 18 -18 0
0.015874 19 1 0
0.015575 19 -1 0
-0.026851 19 3 0
-0.011088 19 -3 0
-0.030864 19 5 0
-0.022208 19 -5 0
0.014055 19 7 0
0.001533 19 -7 0
0.011140 19 9 0
0.006107 19 -9 0
0.003421 19 11 0
