0.107069 1 1 0
0.063989 1 -1 0
0.132574 2 0 0
0.006149 2 2 0
0.019819 2 -2 0
-0.251392 3 1 0
-0.033498 3 -1 0
-0.044391 3 3 0
0.004077 3 -3 0
-0.278902 4 0 0
0.076054 4 2 0
-0.106784 4 -2 0
-0.047619 4 4 0
0.063937 4 -4 0
0.421415 5 1 0
0.098830 5 -1 0
-0.045868 5 3 0
0.016675 5 -3 0
-0.070491 5 5 0
-0.068048 5 -5 0
0.039959 6 0 0
-0.035150 6 2 0
0.223618 6 -2 0
-0.082183 6 4 0
0.104718 6 -4 0
-0.055826 6 6 0
0.030463 6 -6 0
-0.389010 7 1 0
-0.032296 7 -1 0
-0.168208 7 3 0
-0.033163 7 -3 0
-0.069602 7 5 0
-0.098534 7 -5 0
0.048992 7 7 0
-0.009557 7 -7 0
-0.109659 8 0 0
0.128138 8 2 0
-0.235272 8 -2 0
-0.047255 8 4 0
0.067713 8 -4 0
-0.063305 8 6 0
0.023493 8 -6 0
-0.006547 8 8 0
-0.069965 8 -8 0
0.281565 9 1 0
0.066890 9 -1 0
0.037381 9 3 0
0.051864 9 -3 0
-0.076135 9 5 0
-0.079590 9 -5 0
0.052825 9 7 0
-0.008962 9 -7 0
0.032566 9 9 0
0.040264 9 -9 0
-0.115035 10 0 0
-0.033850 10 2 0
0.202978 10 -2 0
-0.093635 10 4 0
0.135560 10 -4 0
-0.052706 10 6 0
0.010648 10 -6 0
0.004114 10 8 0
-0.065274 10 -8 0
0.027000 10 10 0
-0.031971 10 -10 0
-0.132373 11 1 0
0.014801 11 -1 0
-0.182228 11 3 0
-0.053854 11 -3 0
-0.071401 11 5 0
-0.086110 11 -5 0
0.048407 11 7 0
-0.000193 11 -7 0
0.030710 11 9 0
0.039569 11 -9 0
0.010532 11 11 0
-0.012495 11 -11 0
-0.017760 12 0 0
0.082082 12 2 0
-0.116755 12 -2 0
-0.024094 12 4 0
0.022876 12 -4 0
-0.042580 12 6 0
0.029525 12 -6 0
0.000152 12 8 0
-0.048951 12 -8 0
0.025521 12 10 0
-0.019389 12 -10 0
0.033839 12 12 0
0.004879 12 -12 0
0.065233 13 1 0
0.020432 13 -1 0
0.029929 13 3 0
0.043203 13 -3 0
-0.040084 13 5 0
-0.051979 13 -5 0
0.023575 13 7 0
-0.010362 13 -7 0
0.018662 13 9 0
0.027031 13 -9 0
0.003867 13 11 0
-0.014437 13 -11 0
-0.001993 13 13 0
0.003890 13 -13 0
-0.091108 14 0 0
-0.005367 14 2 0
0.066448 14 -2 0
-0.069010 14 4 0
0.106490 14 -4 0
-0.032006 14 6 0
0.002682 14 -6 0
0.012899 14 8 0
-0.046547 14 -8 0
0.020388 14 10 0
-0.015402 14 -10 0
0.027799 14 12 0
0.001484 14 -12 0
0.003785 14 14 0
0.010283 14 -14 0
-0.000565 15 1 0
0.027189 15 -1 0
-0.090953 15 3 0
-0.031964 15 -3 0
-0.057467 15 5 0
-0.058367 15 -5 0
0.034579 15 7 0
0.000786 15 -7 0
0.018952 15 9 0
0.022718 15 -9 0
0.007396 15 11 0
-0.005876 15 -11 0
-0.000695 15 13 0
0.000588 15 -13 0
-0.007695 15 15 0
0.001664 15 -15 0
-0.002408 16 0 0
0.025060 16 2 0
-0.024038 16 -2 0
-0.003611 16 4 0
-0.002475 16 -4 0
-0.014555 16 6 0
0.011632 16 -6 0
-0.000066 16 8 0
-0.017815 16 -8 0
0.010586 16 10 0
-0.006849 16 -10 0
0.015328 16 12 0
0.003877 16 -12 0
-0.000093 16 14 0
0.006929 16 -14 0
0.001473 16 16 0
-0.016068 16 -16 0
0.000073 17 1 0
0.002120 17 -1 0
0.004687 17 3 0
0.015874 17 -3 0
-0.005857 17 5 0
-0.014692 17 -5 0
0.005049 17 7 0
-0.006147 17 -7 0
0.006464 17 9 0
0.011687 17 -9 0
-0.000778 17 11 0
-0.008421 17 -11 0
-0.001250 17 13 0
0.000098 17 -13 0
-0.003247 17 15 0
-0.001430 17 -15 0
-0.000392 17 17 0
0.000882 17 -17 0
-0.031915 18 0 0
0.002536 18 2 0
0.009910 18 -2 0
-0.029208 18 4 0
0.047096 18 -4 0
-0.013337 18 6 0
0.003319 18 -6 0
0.009247 18 8 0
-0.016231 18 -8 0
0.007952 18 10 0
-0.006162 18 -10 0
0.009843 18 12 0
-0.000203 18 -12 0
0.001168 18 14 0
0.003806 18 -14 0
-0.002509 18 16 0
-0.006500 18 -16 0
0.001382 18 18 0
0.002400 18 -18 0
0.015205 19 1 0
0.015562 19 -1 0
-0.025234 19 3 0
-0.010884 19 -3 0
-0.030508 19 5 0
-0.023662 19 -5 0
0.013633 19 7 0
0.000346 19 -7 0
0.007400 19 9 0
0.007163 19 -9 0
0.000338 19 11 0
