0.077453 1 1 0
-0.052037 1 -1 0
0.120035 2 0 0
-0.057451 2 2 0
-0.134117 2 -2 0
0.008241 3 1 0
0.269815 3 -1 0
-0.022618 3 3 0
-0.089780 3 -3 0
0.100668 4 0 0
0.078077 4 2 0
0.339985 4 -2 0
-0.011953 4 4 0
-0.077362 4 -4 0
-0.005341 5 1 0
-0.071597 5 -1 0
0.071843 5 3 0
0.279444 5 -3 0
-0.034290 5 5 0
-0.034745 5 -5 0
-0.100618 6 0 0
-0.021888 6 2 0
-0.199909 6 -2 0
0.088919 6 4 0
0.211134 6 -4 0
-0.013589 6 6 0
0.019846 6 -6 0
-0.025174 7 1 0
-0.221179 7 -1 0
-0.055971 7 3 0
-0.240532 7 -3 0
0.048757 7 5 0
0.133334 7 -5 0
-0.017570 7 7 0
-0.028688 7 -7 0
0.027523 8 0 0
0.015519 8 2 0
-0.034742 8 -2 0
-0.043011 8 4 0
-0.224085 8 -4 0
0.050014 8 6 0
0.137518 8 -6 0
-0.050881 8 8 0
-0.002097 8 -8 0
0.008874 9 1 0
0.049101 9 -1 0
0.026796 9 3 0
0.050451 9 -3 0
-0.077394 9 5 0
-0.175658 9 -5 0
0.026946 9 7 0
0.040293 9 -7 0
-0.011063 9 9 0
0.102577 9 -9 0
0.023258 10 0 0
0.033131 10 2 0
0.067882 10 -2 0
0.054860 10 4 0
0.093674 10 -4 0
-0.047233 10 6 0
-0.077777 10 -6 0
-0.033235 10 8 0
0.003633 10 -8 0
-0.006937 10 10 0
-0.120949 10 -10 0
-0.009044 11 1 0
-0.091203 11 -1 0
0.021066 11 3 0
0.010546 11 -3 0
0.041172 11 5 0
0.087688 11 -5 0
-0.040287 11 7 0
-0.084203 11 -7 0
-0.003652 11 9 0
0.080869 11 -9 0
-0.025977 11 11 0
0.097650 11 -11 0
-0.027327 12 0 0
-0.008519 12 2 0
-0.071050 12 -2 0
0.015496 12 4 0
-0.014429 12 -4 0
0.048463 12 6 0
0.112778 12 -6 0
-0.062885 12 8 0
-0.048817 12 -8 0
-0.010312 12 10 0
-0.114076 12 -10 0
0.055554 12 12 0
-0.016317 12 -12 0
-0.009493 13 1 0
-0.065463 13 -1 0
-0.014093 13 3 0
-0.060692 13 -3 0
-0.020012 13 5 0
-0.036125 13 -5 0
0.036836 13 7 0
0.057527 13 -7 0
-0.022611 13 9 0
0.042255 13 -9 0
-0.027653 13 11 0
0.048155 13 -11 0
-0.025389 13 13 0
0.034657 13 -13 0
0.007701 14 0 0
0.006638 14 2 0
0.001457 14 -2 0
-0.008310 14 4 0
-0.032485 14 -4 0
-0.010146 14 6 0
-0.012930 14 -6 0
0.004955 14 8 0
0.035411 14 -8 0
-0.017717 14 10 0
-0.079413 14 -10 0
0.027951 14 12 0
-0.024544 14 -12 0
0.013368 14 14 0
0.055431 14 -14 0
0.002864 15 1 0
-0.013334 15 -1 0
0.014843 15 3 0
0.003864 15 -3 0
-0.006285 15 5 0
-0.022428 15 -5 0
-0.020057 15 7 0
-0.038393 15 -7 0
0.015594 15 9 0
0.063690 15 -9 0
-0.016495 15 11 0
0.031910 15 -11 0
-0.019388 15 13 0
0.012752 15 -13 0
-0.018629 15 15 0
-0.010341 15 -15 0
-0.000819 16 0 0
0.002822 16 2 0
-0.002056 16 -2 0
0.015979 16 4 0
0.011996 16 -4 0
0.006795 16 6 0
0.006790 16 -6 0
-0.029997 16 8 0
-0.031829 16 -8 0
0.001031 16 10 0
-0.031072 16 -10 0
0.022941 16 12 0
-0.005101 16 -12 0
0.005115 16 14 0
0.029848 16 -14 0
-0.002305 16 16 0
0.013278 16 -16 0
-0.002859 17 1 0
-0.025193 17 -1 0
0.001012 17 3 0
-0.009629 17 -3 0
0.011838 17 5 0
0.005300 17 -5 0
0.007057 17 7 0
0.003167 17 -7 0
-0.015342 17 9 0
0.003055 17 -9 0
-0.002576 17 11 0
0.016778 17 -11 0
-0.001605 17 13 0
0.014294 17 -13 0
-0.010540 17 15 0
-0.007809 17 -15 0
-0.009962 17 17 0
0.004450 17 -17 0
-0.006796 18 0 0
-0.001843 18 2 0
-0.008661 18 -2 0
-0.005276 18 4 0
-0.005515 18 -4 0
0.011791 18 6 0
0.018053 18 -6 0
0.001223 18 8 0
0.008458 18 -8 0
-0.018625 18 10 0
-0.031611 18 -10 0
0.007123 18 12 0
-0.006152 18 -12 0
0.007572 18 14 0
0.018092 18 -14 0
-0.003328 18 16 0
0.005012 18 -16 0
0.003060 18 18 0
-0.008436 18 -18 0
0.002924 19 1 0
-0.011032 19 -1 0
-0.001485 19 3 0
-0.010299 19 -3 0
-0.002123 19 5 0
-0.008354 19 -5 0
0.002709 19 7 0
0.007436 19 -7 0
0.010525 19 9 0
0.023667 19 -9 0
-0.013313 19 11 0
