0.097852 1 1 0
-0.084601 1 -1 0
0.094374 2 0 0
-0.021143 2 2 0
-0.133691 2 -2 0
0.031616 3 1 0
0.300057 3 -1 0
-0.007943 3 3 0
-0.083694 3 -3 0
0.105327 4 0 0
0.056424 4 2 0
0.333573 4 -2 0
-0.022445 4 4 0
-0.082069 4 -4 0
-0.006181 5 1 0
-0.063264 5 -1 0
0.065451 5 3 0
0.274774 5 -3 0
-0.043049 5 5 0
-0.035742 5 -5 0
-0.099549 6 0 0
-0.022835 6 2 0
-0.207520 6 -2 0
0.082660 6 4 0
0.214225 6 -4 0
-0.015831 6 6 0
0.017976 6 -6 0
-0.011519 7 1 0
-0.211427 7 -1 0
-0.053141 7 3 0
-0.248849 7 -3 0
0.045984 7 5 0
0.133216 7 -5 0
-0.000874 7 7 0
-0.028415 7 -7 0
0.026715 8 0 0
0.008051 8 2 0
-0.039200 8 -2 0
-0.051003 8 4 0
-0.225863 8 -4 0
0.048477 8 6 0
0.136479 8 -6 0
-0.039970 8 8 0
0.000929 8 -8 0
0.018130 9 1 0
0.064050 9 -1 0
0.023732 9 3 0
0.051695 9 -3 0
-0.087901 9 5 0
-0.169480 9 -5 0
0.043605 9 7 0
0.042734 9 -7 0
-0.015851 9 9 0
0.078277 9 -9 0
0.024357 10 0 0
0.028319 10 2 0
0.062902 10 -2 0
0.045914 10 4 0
0.094451 10 -4 0
-0.050456 10 6 0
-0.080842 10 -6 0
-0.026026 10 8 0
0.001086 10 -8 0
-0.003869 10 10 0
-0.088420 10 -10 0
-0.000632 11 1 0
-0.081813 11 -1 0
0.020516 11 3 0
0.008332 11 -3 0
0.032665 11 5 0
0.090649 11 -5 0
-0.027282 11 7 0
-0.082549 11 -7 0
-0.008212 11 9 0
0.058591 11 -9 0
-0.046398 11 11 0
0.077620 11 -11 0
-0.028569 12 0 0
-0.008503 12 2 0
-0.079166 12 -2 0
0.011591 12 4 0
-0.014686 12 -4 0
0.049244 12 6 0
0.115434 12 -6 0
-0.055422 12 8 0
-0.048874 12 -8 0
-0.007366 12 10 0
-0.090728 12 -10 0
0.053561 12 12 0
-0.006070 12 -12 0
-0.000619 13 1 0
-0.057805 13 -1 0
-0.015378 13 3 0
-0.061522 13 -3 0
-0.026687 13 5 0
-0.032457 13 -5 0
0.049032 13 7 0
0.058607 13 -7 0
-0.026234 13 9 0
0.024497 13 -9 0
-0.040842 13 11 0
0.035573 13 -11 0
-0.022154 13 13 0
0.025231 13 -13 0
0.008458 14 0 0
0.005850 14 2 0
-0.003784 14 -2 0
-0.012404 14 4 0
-0.033357 14 -4 0
-0.011162 14 6 0
-0.011842 14 -6 0
0.008321 14 8 0
0.033529 14 -8 0
-0.016024 14 10 0
-0.065953 14 -10 0
0.030023 14 12 0
-0.019229 14 -12 0
0.012049 14 14 0
0.034574 14 -14 0
0.009189 15 1 0
-0.006195 15 -1 0
0.012430 15 3 0
0.004317 15 -3 0
-0.013311 15 5 0
-0.020617 15 -5 0
-0.010179 15 7 0
-0.038606 15 -7 0
0.014597 15 9 0
0.053718 15 -9 0
-0.026652 15 11 0
0.025761 15 -11 0
-0.017538 15 13 0
0.006916 15 -13 0
-0.012411 15 15 0
-0.010225 15 -15 0
-0.000841 16 0 0
0.004308 16 2 0
-0.005814 16 -2 0
0.014331 16 4 0
0.012496 16 -4 0
0.007092 16 6 0
0.008392 16 -6 0
-0.027247 16 8 0
-0.032804 16 -8 0
0.001200 16 10 0
-0.024923 16 -10 0
0.023351 16 12 0
-0.002882 16 -12 0
0.003381 16 14 0
0.016099 16 -14 0
-0.004915 16 16 0
0.009044 16 -16 0
0.000650 17 1 0
-0.023199 17 -1 0
0.001141 17 3 0
-0.010662 17 -3 0
0.007438 17 5 0
0.006151 17 -5 0
0.013965 17 7 0
0.004193 17 -7 0
-0.016355 17 9 0
-0.002885 17 -9 0
-0.008269 17 11 0
0.015329 17 -11 0
0.000996 17 13 0
0.010930 17 -13 0
-0.008237 17 15 0
-0.007027 17 -15 0
-0.004173 17 17 0
0.000479 17 -17 0
-0.007196 18 0 0
-0.000974 18 2 0
-0.014337 18 -2 0
-0.005958 18 4 0
-0.004826 18 -4 0
0.012380 18 6 0
0.017694 18 -6 0
0.002588 18 8 0
0.009902 18 -8 0
-0.019418 18 10 0
-0.030221 18 -10 0
0.008026 18 12 0
-0.003375 18 -12 0
0.009515 18 14 0
0.010411 18 -14 0
-0.004725 18 16 0
0.004958 18 -16 0
0.003687 18 18 0
-0.004865 18 -18 0
0.005685 19 1 0
-0.009994 19 -1 0
-0.001414 19 3 0
-0.010127 19 -3 0
-0.006965 19 5 0
-0.006525 19 -5 0
0.008205 19 7 0
0.008041 19 -7 0
0.008805 19 9 0
0.020559 19 -9 0
-0.016211 19 11 0
