-0.034364 1 1 0
-0.033092 1 -1 0
0.122583 2 0 0
-0.042360 2 2 0
-0.172851 2 -2 0
0.029241 3 1 0
0.300160 3 -1 0
0.000894 3 3 0
-0.063185 3 -3 0
0.103446 4 0 0
0.058924 4 2 0
0.332653 4 -2 0
-0.027384 4 4 0
-0.082232 4 -4 0
0.000680 5 1 0
-0.070790 5 -1 0
0.071696 5 3 0
0.281495 5 -3 0
-0.022873 5 5 0
-0.045330 5 -5 0
-0.107104 6 0 0
-0.031848 6 2 0
-0.201719 6 -2 0
0.079955 6 4 0
0.220953 6 -4 0
-0.011337 6 6 0
0.032332 6 -6 0
-0.010856 7 1 0
-0.217042 7 -1 0
-0.040489 7 3 0
-0.236361 7 -3 0
0.060016 7 5 0
0.121913 7 -5 0
-0.018313 7 7 0
-0.045733 7 -7 0
0.023613 8 0 0
0.005816 8 2 0
-0.039929 8 -2 0
-0.054053 8 4 0
-0.225163 8 -4 0
0.050500 8 6 0
0.151319 8 -6 0
-0.044321 8 8 0
-0.000589 8 -8 0
0.019842 9 1 0
0.053450 9 -1 0
0.033520 9 3 0
0.057883 9 -3 0
-0.074506 9 5 0
-0.185068 9 -5 0
0.021205 9 7 0
0.025374 9 -7 0
-0.022917 9 9 0
0.113744 9 -9 0
0.021340 10 0 0
0.025582 10 2 0
0.065212 10 -2 0
0.046946 10 4 0
0.095666 10 -4 0
-0.045064 10 6 0
-0.065785 10 -6 0
-0.026363 10 8 0
-0.002258 10 -8 0
0.008938 10 10 0
-0.124892 10 -10 0
-0.000102 11 1 0
-0.089143 11 -1 0
0.027858 11 3 0
0.016384 11 -3 0
0.048990 11 5 0
0.075592 11 -5 0
-0.046909 11 7 0
-0.103023 11 -7 0
-0.017329 11 9 0
0.085520 11 -9 0
-0.038905 11 11 0
0.102472 11 -11 0
-0.030780 12 0 0
-0.013000 12 2 0
-0.075320 12 -2 0
0.010023 12 4 0
-0.012019 12 -4 0
0.052333 12 6 0
0.126348 12 -6 0
-0.059040 12 8 0
-0.051117 12 -8 0
0.003098 12 10 0
-0.117041 12 -10 0
0.041651 12 12 0
-0.008220 12 -12 0
-0.001524 13 1 0
-0.066087 13 -1 0
-0.009701 13 3 0
-0.058287 13 -3 0
-0.016731 13 5 0
-0.045356 13 -5 0
0.034054 13 7 0
0.039446 13 -7 0
-0.031206 13 9 0
0.042052 13 -9 0
-0.036034 13 11 0
0.051550 13 -11 0
-0.025547 13 13 0
0.029439 13 -13 0
0.006700 14 0 0
0.003109 14 2 0
0.000402 14 -2 0
-0.012924 14 4 0
-0.031115 14 -4 0
-0.007661 14 6 0
-0.005612 14 -6 0
0.008572 14 8 0
0.034716 14 -8 0
-0.007058 14 10 0
-0.083856 14 -10 0
0.018034 14 12 0
-0.018833 14 -12 0
0.022840 14 14 0
0.052601 14 -14 0
0.008741 15 1 0
-0.014378 15 -1 0
0.016000 15 3 0
0.006862 15 -3 0
-0.003936 15 5 0
-0.029180 15 -5 0
-0.021427 15 7 0
-0.051844 15 -7 0
0.010830 15 9 0
0.063912 15 -9 0
-0.022287 15 11 0
0.033209 15 -11 0
-0.018515 15 13 0
0.009161 15 -13 0
-0.026862 15 15 0
-0.005064 15 -15 0
-0.002296 16 0 0
0.002000 16 2 0
-0.002878 16 -2 0
0.014895 16 4 0
0.014033 16 -4 0
0.008612 16 6 0
0.012393 16 -6 0
-0.028841 16 8 0
-0.033109 16 -8 0
0.007786 16 10 0
-0.033202 16 -10 0
0.015839 16 12 0
-0.000173 16 -12 0
0.009875 16 14 0
0.029296 16 -14 0
-0.004548 16 16 0
0.006862 16 -16 0
-0.000478 17 1 0
-0.027687 17 -1 0
0.002519 17 3 0
-0.008398 17 -3 0
0.013090 17 5 0
0.001112 17 -5 0
0.007736 17 7 0
-0.005757 17 -7 0
-0.017198 17 9 0
0.000889 17 -9 0
-0.007058 17 11 0
0.017997 17 -11 0
0.000698 17 13 0
0.010940 17 -13 0
-0.013483 17 15 0
-0.004986 17 -15 0
-0.008828 17 17 0
0.003859 17 -17 0
-0.006831 18 0 0
-0.001241 18 2 0
-0.010717 18 -2 0
-0.005397 18 4 0
-0.004200 18 -4 0
0.013840 18 6 0
0.020565 18 -6 0
0.000451 18 8 0
0.009767 18 -8 0
-0.014128 18 10 0
-0.032716 18 -10 0
0.004356 18 12 0
-0.004475 18 -12 0
0.011427 18 14 0
0.017164 18 -14 0
-0.005941 18 16 0
0.001547 18 -16 0
0.001668 18 18 0
-0.007760 18 -18 0
0.004080 19 1 0
-0.012778 19 -1 0
-0.001879 19 3 0
-0.008354 19 -3 0
-0.002558 19 5 0
-0.010219 19 -5 0
0.002499 19 7 0
0.001956 19 -7 0
0.008436 19 9 0
0.021629 19 -9 0
-0.015932 19 11 0
