0.132642 1 1 0
0.141998 1 -1 0
0.042777 2 0 0
0.031638 2 2 0
-0.055011 2 -2 0
-0.078330 3 1 0
0.201726 3 -1 0
0.040576 3 3 0
-0.019624 3 -3 0
0.056107 4 0 0
-0.156506 4 2 0
0.114538 4 -2 0
0.018543 4 4 0
0.025851 4 -4 0
-0.025122 5 1 0
0.031580 5 -1 0
-0.175557 5 3 0
0.057034 5 -3 0
0.056687 5 5 0
0.067384 5 -5 0
-0.080131 6 0 0
0.041280 6 2 0
-0.072580 6 -2 0
-0.167750 6 4 0
0.015850 6 -4 0
0.052726 6 6 0
0.083606 6 -6 0
0.040030 7 1 0
-0.108266 7 -1 0
0.116156 7 3 0
-0.022118 7 -3 0
-0.068626 7 5 0
-0.036911 7 -5 0
0.006278 7 7 0
0.019371 7 -7 0
-0.038649 8 0 0
0.031872 8 2 0
-0.056331 8 -2 0
0.085828 8 4 0
0.034987 8 -4 0
-0.017097 8 6 0
-0.045888 8 -6 0
-0.037864 8 8 0
0.018784 8 -8 0
-0.015861 9 1 0
-0.005210 9 -1 0
-0.006311 9 3 0
-0.008543 9 -3 0
0.085940 9 5 0
0.064715 9 -5 0
0.006765 9 7 0
-0.083765 9 -7 0
-0.052978 9 9 0
0.009524 9 -9 0
-0.019885 10 0 0
-0.040390 10 2 0
-0.025539 10 -2 0
-0.080131 10 4 0
-0.004748 10 -4 0
0.065864 10 6 0
0.052760 10 -6 0
-0.001114 10 8 0
-0.057453 10 -8 0
0.026764 10 10 0
0.019708 10 -10 0
0.007244 11 1 0
-0.060414 11 -1 0
-0.004315 11 3 0
-0.028000 11 -3 0
-0.035269 11 5 0
-0.037812 11 -5 0
0.020671 11 7 0
-0.012492 11 -7 0
0.003795 11 9 0
-0.020310 11 -9 0
-0.023217 11 11 0
-0.037085 11 -11 0
-0.044062 12 0 0
0.019514 12 2 0
-0.054139 12 -2 0
-0.016513 12 4 0
-0.014149 12 -4 0
-0.007938 12 6 0
-0.055804 12 -6 0
-0.011601 12 8 0
0.004244 12 -8 0
0.047011 12 10 0
0.021540 12 -10 0
0.026177 12 12 0
0.004268 12 -12 0
0.025503 13 1 0
-0.081806 13 -1 0
0.043027 13 3 0
-0.024634 13 -3 0
0.020535 13 5 0
-0.005499 13 -5 0
-0.008783 13 7 0
-0.097912 13 -7 0
-0.023537 13 9 0
-0.014310 13 -9 0
0.000553 13 11 0
-0.021459 13 -11 0
-0.025681 13 13 0
0.029213 13 -13 0
-0.026867 14 0 0
0.009659 14 2 0
-0.039117 14 -2 0
-0.005484 14 4 0
-0.001590 14 -4 0
0.026635 14 6 0
-0.003815 14 -6 0
-0.003162 14 8 0
-0.051657 14 -8 0
0.007837 14 10 0
0.009195 14 -10 0
0.011853 14 12 0
0.004060 14 -12 0
0.030183 14 14 0
0.002591 14 -14 0
0.009801 15 1 0
-0.052021 15 -1 0
0.014710 15 3 0
-0.028593 15 -3 0
0.012146 15 5 0
-0.004941 15 -5 0
0.003952 15 7 0
-0.033420 15 -7 0
0.004246 15 9 0
-0.044246 15 -9 0
-0.007577 15 11 0
-0.030287 15 -11 0
-0.013997 15 13 0
0.015687 15 -13 0
-0.027376 15 15 0
0.032421 15 -15 0
-0.012489 16 0 0
-0.006703 16 2 0
-0.022486 16 -2 0
-0.016719 16 4 0
-0.018184 16 -4 0
0.007202 16 6 0
-0.019494 16 -6 0
-0.001307 16 8 0
-0.000741 16 -8 0
0.016927 16 10 0
-0.004180 16 -10 0
0.010043 16 12 0
-0.013062 16 -12 0
0.017220 16 14 0
0.002130 16 -14 0
-0.028076 16 16 0
-0.010409 16 -16 0
0.010131 17 1 0
-0.031675 17 -1 0
0.012242 17 3 0
-0.011348 17 -3 0
0.003702 17 5 0
-0.018281 17 -5 0
-0.001528 17 7 0
-0.041230 17 -7 0
-0.001960 17 9 0
-0.009573 17 -9 0
0.008819 17 11 0
-0.015914 17 -11 0
0.000252 17 13 0
-0.006463 17 -13 0
-0.014546 17 15 0
0.007314 17 -15 0
-0.010631 17 17 0
0.010240 17 -17 0
-0.009927 18 0 0
0.009072 18 2 0
-0.007946 18 -2 0
-0.003818 18 4 0
0.001767 18 -4 0
0.006054 18 6 0
-0.010522 18 -6 0
-0.001173 18 8 0
-0.014980 18 -8 0
-0.001315 18 10 0
0.007580 18 -10 0
0.004259 18 12 0
-0.001784 18 -12 0
0.014569 18 14 0
-0.003502 18 -14 0
-0.018318 18 16 0
-0.003271 18 -16 0
-0.003215 18 18 0
-0.001263 18 -18 0
0.010592 19 1 0
-0.018949 19 -1 0
0.014595 19 3 0
-0.002398 19 -3 0
0.006556 19 5 0
0.005789 19 -5 0
-0.002446 19 7 0
-0.013979 19 -7 0
0.002825 19 9 0
-0.016687 19 -9 0
-0.001187 19 11 0
