0.019108 1 1 0
0.174764 1 -1 0
0.046376 2 0 0
0.012058 2 2 0
-0.074005 2 -2 0
-0.060397 3 1 0
0.190983 3 -1 0
0.040984 3 3 0
0.000047 3 -3 0
0.061079 4 0 0
-0.167765 4 2 0
0.130890 4 -2 0
0.043438 4 4 0
0.029591 4 -4 0
-0.030878 5 1 0
0.029896 5 -1 0
-0.183257 5 3 0
0.067901 5 -3 0
0.062844 5 5 0
0.068403 5 -5 0
-0.069467 6 0 0
0.036799 6 2 0
-0.075949 6 -2 0
-0.152114 6 4 0
0.025782 6 -4 0
0.049677 6 6 0
0.080979 6 -6 0
0.040163 7 1 0
-0.117321 7 -1 0
0.112914 7 3 0
-0.016452 7 -3 0
-0.061909 7 5 0
-0.036104 7 -5 0
0.003505 7 7 0
0.028270 7 -7 0
-0.032254 8 0 0
0.020127 8 2 0
-0.054235 8 -2 0
0.105469 8 4 0
0.038809 8 -4 0
-0.025920 8 6 0
-0.044415 8 -6 0
-0.028948 8 8 0
-0.000330 8 -8 0
-0.018736 9 1 0
-0.017438 9 -1 0
-0.010155 9 3 0
-0.005439 9 -3 0
0.094555 9 5 0
0.058938 9 -5 0
0.000438 9 7 0
-0.077495 9 -7 0
-0.052356 9 9 0
0.003611 9 -9 0
-0.014692 10 0 0
-0.049432 10 2 0
-0.024787 10 -2 0
-0.066584 10 4 0
-0.002014 10 -4 0
0.059531 10 6 0
0.047101 10 -6 0
0.005701 10 8 0
-0.074453 10 -8 0
0.010816 10 10 0
0.023680 10 -10 0
0.003679 11 1 0
-0.077641 11 -1 0
-0.010675 11 3 0
-0.032257 11 -3 0
-0.029557 11 5 0
-0.045277 11 -5 0
0.015825 11 7 0
-0.012184 11 -7 0
0.002285 11 9 0
-0.028267 11 -9 0
-0.003835 11 11 0
-0.010988 11 -11 0
-0.041332 12 0 0
0.009871 12 2 0
-0.057507 12 -2 0
-0.005806 12 4 0
-0.014083 12 -4 0
-0.015359 12 6 0
-0.062144 12 -6 0
-0.007223 12 8 0
-0.012501 12 -8 0
0.034975 12 10 0
0.022769 12 -10 0
0.007629 12 12 0
0.008960 12 -12 0
0.020434 13 1 0
-0.097120 13 -1 0
0.040409 13 3 0
-0.033652 13 -3 0
0.025496 13 5 0
-0.013456 13 -5 0
-0.012701 13 7 0
-0.099700 13 -7 0
-0.023801 13 9 0
-0.024779 13 -9 0
0.011740 13 11 0
-0.006791 13 -11 0
-0.019886 13 13 0
0.039561 13 -13 0
-0.024300 14 0 0
0.003134 14 2 0
-0.042852 14 -2 0
-0.002416 14 4 0
-0.003361 14 -4 0
0.020816 14 6 0
-0.010289 14 -6 0
-0.002429 14 8 0
-0.064906 14 -8 0
-0.000500 14 10 0
0.007419 14 -10 0
0.001052 14 12 0
0.006193 14 -12 0
0.041708 14 14 0
0.013979 14 -14 0
0.004549 15 1 0
-0.065907 15 -1 0
0.011528 15 3 0
-0.036554 15 -3 0
0.013243 15 5 0
-0.011542 15 -5 0
0.002673 15 7 0
-0.037820 15 -7 0
0.002711 15 9 0
-0.054245 15 -9 0
-0.001497 15 11 0
-0.023792 15 -11 0
-0.011534 15 13 0
0.018056 15 -13 0
-0.033565 15 15 0
0.035999 15 -15 0
-0.011958 16 0 0
-0.010302 16 2 0
-0.024001 16 -2 0
-0.013192 16 4 0
-0.019421 16 -4 0
0.003134 16 6 0
-0.022829 16 -6 0
-0.001168 16 8 0
-0.006983 16 -8 0
0.014324 16 10 0
-0.006336 16 -10 0
0.004991 16 12 0
-0.013764 16 -12 0
0.023665 16 14 0
0.009449 16 -14 0
-0.017739 16 16 0
-0.007409 16 -16 0
0.006901 17 1 0
-0.039468 17 -1 0
0.010913 17 3 0
-0.018162 17 -3 0
0.005300 17 5 0
-0.022112 17 -5 0
-0.001334 17 7 0
-0.042196 17 -7 0
-0.001612 17 9 0
-0.015036 17 -9 0
0.010378 17 11 0
-0.012146 17 -11 0
0.000689 17 13 0
-0.008025 17 -13 0
-0.017612 17 15 0
0.009742 17 -15 0
-0.008388 17 17 0
0.011984 17 -17 0
-0.008078 18 0 0
0.005901 18 2 0
-0.008630 18 -2 0
-0.003060 18 4 0
0.001043 18 -4 0
0.004031 18 6 0
-0.012250 18 -6 0
-0.000866 18 8 0
-0.019252 18 -8 0
-0.002074 18 10 0
0.008390 18 -10 0
0.003346 18 12 0
-0.003002 18 -12 0
0.016530 18 14 0
0.000001 18 -14 0
-0.014013 18 16 0
-0.004269 18 -16 0
-0.003335 18 18 0
0.002166 18 -18 0
0.008398 19 1 0
-0.022913 19 -1 0
0.014142 19 3 0
-0.006646 19 -3 0
0.006825 19 5 0
0.004369 19 -5 0
-0.003152 19 7 0
-0.016404 19 -7 0
0.002888 19 9 0
-0.019567 19 -9 0
-0.001873 19 11 0
