0.126514 1 1 0
0.202764 1 -1 0
0.042957 2 0 0
0.025166 2 2 0
-0.055286 2 -2 0
-0.081090 3 1 0
0.190606 3 -1 0
0.031736 3 3 0
-0.005240 3 -3 0
0.060191 4 0 0
-0.156953 4 2 0
0.133443 4 -2 0
0.034716 4 4 0
0.016944 4 -4 0
-0.017684 5 1 0
0.027192 5 -1 0
-0.185298 5 3 0
0.059453 5 -3 0
0.042263 5 5 0
0.070452 5 -5 0
-0.070056 6 0 0
0.045260 6 2 0
-0.073480 6 -2 0
-0.151832 6 4 0
0.027403 6 -4 0
0.050321 6 6 0
0.065802 6 -6 0
0.046756 7 1 0
-0.117022 7 -1 0
0.108706 7 3 0
-0.022378 7 -3 0
-0.078080 7 5 0
-0.035721 7 -5 0
0.023018 7 7 0
0.053786 7 -7 0
-0.032413 8 0 0
0.032143 8 2 0
-0.050637 8 -2 0
0.104446 8 4 0
0.037871 8 -4 0
-0.021733 8 6 0
-0.060477 8 -6 0
-0.044989 8 8 0
0.005989 8 -8 0
-0.008267 9 1 0
-0.018002 9 -1 0
-0.013813 9 3 0
-0.009355 9 -3 0
0.079152 9 5 0
0.058710 9 -5 0
0.024183 9 7 0
-0.057995 9 -7 0
-0.056239 9 9 0
-0.022565 9 -9 0
-0.012862 10 0 0
-0.041827 10 2 0
-0.021759 10 -2 0
-0.066726 10 4 0
0.000671 10 -4 0
0.062266 10 6 0
0.038044 10 -6 0
-0.001990 10 8 0
-0.066406 10 -8 0
0.003399 10 10 0
0.031705 10 -10 0
0.013096 11 1 0
-0.076583 11 -1 0
-0.009732 11 3 0
-0.035280 11 -3 0
-0.041666 11 5 0
-0.048379 11 -5 0
0.035513 11 7 0
0.004477 11 -7 0
0.004359 11 9 0
-0.052889 11 -9 0
-0.025505 11 11 0
-0.010918 11 -11 0
-0.039552 12 0 0
0.016617 12 2 0
-0.050135 12 -2 0
-0.006325 12 4 0
-0.011055 12 -4 0
-0.011883 12 6 0
-0.069316 12 -6 0
-0.013642 12 8 0
-0.005761 12 -8 0
0.030974 12 10 0
0.030087 12 -10 0
0.040848 12 12 0
-0.007177 12 -12 0
0.029936 13 1 0
-0.096293 13 -1 0
0.040221 13 3 0
-0.033397 13 -3 0
0.017040 13 5 0
-0.016775 13 -5 0
0.003455 13 7 0
-0.089457 13 -7 0
-0.020189 13 9 0
-0.045456 13 -9 0
-0.002333 13 11 0
-0.007262 13 -11 0
-0.045412 13 13 0
0.050837 13 -13 0
-0.020972 14 0 0
0.007808 14 2 0
-0.036696 14 -2 0
-0.000126 14 4 0
0.001851 14 -4 0
0.023515 14 6 0
-0.012490 14 -6 0
-0.003712 14 8 0
-0.058011 14 -8 0
-0.000388 14 10 0
0.013886 14 -10 0
0.021019 14 12 0
-0.004950 14 -12 0
0.037965 14 14 0
0.013856 14 -14 0
0.012828 15 1 0
-0.064873 15 -1 0
0.012748 15 3 0
-0.037552 15 -3 0
0.009332 15 5 0
-0.015252 15 -5 0
0.013795 15 7 0
-0.032718 15 -7 0
0.007223 15 9 0
-0.066846 15 -9 0
-0.006803 15 11 0
-0.022293 15 -11 0
-0.022467 15 13 0
0.025565 15 -13 0
-0.032897 15 15 0
0.033032 15 -15 0
-0.010041 16 0 0
-0.009259 16 2 0
-0.021355 16 -2 0
-0.013265 16 4 0
-0.017239 16 -4 0
0.006160 16 6 0
-0.023756 16 -6 0
-0.001040 16 8 0
-0.005025 16 -8 0
0.014945 16 10 0
-0.000382 16 -10 0
0.016247 16 12 0
-0.016606 16 -12 0
0.024069 16 14 0
0.007760 16 -14 0
-0.034892 16 16 0
0.009688 16 -16 0
0.012793 17 1 0
-0.038965 17 -1 0
0.012134 17 3 0
-0.016236 17 -3 0
0.002380 17 5 0
-0.025927 17 -5 0
0.005218 17 7 0
-0.042201 17 -7 0
0.001766 17 9 0
-0.024203 17 -9 0
0.007501 17 11 0
-0.012857 17 -11 0
-0.003396 17 13 0
-0.003869 17 -13 0
-0.016493 17 15 0
0.009048 17 -15 0
-0.007695 17 17 0
0.008006 17 -17 0
-0.007471 18 0 0
0.007168 18 2 0
-0.006456 18 -2 0
-0.003163 18 4 0
0.003388 18 -4 0
0.004861 18 6 0
-0.013235 18 -6 0
0.000099 18 8 0
-0.016442 18 -8 0
-0.001058 18 10 0
0.010617 18 -10 0
0.007400 18 12 0
-0.003834 18 -12 0
0.015223 18 14 0
-0.001221 18 -14 0
-0.018311 18 16 0
0.001775 18 -16 0
0.004731 18 18 0
-0.000886 18 -18 0
0.011280 19 1 0
-0.023436 19 -1 0
0.014735 19 3 0
-0.005937 19 -3 0
0.006628 19 5 0
0.001123 19 -5 0
-0.000696 19 7 0
-0.014535 19 -7 0
0.005338 19 9 0
-0.024116 19 -9 0
-0.003232 19 11 0
