0.104897 1 1 0
-0.122583 1 -1 0
-0.063310 2 0 0
-0.079329 2 2 0
0.027489 2 -2 0
-0.134048 3 1 0
0.138195 3 -1 0
0.034891 3 3 0
0.082234 3 -3 0
0.008520 4 0 0
0.168659 4 2 0
0.004957 4 -2 0
0.013922 4 4 0
-0.035944 4 -4 0
0.119503 5 1 0
-0.067887 5 -1 0
-0.067758 5 3 0
-0.073059 5 -3 0
-0.015413 5 5 0
0.029780 5 -5 0
0.101752 6 0 0
-0.242064 6 2 0
0.029424 6 -2 0
-0.012368 6 4 0
0.088577 6 -4 0
0.059744 6 6 0
-0.031593 6 -6 0
0.049203 7 1 0
-0.009854 7 -1 0
0.140310 7 3 0
0.191175 7 -3 0
0.036411 7 5 0
-0.021758 7 -5 0
-0.016211 7 7 0
-0.049596 7 -7 0
-0.020057 8 0 0
0.045242 8 2 0
0.022907 8 -2 0
0.013318 8 4 0
-0.131456 8 -4 0
0.022349 8 6 0
-0.039534 8 -6 0
0.003226 8 8 0
-0.018897 8 -8 0
-0.032444 9 1 0
0.067630 9 -1 0
-0.055469 9 3 0
-0.041989 9 -3 0
-0.073060 9 5 0
0.070493 9 -5 0
-0.006320 9 7 0
-0.027375 9 -7 0
-0.010609 9 9 0
-0.060635 9 -9 0
0.029427 10 0 0
-0.031506 10 2 0
0.019307 10 -2 0
-0.007309 10 4 0
0.099698 10 -4 0
0.094134 10 6 0
-0.024134 10 -6 0
0.011884 10 8 0
-0.036474 10 -8 0
-0.015732 10 10 0
-0.022354 10 -10 0
0.062532 11 1 0
-0.028010 11 -1 0
0.056505 11 3 0
0.079087 11 -3 0
0.048236 11 5 0
-0.026251 11 -5 0
-0.032238 11 7 0
-0.055044 11 -7 0
-0.026073 11 9 0
-0.043280 11 -9 0
0.005115 11 11 0
-0.017135 11 -11 0
0.039581 12 0 0
-0.070196 12 2 0
0.013858 12 -2 0
0.004429 12 4 0
-0.070076 12 -4 0
0.004693 12 6 0
-0.032245 12 -6 0
0.001455 12 8 0
-0.001938 12 -8 0
0.000576 12 10 0
-0.011976 12 -10 0
-0.003091 12 12 0
0.029402 12 -12 0
0.017906 13 1 0
0.006758 13 -1 0
0.016768 13 3 0
0.032712 13 -3 0
-0.048272 13 5 0
0.042569 13 -5 0
-0.001217 13 7 0
-0.007492 13 -7 0
-0.001242 13 9 0
-0.045297 13 -9 0
-0.000761 13 11 0
-0.024685 13 -11 0
-0.005120 13 13 0
0.019204 13 -13 0
0.003240 14 0 0
-0.003546 14 2 0
0.007511 14 -2 0
0.000570 14 4 0
0.017717 14 -4 0
0.063235 14 6 0
-0.013397 14 -6 0
0.009512 14 8 0
-0.029697 14 -8 0
-0.015127 14 10 0
-0.011572 14 -10 0
-0.002849 14 12 0
0.026594 14 -12 0
0.021419 14 14 0
0.002616 14 -14 0
0.004689 15 1 0
0.013534 15 -1 0
0.006075 15 3 0
0.015326 15 -3 0
0.012200 15 5 0
-0.007615 15 -5 0
-0.020280 15 7 0
-0.037874 15 -7 0
-0.021661 15 9 0
-0.021118 15 -9 0
0.009024 15 11 0
-0.002174 15 -11 0
0.000041 15 13 0
0.011458 15 -13 0
-0.000695 15 15 0
0.001852 15 -15 0
0.012708 16 0 0
-0.017354 16 2 0
0.005178 16 -2 0
0.000272 16 4 0
-0.008496 16 -4 0
0.003691 16 6 0
-0.014346 16 -6 0
-0.000144 16 8 0
0.003731 16 -8 0
0.008579 16 10 0
-0.005415 16 -10 0
-0.001020 16 12 0
0.009391 16 -12 0
0.010221 16 14 0
0.002918 16 -14 0
0.002730 16 16 0
0.005401 16 -16 0
0.016778 17 1 0
-0.006863 17 -1 0
0.010493 17 3 0
0.016079 17 -3 0
-0.010775 17 5 0
0.010569 17 -5 0
-0.001641 17 7 0
-0.001382 17 -7 0
0.001857 17 9 0
-0.018506 17 -9 0
-0.003950 17 11 0
-0.014469 17 -11 0
-0.004990 17 13 0
0.010186 17 -13 0
-0.000840 17 15 0
0.000254 17 -15 0
0.002125 17 17 0
0.004956 17 -17 0
0.007590 18 0 0
-0.015727 18 2 0
0.001072 18 -2 0
0.001400 18 4 0
-0.006149 18 -4 0
0.020774 18 6 0
-0.004511 18 -6 0
0.003350 18 8 0
-0.011020 18 -8 0
-0.007385 18 10 0
-0.005068 18 -10 0
-0.001434 18 12 0
0.013563 18 -12 0
0.007577 18 14 0
0.003236 18 -14 0
0.000193 18 16 0
0.002390 18 -16 0
-0.002710 18 18 0
-0.000165 18 -18 0
0.004292 19 1 0
0.002468 19 -1 0
0.000312 19 3 0
0.004984 19 -3 0
-0.002367 19 5 0
-0.001571 19 -5 0
-0.005013 19 7 0
-0.012477 19 -7 0
-0.004953 19 9 0
-0.007359 19 -9 0
0.005003 19 11 0
