0.057269 1 1 0
-0.114665 1 -1 0
-0.087452 2 0 0
-0.081392 2 2 0
0.013194 2 -2 0
-0.106184 3 1 0
0.138237 3 -1 0
0.031498 3 3 0
0.060783 3 -3 0
-0.005117 4 0 0
0.183793 4 2 0
-0.013013 4 -2 0
0.007617 4 4 0
-0.033049 4 -4 0
0.121371 5 1 0
-0.092324 5 -1 0
-0.077243 5 3 0
-0.067532 5 -3 0
-0.034532 5 5 0
0.040928 5 -5 0
0.079157 6 0 0
-0.228397 6 2 0
0.007687 6 -2 0
0.008344 6 4 0
0.093393 6 -4 0
0.062046 6 6 0
-0.009439 6 -6 0
0.047636 7 1 0
-0.030544 7 -1 0
0.134910 7 3 0
0.184988 7 -3 0
0.029846 7 5 0
-0.016059 7 -5 0
-0.024916 7 7 0
-0.042284 7 -7 0
-0.045221 8 0 0
0.057091 8 2 0
-0.000789 8 -2 0
0.026162 8 4 0
-0.131008 8 -4 0
0.032156 8 6 0
-0.029797 8 -6 0
0.018129 8 8 0
-0.011896 8 -8 0
-0.027492 9 1 0
0.048446 9 -1 0
-0.063140 9 3 0
-0.048384 9 -3 0
-0.085794 9 5 0
0.076887 9 -5 0
-0.013480 9 7 0
-0.021559 9 -7 0
-0.004468 9 9 0
-0.040531 9 -9 0
0.007703 10 0 0
-0.017993 10 2 0
0.004613 10 -2 0
-0.000815 10 4 0
0.102307 10 -4 0
0.098089 10 6 0
-0.008545 10 -6 0
0.025412 10 8 0
-0.030032 10 -8 0
0.000181 10 10 0
0.002796 10 -10 0
0.060977 11 1 0
-0.042038 11 -1 0
0.050018 11 3 0
0.074821 11 -3 0
0.036515 11 5 0
-0.018959 11 -5 0
-0.034878 11 7 0
-0.056566 11 -7 0
-0.019513 11 9 0
-0.026394 11 -9 0
0.004014 11 11 0
-0.004571 11 -11 0
0.023585 12 0 0
-0.058462 12 2 0
0.001017 12 -2 0
0.011335 12 4 0
-0.066161 12 -4 0
0.010220 12 6 0
-0.022097 12 -6 0
0.011723 12 8 0
0.003568 12 -8 0
0.019890 12 10 0
0.003599 12 -10 0
0.004752 12 12 0
0.043670 12 -12 0
0.020828 13 1 0
-0.006568 13 -1 0
0.012965 13 3 0
0.029814 13 -3 0
-0.056378 13 5 0
0.045406 13 -5 0
-0.007115 13 7 0
-0.007115 13 -7 0
0.006008 13 9 0
-0.029189 13 -9 0
-0.001913 13 11 0
-0.015812 13 -11 0
-0.005369 13 13 0
0.020319 13 -13 0
-0.007778 14 0 0
0.000936 14 2 0
0.000121 14 -2 0
0.005138 14 4 0
0.018842 14 -4 0
0.065614 14 6 0
-0.005472 14 -6 0
0.015351 14 8 0
-0.025394 14 -8 0
-0.007899 14 10 0
-0.001073 14 -10 0
0.001815 14 12 0
0.037122 14 -12 0
0.013634 14 14 0
0.015637 14 -14 0
0.006088 15 1 0
0.005110 15 -1 0
0.002008 15 3 0
0.012105 15 -3 0
0.006234 15 5 0
-0.003961 15 -5 0
-0.022196 15 7 0
-0.038005 15 -7 0
-0.016857 15 9 0
-0.011426 15 -9 0
0.007889 15 11 0
0.001476 15 -11 0
0.000229 15 13 0
0.013225 15 -13 0
-0.004547 15 15 0
-0.003850 15 -15 0
0.005677 16 0 0
-0.013377 16 2 0
0.000728 16 -2 0
0.002562 16 4 0
-0.006298 16 -4 0
0.004125 16 6 0
-0.011087 16 -6 0
0.003787 16 8 0
0.004429 16 -8 0
0.015520 16 10 0
0.001955 16 -10 0
0.003551 16 12 0
0.015432 16 -12 0
0.005282 16 14 0
0.008101 16 -14 0
-0.005953 16 16 0
0.008026 16 -16 0
0.019046 17 1 0
-0.012361 17 -1 0
0.008466 17 3 0
0.014138 17 -3 0
-0.015587 17 5 0
0.011351 17 -5 0
-0.003623 17 7 0
-0.004252 17 -7 0
0.005448 17 9 0
-0.012728 17 -9 0
-0.003374 17 11 0
-0.010010 17 -11 0
-0.004370 17 13 0
0.011010 17 -13 0
-0.002996 17 15 0
-0.003914 17 -15 0
0.005251 17 17 0
0.002124 17 -17 0
0.004648 18 0 0
-0.013326 18 2 0
-0.001833 18 -2 0
0.001784 18 4 0
-0.005602 18 -4 0
0.020534 18 6 0
-0.003542 18 -6 0
0.004974 18 8 0
-0.010229 18 -8 0
-0.003990 18 10 0
-0.002985 18 -10 0
0.000697 18 12 0
0.017321 18 -12 0
0.006847 18 14 0
0.004296 18 -14 0
-0.002636 18 16 0
0.001787 18 -16 0
-0.002905 18 18 0
-0.000259 18 -18 0
0.004694 19 1 0
-0.001065 19 -1 0
0.001081 19 3 0
0.003646 19 -3 0
-0.004636 19 5 0
-0.001991 19 -5 0
-0.007747 19 7 0
-0.013923 19 -7 0
-0.003354 19 9 0
-0.005508 19 -9 0
0.003638 19 11 0
