0.071600 1 1 0
-0.053613 1 -1 0
-0.091116 2 0 0
-0.074774 2 2 0
0.017962 2 -2 0
-0.098685 3 1 0
0.121324 3 -1 0
0.034410 3 3 0
0.078361 3 -3 0
-0.000752 4 0 0
0.178973 4 2 0
0.007865 4 -2 0
0.009743 4 4 0
-0.029510 4 -4 0
0.132980 5 1 0
-0.077487 5 -1 0
-0.073055 5 3 0
-0.063936 5 -3 0
-0.018670 5 5 0
0.033442 5 -5 0
0.085516 6 0 0
-0.216537 6 2 0
0.014896 6 -2 0
0.007216 6 4 0
0.087062 6 -4 0
0.069549 6 6 0
-0.030493 6 -6 0
0.050862 7 1 0
-0.026044 7 -1 0
0.147105 7 3 0
0.193266 7 -3 0
0.033684 7 5 0
-0.017402 7 -5 0
-0.017770 7 7 0
-0.036521 7 -7 0
-0.037339 8 0 0
0.061195 8 2 0
0.013797 8 -2 0
0.024059 8 4 0
-0.128788 8 -4 0
0.036021 8 6 0
-0.046436 8 -6 0
0.017034 8 8 0
-0.018196 8 -8 0
-0.021075 9 1 0
0.051387 9 -1 0
-0.052537 9 3 0
-0.039787 9 -3 0
-0.076841 9 5 0
0.067946 9 -5 0
-0.001961 9 7 0
-0.022464 9 -7 0
-0.012333 9 9 0
-0.054644 9 -9 0
0.013973 10 0 0
-0.013801 10 2 0
0.012401 10 -2 0
0.003745 10 4 0
0.096795 10 -4 0
0.106964 10 6 0
-0.024860 10 -6 0
0.024793 10 8 0
-0.035934 10 -8 0
0.000579 10 10 0
-0.006577 10 -10 0
0.068511 11 1 0
-0.041842 11 -1 0
0.057370 11 3 0
0.082069 11 -3 0
0.043704 11 5 0
-0.022655 11 -5 0
-0.030156 11 7 0
-0.052644 11 -7 0
-0.025756 11 9 0
-0.038546 11 -9 0
0.008698 11 11 0
-0.009398 11 -11 0
0.028249 12 0 0
-0.055327 12 2 0
0.009041 12 -2 0
0.014181 12 4 0
-0.066863 12 -4 0
0.014577 12 6 0
-0.032969 12 -6 0
0.012256 12 8 0
-0.001728 12 -8 0
0.014480 12 10 0
-0.002206 12 -10 0
0.014062 12 12 0
0.045143 12 -12 0
0.026394 13 1 0
-0.004495 13 -1 0
0.020049 13 3 0
0.034178 13 -3 0
-0.049401 13 5 0
0.042446 13 -5 0
-0.001091 13 7 0
-0.004848 13 -7 0
-0.000457 13 9 0
-0.041898 13 -9 0
0.004090 13 11 0
-0.021416 13 -11 0
-0.008330 13 13 0
0.018822 13 -13 0
-0.003064 14 0 0
0.005346 14 2 0
0.003411 14 -2 0
0.007452 14 4 0
0.017424 14 -4 0
0.069761 14 6 0
-0.013703 14 -6 0
0.016798 14 8 0
-0.027887 14 -8 0
-0.006920 14 10 0
-0.005924 14 -10 0
0.008065 14 12 0
0.039927 14 -12 0
0.022570 14 14 0
0.020922 14 -14 0
0.008739 15 1 0
0.005490 15 -1 0
0.005924 15 3 0
0.016377 15 -3 0
0.011035 15 5 0
-0.007587 15 -5 0
-0.017650 15 7 0
-0.034227 15 -7 0
-0.020256 15 9 0
-0.018939 15 -9 0
0.010609 15 11 0
-0.001205 15 -11 0
-0.000080 15 13 0
0.009761 15 -13 0
-0.001151 15 15 0
-0.004855 15 -15 0
0.006998 16 0 0
-0.011053 16 2 0
0.004203 16 -2 0
0.003629 16 4 0
-0.006222 16 -4 0
0.008815 16 6 0
-0.015832 16 -6 0
0.002891 16 8 0
0.002289 16 -8 0
0.013361 16 10 0
-0.000525 16 -10 0
0.004451 16 12 0
0.016274 16 -12 0
0.008904 16 14 0
0.011785 16 -14 0
0.003048 16 16 0
0.011544 16 -16 0
0.021328 17 1 0
-0.012755 17 -1 0
0.010645 17 3 0
0.015441 17 -3 0
-0.012098 17 5 0
0.010716 17 -5 0
-0.000585 17 7 0
-0.000524 17 -7 0
0.002376 17 9 0
-0.018141 17 -9 0
-0.000647 17 11 0
-0.012744 17 -11 0
-0.003813 17 13 0
0.009367 17 -13 0
-0.000851 17 15 0
-0.002709 17 -15 0
0.000970 17 17 0
0.001077 17 -17 0
0.006102 18 0 0
-0.013154 18 2 0
-0.000077 18 -2 0
0.004240 18 4 0
-0.006814 18 -4 0
0.021790 18 6 0
-0.005325 18 -6 0
0.004306 18 8 0
-0.012038 18 -8 0
-0.004263 18 10 0
-0.002226 18 -10 0
0.001479 18 12 0
0.017004 18 -12 0
0.009745 18 14 0
0.006296 18 -14 0
0.000648 18 16 0
0.002945 18 -16 0
0.000152 18 18 0
0.003521 18 -18 0
0.005366 19 1 0
-0.000115 19 -1 0
0.000589 19 3 0
0.005005 19 -3 0
-0.001917 19 5 0
-0.001233 19 -5 0
-0.006073 19 7 0
-0.010966 19 -7 0
-0.004756 19 9 0
-0.006708 19 -9 0
0.004516 19 11 0
