-0.059838 1 1 0
0.082053 1 -1 0
-0.019691 2 0 0
0.009282 2 2 0
-0.003356 2 -2 0
-0.006498 3 1 0
-0.035250 3 -1 0
0.001141 3 3 0
-0.000165 3 -3 0
0.013173 4 0 0
-0.003525 4 2 0
-0.005660 4 -2 0
0.002320 4 4 0
0.006824 4 -4 0
-0.003524 5 1 0
0.011899 5 -1 0
-0.002627 5 3 0
-0.007815 5 -3 0
0.002169 5 5 0
0.003765 5 -5 0
-0.007249 6 0 0
0.005306 6 2 0
0.010943 6 -2 0
-0.001051 6 4 0
-0.001346 6 -4 0
-0.002224 6 6 0
-0.001417 6 -6 0
0.003596 7 1 0
-0.006761 7 -1 0
-0.003723 7 3 0
0.004956 7 -3 0
0.004728 7 5 0
-0.002198 7 -5 0
0.005040 7 7 0
0.008980 7 -7 0
0.004298 8 0 0
0.003658 8 2 0
0.003702 8 -2 0
-0.001280 8 4 0
0.001106 8 -4 0
-0.003035 8 6 0
0.000616 8 -6 0
-0.002532 8 8 0
-0.002164 8 -8 0
-0.003952 9 1 0
-0.002854 9 -1 0
-0.003901 9 3 0
-0.007321 9 -3 0
0.005002 9 5 0
-0.000535 9 -5 0
0.002535 9 7 0
0.002065 9 -7 0
-0.001448 9 9 0
0.008070 9 -9 0
-0.000042 10 0 0
0.003653 10 2 0
0.004567 10 -2 0
-0.000720 10 4 0
0.004057 10 -4 0
-0.003113 10 6 0
0.000505 10 -6 0
0.000815 10 8 0
-0.001041 10 -8 0
0.003417 10 10 0
-0.002558 10 -10 0
-0.001847 11 1 0
-0.003011 11 -1 0
-0.003616 11 3 0
-0.001535 11 -3 0
0.003255 11 5 0
0.001587 11 -5 0
0.003213 11 7 0
0.005485 11 -7 0
-0.000002 11 9 0
0.003554 11 -9 0
-0.006177 11 11 0
0.003426 11 -11 0
0.000856 12 0 0
0.006356 12 2 0
0.007519 12 -2 0
-0.002036 12 4 0
-0.000825 12 -4 0
-0.001082 12 6 0
0.000325 12 -6 0
0.001118 12 8 0
-0.004079 12 -8 0
0.005458 12 10 0
0.001446 12 -10 0
0.001324 12 12 0
0.000411 12 -12 0
-0.001014 13 1 0
-0.001451 13 -1 0
-0.005334 13 3 0
-0.002921 13 -3 0
0.002655 13 5 0
-0.001206 13 -5 0
0.001267 13 7 0
0.003135 13 -7 0
-0.001792 13 9 0
0.004155 13 -9 0
-0.003460 13 11 0
0.000689 13 -11 0
0.001444 13 13 0
0.002261 13 -13 0
-0.000767 14 0 0
0.003046 14 2 0
0.003836 14 -2 0
0.000416 14 4 0
0.001330 14 -4 0
-0.001482 14 6 0
0.002699 14 -6 0
0.001158 14 8 0
0.000288 14 -8 0
0.004024 14 10 0
0.002267 14 -10 0
0.000743 14 12 0
-0.000927 14 -12 0
0.000108 14 14 0
0.000885 14 -14 0
-0.001926 15 1 0
-0.000517 15 -1 0
-0.002742 15 3 0
-0.000738 15 -3 0
0.003728 15 5 0
0.000170 15 -5 0
0.001359 15 7 0
0.002577 15 -7 0
-0.001086 15 9 0
0.002206 15 -9 0
-0.001557 15 11 0
0.001600 15 -11 0
0.001682 15 13 0
0.000634 15 -13 0
0.001473 15 15 0
0.000135 15 -15 0
0.000813 16 0 0
0.002722 16 2 0
0.003477 16 -2 0
-0.000545 16 4 0
-0.000848 16 -4 0
0.000615 16 6 0
0.001731 16 -6 0
0.000712 16 8 0
-0.000180 16 -8 0
0.003630 16 10 0
0.000224 16 -10 0
0.000526 16 12 0
0.000682 16 -12 0
-0.001434 16 14 0
0.002338 16 -14 0
0.001229 16 16 0
0.000189 16 -16 0
-0.000153 17 1 0
-0.001279 17 -1 0
-0.002970 17 3 0
-0.002273 17 -3 0
0.000469 17 5 0
0.000179 17 -5 0
0.001101 17 7 0
0.000550 17 -7 0
-0.000503 17 9 0
0.002615 17 -9 0
-0.001495 17 11 0
-0.001136 17 -11 0
0.000940 17 13 0
0.001358 17 -13 0
0.001780 17 15 0
-0.001653 17 -15 0
-0.000132 17 17 0
0.001848 17 -17 0
-0.000402 18 0 0
0.002529 18 2 0
0.003053 18 -2 0
0.000164 18 4 0
0.001234 18 -4 0
-0.000619 18 6 0
-0.001450 18 -6 0
0.000599 18 8 0
-0.000141 18 -8 0
0.003581 18 10 0
0.000464 18 -10 0
0.001635 18 12 0
-0.000093 18 -12 0
0.001063 18 14 0
0.001048 18 -14 0
-0.001143 18 16 0
-0.000526 18 -16 0
0.001776 18 18 0
0.002525 18 -18 0
-0.000231 19 1 0
0.000080 19 -1 0
-0.002813 19 3 0
-0.000791 19 -3 0
0.000155 19 5 0
-0.001133 19 -5 0
0.002770 19 7 0
0.002261 19 -7 0
0.000023 19 9 0
0.001103 19 -9 0
-0.000130 19 11 0
