-0.068584 1 1 0
-0.085959 1 -1 0
-0.144045 2 0 0
0.039796 2 2 0
0.008755 2 -2 0
0.181867 3 1 0
0.226657 3 -1 0
-0.039301 3 3 0
-0.005333 3 -3 0
0.050528 4 0 0
-0.175431 4 2 0
-0.046046 4 -2 0
0.002563 4 4 0
-0.003288 4 -4 0
-0.155843 5 1 0
-0.183930 5 -1 0
0.133056 5 3 0
-0.054996 5 -3 0
0.033955 5 5 0
-0.039543 5 -5 0
0.084323 6 0 0
0.305060 6 2 0
0.121912 6 -2 0
-0.065808 6 4 0
0.053169 6 -4 0
-0.033405 6 6 0
-0.043653 6 -6 0
0.040749 7 1 0
0.097451 7 -1 0
-0.206100 7 3 0
0.058952 7 -3 0
0.037976 7 5 0
-0.094573 7 -5 0
0.061122 7 7 0
0.007501 7 -7 0
-0.067397 8 0 0
-0.148638 8 2 0
-0.033137 8 -2 0
0.064494 8 4 0
-0.111741 8 -4 0
-0.016683 8 6 0
-0.022230 8 -6 0
0.018888 8 8 0
0.008794 8 -8 0
0.027413 9 1 0
0.059420 9 -1 0
0.163554 9 3 0
-0.070823 9 -3 0
0.040354 9 5 0
0.027284 9 -5 0
0.044192 9 7 0
0.000723 9 -7 0
-0.058759 9 9 0
0.027686 9 -9 0
0.056404 10 0 0
0.110204 10 2 0
0.052104 10 -2 0
-0.087670 10 4 0
0.087290 10 -4 0
-0.057141 10 6 0
-0.068469 10 -6 0
0.033235 10 8 0
0.006890 10 -8 0
0.027180 10 10 0
0.031240 10 -10 0
-0.060444 11 1 0
-0.039776 11 -1 0
-0.118040 11 3 0
0.031754 11 -3 0
0.035639 11 5 0
-0.104750 11 -5 0
0.076886 11 7 0
0.005153 11 -7 0
-0.057016 11 9 0
0.035769 11 -9 0
-0.060862 11 11 0
-0.006209 11 -11 0
0.012521 12 0 0
0.041193 12 2 0
0.019603 12 -2 0
0.042472 12 4 0
-0.088329 12 -4 0
-0.007074 12 6 0
-0.003417 12 -6 0
0.009575 12 8 0
0.019796 12 -8 0
0.016029 12 10 0
0.021965 12 -10 0
-0.003629 12 12 0
0.008553 12 -12 0
0.025496 13 1 0
0.048280 13 -1 0
0.035829 13 3 0
-0.024169 13 -3 0
0.023255 13 5 0
0.025028 13 -5 0
0.020133 13 7 0
-0.003112 13 -7 0
-0.044398 13 9 0
0.008894 13 -9 0
-0.040555 13 11 0
-0.004801 13 -11 0
0.007280 13 13 0
0.008197 13 -13 0
-0.007292 14 0 0
-0.006200 14 2 0
0.013759 14 -2 0
-0.038318 14 4 0
0.037662 14 -4 0
-0.038156 14 6 0
-0.053706 14 -6 0
0.031118 14 8 0
-0.000970 14 -8 0
0.023455 14 10 0
0.029249 14 -10 0
-0.004733 14 12 0
0.007690 14 -12 0
-0.012675 14 14 0
0.001848 14 -14 0
-0.007130 15 1 0
0.008695 15 -1 0
-0.011669 15 3 0
-0.005743 15 -3 0
0.018164 15 5 0
-0.061485 15 -5 0
0.047357 15 7 0
0.007095 15 -7 0
-0.035376 15 9 0
0.027167 15 -9 0
-0.037137 15 11 0
-0.004279 15 -11 0
0.005310 15 13 0
0.000957 15 -13 0
0.008421 15 15 0
0.004487 15 -15 0
0.017044 16 0 0
0.033647 16 2 0
0.010656 16 -2 0
0.008107 16 4 0
-0.025658 16 -4 0
-0.001937 16 6 0
0.004189 16 -6 0
0.002506 16 8 0
0.008933 16 -8 0
0.004858 16 10 0
0.005873 16 -10 0
0.002039 16 12 0
0.005016 16 -12 0
-0.007546 16 14 0
0.004208 16 -14 0
0.002906 16 16 0
0.007138 16 -16 0
-0.006594 17 1 0
-0.003652 17 -1 0
-0.010569 17 3 0
-0.001518 17 -3 0
0.009326 17 5 0
0.010091 17 -5 0
0.005070 17 7 0
-0.006262 17 -7 0
-0.016794 17 9 0
0.001580 17 -9 0
-0.013490 17 11 0
-0.002734 17 -11 0
-0.000997 17 13 0
0.004647 17 -13 0
0.002399 17 15 0
0.000449 17 -15 0
-0.004372 17 17 0
0.000563 17 -17 0
-0.000882 18 0 0
0.000278 18 2 0
0.008988 18 -2 0
-0.005556 18 4 0
0.001555 18 -4 0
-0.016968 18 6 0
-0.026527 18 -6 0
0.015810 18 8 0
-0.000321 18 -8 0
0.010522 18 10 0
0.015114 18 -10 0
-0.002908 18 12 0
0.003914 18 -12 0
-0.001903 18 14 0
-0.000228 18 -14 0
0.002183 18 16 0
0.004109 18 -16 0
0.002170 18 18 0
-0.000905 18 -18 0
0.006930 19 1 0
0.011453 19 -1 0
0.001324 19 3 0
-0.008269 19 -3 0
0.002195 19 5 0
-0.016274 19 -5 0
0.019957 19 7 0
0.008201 19 -7 0
-0.014661 19 9 0
0.007410 19 -9 0
-0.015423 19 11 0
