0.017994 1 1 0
-0.084156 1 -1 0
-0.137962 2 0 0
0.047834 2 2 0
0.027785 2 -2 0
0.177663 3 1 0
0.211509 3 -1 0
-0.029944 3 3 0
0.015958 3 -3 0
0.048802 4 0 0
-0.178956 4 2 0
-0.057477 4 -2 0
0.012745 4 4 0
0.000299 4 -4 0
-0.149598 5 1 0
-0.194571 5 -1 0
0.135500 5 3 0
-0.042378 5 -3 0
0.031869 5 5 0
-0.041320 5 -5 0
0.080540 6 0 0
0.290683 6 2 0
0.121111 6 -2 0
-0.063807 6 4 0
0.068191 6 -4 0
-0.023143 6 6 0
-0.039182 6 -6 0
0.060721 7 1 0
0.073446 7 -1 0
-0.216796 7 3 0
0.083897 7 -3 0
0.044621 7 5 0
-0.098557 7 -5 0
0.096143 7 7 0
0.005674 7 -7 0
-0.075775 8 0 0
-0.153883 8 2 0
-0.032739 8 -2 0
0.069190 8 4 0
-0.105550 8 -4 0
-0.003149 8 6 0
-0.021736 8 -6 0
0.026906 8 8 0
-0.006285 8 -8 0
0.036377 9 1 0
0.044112 9 -1 0
0.165116 9 3 0
-0.054661 9 -3 0
0.046580 9 5 0
0.024910 9 -5 0
0.083675 9 7 0
0.000189 9 -7 0
-0.035111 9 9 0
0.037000 9 -9 0
0.050969 10 0 0
0.100125 10 2 0
0.048204 10 -2 0
-0.080825 10 4 0
0.096656 10 -4 0
-0.047512 10 6 0
-0.067012 10 -6 0
0.041460 10 8 0
-0.016131 10 -8 0
0.020234 10 10 0
0.021831 10 -10 0
-0.047196 11 1 0
-0.055291 11 -1 0
-0.121178 11 3 0
0.050147 11 -3 0
0.041538 11 5 0
-0.105722 11 -5 0
0.109646 11 7 0
0.009489 11 -7 0
-0.032992 11 9 0
0.046579 11 -9 0
-0.045374 11 11 0
-0.000781 11 -11 0
0.008723 12 0 0
0.033389 12 2 0
0.017289 12 -2 0
0.045045 12 4 0
-0.083041 12 -4 0
0.003490 12 6 0
-0.004834 12 -6 0
0.015349 12 8 0
0.003928 12 -8 0
0.014903 12 10 0
0.009654 12 -10 0
-0.003025 12 12 0
0.005811 12 -12 0
0.034978 13 1 0
0.035062 13 -1 0
0.033848 13 3 0
-0.009576 13 -3 0
0.028750 13 5 0
0.022920 13 -5 0
0.047471 13 7 0
-0.000614 13 -7 0
-0.027001 13 9 0
0.017448 13 -9 0
-0.031892 13 11 0
-0.000815 13 -11 0
0.010953 13 13 0
0.018044 13 -13 0
-0.010815 14 0 0
-0.011390 14 2 0
0.013674 14 -2 0
-0.034248 14 4 0
0.042285 14 -4 0
-0.032777 14 6 0
-0.052234 14 -6 0
0.037265 14 8 0
-0.015470 14 -8 0
0.022927 14 10 0
0.022257 14 -10 0
-0.004135 14 12 0
0.006093 14 -12 0
-0.012795 14 14 0
-0.000961 14 -14 0
-0.000945 15 1 0
0.002531 15 -1 0
-0.011914 15 3 0
0.004831 15 -3 0
0.019109 15 5 0
-0.061418 15 -5 0
0.066336 15 7 0
0.006966 15 -7 0
-0.022840 15 9 0
0.033932 15 -9 0
-0.029415 15 11 0
-0.001456 15 -11 0
0.009012 15 13 0
0.008721 15 -13 0
0.004750 15 15 0
0.008335 15 -15 0
0.015124 16 0 0
0.030082 16 2 0
0.008435 16 -2 0
0.010130 16 4 0
-0.022169 16 -4 0
0.001947 16 6 0
0.002676 16 -6 0
0.006175 16 8 0
0.000955 16 -8 0
0.003451 16 10 0
-0.000697 16 -10 0
0.002493 16 12 0
0.004507 16 -12 0
-0.008284 16 14 0
0.003156 16 -14 0
0.001440 16 16 0
0.003044 16 -16 0
-0.001990 17 1 0
-0.009481 17 -1 0
-0.010802 17 3 0
0.004486 17 -3 0
0.010944 17 5 0
0.008708 17 -5 0
0.016398 17 7 0
-0.003067 17 -7 0
-0.010877 17 9 0
0.004606 17 -9 0
-0.009982 17 11 0
-0.001034 17 -11 0
0.001444 17 13 0
0.007588 17 -13 0
-0.001062 17 15 0
0.002249 17 -15 0
-0.005004 17 17 0
0.001100 17 -17 0
-0.001646 18 0 0
-0.002443 18 2 0
0.009024 18 -2 0
-0.004987 18 4 0
0.002831 18 -4 0
-0.015436 18 6 0
-0.025883 18 -6 0
0.017679 18 8 0
-0.003890 18 -8 0
0.011048 18 10 0
0.010946 18 -10 0
-0.001578 18 12 0
0.003207 18 -12 0
-0.001428 18 14 0
-0.000034 18 -14 0
0.002824 18 16 0
-0.000118 18 -16 0
0.001056 18 18 0
-0.002952 18 -18 0
0.008514 19 1 0
0.010088 19 -1 0
0.001855 19 3 0
-0.004373 19 -3 0
0.001786 19 5 0
-0.017029 19 -5 0
0.026413 19 7 0
0.006898 19 -7 0
-0.010986 19 9 0
0.009844 19 -9 0
-0.013353 19 11 0
