0.013889 1 1 0
-0.158935 1 -1 0
-0.136145 2 0 0
0.060262 2 2 0
0.038712 2 -2 0
0.180792 3 1 0
0.229575 3 -1 0
-0.020989 3 3 0
0.003517 3 -3 0
0.046392 4 0 0
-0.177396 4 2 0
-0.045101 4 -2 0
-0.010546 4 4 0
-0.010442 4 -4 0
-0.150811 5 1 0
-0.179450 5 -1 0
0.137425 5 3 0
-0.053272 5 -3 0
0.031375 5 5 0
-0.037931 5 -5 0
0.084582 6 0 0
0.303046 6 2 0
0.124942 6 -2 0
-0.073339 6 4 0
0.062896 6 -4 0
-0.038428 6 6 0
-0.047572 6 -6 0
0.049884 7 1 0
0.096831 7 -1 0
-0.207381 7 3 0
0.064206 7 -3 0
0.036052 7 5 0
-0.095948 7 -5 0
0.065512 7 7 0
0.012591 7 -7 0
-0.068840 8 0 0
-0.149845 8 2 0
-0.027991 8 -2 0
0.052222 8 4 0
-0.106580 8 -4 0
-0.029897 8 6 0
-0.027396 8 -6 0
0.016055 8 8 0
-0.000300 8 -8 0
0.033901 9 1 0
0.060347 9 -1 0
0.167546 9 3 0
-0.067938 9 -3 0
0.037130 9 5 0
0.025733 9 -5 0
0.055335 9 7 0
0.007477 9 -7 0
-0.042940 9 9 0
0.032483 9 -9 0
0.055652 10 0 0
0.109958 10 2 0
0.053003 10 -2 0
-0.095277 10 4 0
0.091980 10 -4 0
-0.068388 10 6 0
-0.069285 10 -6 0
0.031653 10 8 0
-0.004760 10 -8 0
0.016414 10 10 0
0.019257 10 -10 0
-0.053803 11 1 0
-0.038033 11 -1 0
-0.115145 11 3 0
0.034349 11 -3 0
0.037040 11 5 0
-0.103730 11 -5 0
0.083374 11 7 0
0.012256 11 -7 0
-0.039043 11 9 0
0.043402 11 -9 0
-0.046736 11 11 0
-0.012265 11 -11 0
0.012180 12 0 0
0.040303 12 2 0
0.020999 12 -2 0
0.035728 12 4 0
-0.083864 12 -4 0
-0.017244 12 6 0
-0.007384 12 -6 0
0.005793 12 8 0
0.011717 12 -8 0
0.008834 12 10 0
0.009259 12 -10 0
0.003523 12 12 0
0.001869 12 -12 0
0.031081 13 1 0
0.046426 13 -1 0
0.039684 13 3 0
-0.020635 13 -3 0
0.024571 13 5 0
0.026295 13 -5 0
0.027111 13 7 0
0.002983 13 -7 0
-0.030088 13 9 0
0.013905 13 -9 0
-0.030719 13 11 0
-0.004895 13 -11 0
0.007561 13 13 0
0.010002 13 -13 0
-0.008144 14 0 0
-0.006157 14 2 0
0.015000 14 -2 0
-0.042263 14 4 0
0.041212 14 -4 0
-0.045887 14 6 0
-0.054359 14 -6 0
0.031126 14 8 0
-0.010315 14 -8 0
0.019173 14 10 0
0.020608 14 -10 0
0.001100 14 12 0
-0.000751 14 -12 0
-0.007910 14 14 0
0.001311 14 -14 0
-0.003418 15 1 0
0.008781 15 -1 0
-0.008142 15 3 0
-0.004777 15 -3 0
0.019534 15 5 0
-0.060303 15 -5 0
0.054316 15 7 0
0.009308 15 -7 0
-0.026094 15 9 0
0.032265 15 -9 0
-0.030861 15 11 0
-0.004850 15 -11 0
0.005611 15 13 0
0.003187 15 -13 0
0.006560 15 15 0
0.008395 15 -15 0
0.017203 16 0 0
0.033833 16 2 0
0.010557 16 -2 0
0.006069 16 4 0
-0.023831 16 -4 0
-0.005759 16 6 0
0.003184 16 -6 0
0.001015 16 8 0
0.004905 16 -8 0
0.003196 16 10 0
-0.000416 16 -10 0
0.006281 16 12 0
0.002788 16 -12 0
-0.003790 16 14 0
0.004956 16 -14 0
0.016877 16 16 0
0.003452 16 -16 0
-0.003712 17 1 0
-0.004300 17 -1 0
-0.007749 17 3 0
0.000232 17 -3 0
0.010368 17 5 0
0.010387 17 -5 0
0.007004 17 7 0
-0.001728 17 -7 0
-0.010866 17 9 0
0.003672 17 -9 0
-0.011934 17 11 0
-0.001478 17 -11 0
-0.000792 17 13 0
0.003761 17 -13 0
0.001393 17 15 0
-0.000020 17 -15 0
-0.001410 17 17 0
0.001909 17 -17 0
-0.000752 18 0 0
0.000504 18 2 0
0.010334 18 -2 0
-0.005985 18 4 0
0.003847 18 -4 0
-0.019026 18 6 0
-0.026147 18 -6 0
0.016137 18 8 0
-0.003152 18 -8 0
0.008909 18 10 0
0.011501 18 -10 0
-0.000580 18 12 0
0.001408 18 -12 0
-0.000046 18 14 0
0.002145 18 -14 0
0.009727 18 16 0
0.002304 18 -16 0
0.006797 18 18 0
-0.001462 18 -18 0
0.008356 19 1 0
0.010268 19 -1 0
0.002566 19 3 0
-0.009117 19 -3 0
0.003961 19 5 0
-0.015845 19 -5 0
0.023461 19 7 0
0.007859 19 -7 0
-0.010127 19 9 0
0.009468 19 -9 0
-0.014227 19 11 0
