-0.049428 1 1 0
-0.177921 1 -1 0
0.084456 2 0 0
-0.012148 2 2 0
-0.027396 2 -2 0
-0.118135 3 1 0
0.139633 3 -1 0
0.007000 3 3 0
-0.016335 3 -3 0
0.007324 4 0 0
-0.143230 4 2 0
0.020870 4 -2 0
-0.039421 4 4 0
-0.011635 4 -4 0
0.115272 5 1 0
-0.071185 5 -1 0
-0.089193 5 3 0
-0.065928 5 -3 0
0.009486 5 5 0
-0.035961 5 -5 0
0.019875 6 0 0
0.159754 6 2 0
0.032334 6 -2 0
-0.046939 6 4 0
-0.066305 6 -4 0
-0.043261 6 6 0
-0.022265 6 -6 0
-0.106973 7 1 0
0.146941 7 -1 0
0.067178 7 3 0
0.068150 7 -3 0
0.027151 7 5 0
-0.044526 7 -5 0
0.005278 7 7 0
-0.003772 7 -7 0
0.099449 8 0 0
-0.180972 8 2 0
0.043844 8 -2 0
-0.039618 8 4 0
0.046166 8 -4 0
-0.051263 8 6 0
-0.009934 8 -6 0
-0.017252 8 8 0
0.012439 8 -8 0
-0.015905 9 1 0
0.044111 9 -1 0
-0.107321 9 3 0
-0.091887 9 -3 0
-0.016492 9 5 0
-0.001753 9 -5 0
0.005972 9 7 0
-0.006220 9 -7 0
-0.002500 9 9 0
-0.021273 9 -9 0
0.002871 10 0 0
0.074602 10 2 0
0.022167 10 -2 0
-0.045440 10 4 0
-0.079171 10 -4 0
-0.073050 10 6 0
-0.009659 10 -6 0
-0.007670 10 8 0
0.021727 10 -8 0
0.042588 10 10 0
-0.027736 10 -10 0
-0.002734 11 1 0
0.025899 11 -1 0
0.047188 11 3 0
0.044806 11 -3 0
0.033086 11 5 0
-0.047546 11 -5 0
-0.007989 11 7 0
-0.014410 11 -7 0
-0.006513 11 9 0
-0.014324 11 -9 0
0.021333 11 11 0
-0.012044 11 -11 0
0.046380 12 0 0
-0.045114 12 2 0
0.026759 12 -2 0
-0.026772 12 4 0
0.036522 12 -4 0
-0.022635 12 6 0
-0.008708 12 -6 0
-0.006355 12 8 0
0.002376 12 -8 0
0.029716 12 10 0
-0.018960 12 -10 0
0.021499 12 12 0
-0.023154 12 -12 0
-0.040675 13 1 0
0.064276 13 -1 0
-0.051719 13 3 0
-0.044233 13 -3 0
-0.008404 13 5 0
0.001721 13 -5 0
0.011588 13 7 0
0.002988 13 -7 0
0.000269 13 9 0
-0.019858 13 -9 0
0.014374 13 11 0
-0.014557 13 -11 0
-0.006008 13 13 0
0.005373 13 -13 0
0.029160 14 0 0
-0.013612 14 2 0
0.012709 14 -2 0
-0.023174 14 4 0
-0.050260 14 -4 0
-0.044953 14 6 0
-0.005494 14 -6 0
-0.003718 14 8 0
0.022112 14 -8 0
0.034697 14 10 0
-0.014447 14 -10 0
0.020152 14 12 0
-0.018819 14 -12 0
0.007859 14 14 0
-0.004248 14 -14 0
-0.004151 15 1 0
0.014163 15 -1 0
0.006572 15 3 0
0.006750 15 -3 0
0.023093 15 5 0
-0.030573 15 -5 0
-0.007316 15 7 0
-0.011000 15 -7 0
-0.011411 15 9 0
-0.005022 15 -9 0
0.015968 15 11 0
-0.001978 15 -11 0
0.001400 15 13 0
0.000063 15 -13 0
-0.004391 15 15 0
0.003619 15 -15 0
0.006750 16 0 0
0.001828 16 2 0
0.007294 16 -2 0
-0.009842 16 4 0
0.013278 16 -4 0
-0.006085 16 6 0
-0.005509 16 -6 0
-0.000772 16 8 0
-0.001402 16 -8 0
0.011814 16 10 0
-0.009779 16 -10 0
0.011220 16 12 0
-0.008939 16 -12 0
0.008197 16 14 0
0.000237 16 -14 0
0.010785 16 16 0
0.016029 16 -16 0
-0.008283 17 1 0
0.013510 17 -1 0
-0.010599 17 3 0
-0.010992 17 -3 0
-0.004304 17 5 0
0.002310 17 -5 0
0.006483 17 7 0
0.000618 17 -7 0
0.003078 17 9 0
-0.011501 17 -9 0
0.004997 17 11 0
-0.008484 17 -11 0
-0.001751 17 13 0
0.000652 17 -13 0
-0.003543 17 15 0
0.001805 17 -15 0
-0.003298 17 17 0
0.001645 17 -17 0
0.011207 18 0 0
-0.011279 18 2 0
0.001072 18 -2 0
-0.004909 18 4 0
-0.014823 18 -4 0
-0.015120 18 6 0
-0.003909 18 -6 0
0.000408 18 8 0
0.009801 18 -8 0
0.016724 18 10 0
-0.004102 18 -10 0
0.008076 18 12 0
-0.006944 18 -12 0
0.004868 18 14 0
-0.000677 18 -14 0
0.004546 18 16 0
0.008171 18 -16 0
0.004965 18 18 0
0.002195 18 -18 0
-0.008213 19 1 0
0.009622 19 -1 0
-0.004150 19 3 0
-0.004417 19 -3 0
0.010345 19 5 0
-0.008040 19 -5 0
-0.002784 19 7 0
-0.002246 19 -7 0
-0.006912 19 9 0
-0.000555 19 -9 0
0.005528 19 11 0
