0.041675 1 1 0
-0.072824 1 -1 0
0.119680 2 0 0
0.025584 2 2 0
0.000399 2 -2 0
-0.137691 3 1 0
0.137645 3 -1 0
-0.003435 3 3 0
-0.022702 3 -3 0
-0.011462 4 0 0
-0.131301 4 2 0
0.013130 4 -2 0
-0.005690 4 4 0
-0.031573 4 -4 0
0.135797 5 1 0
-0.097721 5 -1 0
-0.067273 5 3 0
-0.060495 5 -3 0
0.036203 5 5 0
-0.023458 5 -5 0
0.016332 6 0 0
0.173796 6 2 0
0.018692 6 -2 0
-0.029741 6 4 0
-0.053332 6 -4 0
-0.035148 6 6 0
-0.011398 6 -6 0
-0.102942 7 1 0
0.133182 7 -1 0
0.081059 7 3 0
0.073794 7 -3 0
0.034238 7 5 0
-0.038481 7 -5 0
0.024326 7 7 0
0.003127 7 -7 0
0.089153 8 0 0
-0.164924 8 2 0
0.026163 8 -2 0
-0.020758 8 4 0
0.045171 8 -4 0
-0.051759 8 6 0
-0.006978 8 -6 0
-0.014176 8 8 0
0.001980 8 -8 0
-0.002879 9 1 0
0.024472 9 -1 0
-0.088574 9 3 0
-0.087953 9 -3 0
0.002258 9 5 0
0.006187 9 -5 0
0.021207 9 7 0
0.002096 9 -7 0
0.002959 9 9 0
-0.019477 9 -9 0
-0.000441 10 0 0
0.088834 10 2 0
0.012878 10 -2 0
-0.027624 10 4 0
-0.078449 10 -4 0
-0.069688 10 6 0
-0.003630 10 -6 0
-0.008590 10 8 0
0.015701 10 -8 0
0.055328 10 10 0
-0.030710 10 -10 0
0.003277 11 1 0
0.014059 11 -1 0
0.063429 11 3 0
0.050250 11 -3 0
0.044527 11 5 0
-0.042527 11 -5 0
0.003896 11 7 0
-0.007491 11 -7 0
-0.001905 11 9 0
-0.013094 11 -9 0
0.028318 11 11 0
-0.007079 11 -11 0
0.041659 12 0 0
-0.035722 12 2 0
0.015546 12 -2 0
-0.013735 12 4 0
0.035775 12 -4 0
-0.022256 12 6 0
-0.004551 12 -6 0
-0.007316 12 8 0
-0.004045 12 -8 0
0.045491 12 10 0
-0.021474 12 -10 0
0.019066 12 12 0
-0.018587 12 -12 0
-0.036105 13 1 0
0.053137 13 -1 0
-0.042160 13 3 0
-0.040362 13 -3 0
0.003191 13 5 0
0.007208 13 -5 0
0.021224 13 7 0
0.009186 13 -7 0
0.003089 13 9 0
-0.020243 13 -9 0
0.022028 13 11 0
-0.008217 13 -11 0
-0.009077 13 13 0
0.005264 13 -13 0
0.026446 14 0 0
-0.006784 14 2 0
0.008170 14 -2 0
-0.015535 14 4 0
-0.048928 14 -4 0
-0.043008 14 6 0
-0.004343 14 -6 0
-0.003907 14 8 0
0.016703 14 -8 0
0.040441 14 10 0
-0.015611 14 -10 0
0.015001 14 12 0
-0.014892 14 -12 0
0.001667 14 14 0
-0.007149 14 -14 0
0.000775 15 1 0
0.006326 15 -1 0
0.014077 15 3 0
0.011025 15 -3 0
0.030398 15 5 0
-0.026324 15 -5 0
0.001819 15 7 0
-0.005560 15 -7 0
-0.009647 15 9 0
-0.003963 15 -9 0
0.018119 15 11 0
-0.001636 15 -11 0
0.000504 15 13 0
0.001610 15 -13 0
-0.005156 15 15 0
0.004598 15 -15 0
0.006380 16 0 0
0.007463 16 2 0
0.004440 16 -2 0
-0.006410 16 4 0
0.013873 16 -4 0
-0.007796 16 6 0
-0.004104 16 -6 0
-0.003439 16 8 0
-0.003336 16 -8 0
0.015529 16 10 0
-0.009989 16 -10 0
0.007178 16 12 0
-0.007822 16 -12 0
0.004257 16 14 0
-0.002013 16 -14 0
0.009159 16 16 0
0.015665 16 -16 0
-0.006472 17 1 0
0.011224 17 -1 0
-0.006287 17 3 0
-0.007917 17 -3 0
-0.000195 17 5 0
0.003551 17 -5 0
0.008081 17 7 0
0.002439 17 -7 0
0.003039 17 9 0
-0.013112 17 -9 0
0.007880 17 11 0
-0.005939 17 -11 0
-0.001892 17 13 0
0.000993 17 -13 0
-0.000652 17 15 0
0.002232 17 -15 0
-0.003818 17 17 0
0.000527 17 -17 0
0.012078 18 0 0
-0.010601 18 2 0
0.001059 18 -2 0
-0.002948 18 4 0
-0.013680 18 -4 0
-0.015304 18 6 0
-0.002533 18 -6 0
-0.000584 18 8 0
0.006991 18 -8 0
0.019556 18 10 0
-0.004626 18 -10 0
0.004005 18 12 0
-0.005222 18 -12 0
0.002162 18 14 0
-0.002686 18 -14 0
0.001651 18 16 0
0.006979 18 -16 0
0.007217 18 18 0
0.002703 18 -18 0
-0.006474 19 1 0
0.008720 19 -1 0
-0.001499 19 3 0
-0.002761 19 -3 0
0.013694 19 5 0
-0.006802 19 -5 0
-0.000361 19 7 0
-0.000996 19 -7 0
-0.006573 19 9 0
-0.001376 19 -9 0
0.006836 19 11 0
