0.148460 1 1 0
0.003145 1 -1 0
0.072685 2 0 0
0.012164 2 2 0
0.015577 2 -2 0
-0.139003 3 1 0
0.133195 3 -1 0
-0.034045 3 3 0
-0.006539 3 -3 0
-0.015953 4 0 0
-0.111609 4 2 0
-0.000588 4 -2 0
-0.005572 4 4 0
-0.028916 4 -4 0
0.114451 5 1 0
-0.102055 5 -1 0
-0.062471 5 3 0
-0.054155 5 -3 0
0.030382 5 5 0
-0.014793 5 -5 0
0.005274 6 0 0
0.181164 6 2 0
0.003524 6 -2 0
-0.031122 6 4 0
-0.065614 6 -4 0
-0.030490 6 6 0
-0.015580 6 -6 0
-0.108867 7 1 0
0.124501 7 -1 0
0.078019 7 3 0
0.070046 7 -3 0
0.030470 7 5 0
-0.025430 7 -5 0
0.018127 7 7 0
-0.003107 7 -7 0
0.073040 8 0 0
-0.162938 8 2 0
0.014884 8 -2 0
-0.014559 8 4 0
0.038756 8 -4 0
-0.041525 8 6 0
-0.011456 8 -6 0
0.014973 8 8 0
0.021957 8 -8 0
-0.009427 9 1 0
0.018197 9 -1 0
-0.095904 9 3 0
-0.089292 9 -3 0
-0.001773 9 5 0
0.012860 9 -5 0
0.017917 9 7 0
-0.004221 9 -7 0
-0.006624 9 9 0
-0.028571 9 -9 0
-0.013389 10 0 0
0.100270 10 2 0
0.001773 10 -2 0
-0.023616 10 4 0
-0.083919 10 -4 0
-0.059284 10 6 0
-0.006895 10 -6 0
0.014402 10 8 0
0.030915 10 -8 0
0.050973 10 10 0
0.005407 10 -10 0
-0.004396 11 1 0
0.009612 11 -1 0
0.058960 11 3 0
0.048675 11 -3 0
0.039256 11 5 0
-0.032620 11 -5 0
0.000268 11 7 0
-0.015878 11 -7 0
-0.011089 11 9 0
-0.020204 11 -9 0
0.024190 11 11 0
-0.021236 11 -11 0
0.032886 12 0 0
-0.030011 12 2 0
0.007040 12 -2 0
-0.010473 12 4 0
0.033908 12 -4 0
-0.016508 12 6 0
-0.006174 12 -6 0
0.014888 12 8 0
0.006673 12 -8 0
0.041027 12 10 0
0.007038 12 -10 0
0.019192 12 12 0
-0.000600 12 -12 0
-0.043319 13 1 0
0.047023 13 -1 0
-0.045298 13 3 0
-0.041907 13 -3 0
-0.000171 13 5 0
0.010264 13 -5 0
0.019702 13 7 0
0.001078 13 -7 0
-0.003525 13 9 0
-0.023195 13 -9 0
0.019184 13 11 0
-0.022704 13 -11 0
0.003880 13 13 0
-0.004694 13 -13 0
0.019804 14 0 0
-0.001978 14 2 0
0.003280 14 -2 0
-0.012476 14 4 0
-0.050471 14 -4 0
-0.042326 14 6 0
-0.003558 14 -6 0
0.011869 14 8 0
0.025356 14 -8 0
0.036911 14 10 0
0.004499 14 -10 0
0.016029 14 12 0
-0.003711 14 -12 0
-0.004483 14 14 0
0.009978 14 -14 0
-0.003761 15 1 0
0.005475 15 -1 0
0.011093 15 3 0
0.008287 15 -3 0
0.028071 15 5 0
-0.021994 15 -5 0
0.001126 15 7 0
-0.011598 15 -7 0
-0.013277 15 9 0
-0.006455 15 -9 0
0.016931 15 11 0
-0.007710 15 -11 0
0.007650 15 13 0
-0.004406 15 -13 0
0.002278 15 15 0
-0.005001 15 -15 0
0.002052 16 0 0
0.009558 16 2 0
0.001390 16 -2 0
-0.006333 16 4 0
0.013119 16 -4 0
-0.005983 16 6 0
-0.005268 16 -6 0
0.006865 16 8 0
0.000072 16 -8 0
0.012466 16 10 0
-0.000389 16 -10 0
0.009135 16 12 0
-0.002689 16 -12 0
-0.001486 16 14 0
0.006248 16 -14 0
0.012993 16 16 0
0.011861 16 -16 0
-0.008119 17 1 0
0.010815 17 -1 0
-0.008156 17 3 0
-0.010089 17 -3 0
0.000257 17 5 0
0.005919 17 -5 0
0.007725 17 7 0
-0.000039 17 -7 0
0.003276 17 9 0
-0.011784 17 -9 0
0.007075 17 11 0
-0.009944 17 -11 0
0.004485 17 13 0
0.000770 17 -13 0
0.001788 17 15 0
-0.003169 17 -15 0
0.000881 17 17 0
0.002407 17 -17 0
0.009929 18 0 0
-0.008691 18 2 0
0.000101 18 -2 0
-0.001575 18 4 0
-0.013788 18 -4 0
-0.017428 18 6 0
-0.002165 18 -6 0
0.004638 18 8 0
0.007946 18 -8 0
0.017430 18 10 0
0.002646 18 -10 0
0.005395 18 12 0
-0.003834 18 -12 0
-0.000249 18 14 0
0.002463 18 -14 0
0.005715 18 16 0
0.004920 18 -16 0
0.006978 18 18 0
-0.000783 18 -18 0
-0.007800 19 1 0
0.007438 19 -1 0
-0.002732 19 3 0
-0.003993 19 -3 0
0.012694 19 5 0
-0.007168 19 -5 0
0.001575 19 7 0
-0.002011 19 -7 0
-0.006043 19 9 0
-0.000552 19 -9 0
0.007487 19 11 0
